1 1
1 6
1 10
1 14
1 18
1 22
1 26
1 30
1 34
1 38
1 42
1 46
1 50
1 54
1 58
1 62
1 66
1 70
1 74
1 78
1 82
1 86
1 90
1 94
1 98
3 4
3 8
3 12
3 16
3 20
3 24
3 28
3 32
3 36
3 40
3 44
3 48
3 52
3 56
3 60
3 64
3 68
3 72
3 76
3 80
3 84
3 88
3 92
3 96
3 100
5 2
5 6
5 10
5 14
5 18
5 22
5 26
5 30
5 34
5 38
5 42
5 46
5 50
5 54
5 58
5 62
5 66
5 70
5 74
5 78
5 82
5 86
5 90
5 94
5 98
7 4
7 8
7 12
7 16
7 20
7 24
7 28
7 32
7 36
7 40
7 44
7 48
7 52
7 56
7 60
7 64
7 68
7 72
7 76
7 80
7 84
7 88
7 92
7 96
7 100
9 1
9 6
9 10
9 14
9 18
9 22
9 26
9 30
9 34
9 38
9 42
9 46
9 50
9 54
9 58
9 62
9 66
9 70
9 74
9 78
9 82
9 86
9 90
9 94
9 98
11 4
11 8
11 12
11 16
11 20
11 24
11 28
11 32
11 36
11 40
11 44
11 48
11 52
11 56
11 60
11 64
11 68
11 72
11 76
11 80
11 84
11 88
11 92
11 96
11 100
13 2
13 6
13 10
13 14
13 18
13 22
13 26
13 30
13 34
13 38
13 42
13 46
13 50
13 54
13 58
13 62
13 66
13 70
13 74
13 78
13 82
13 86
13 90
13 94
13 98
15 4
15 8
15 12
15 16
15 20
15 24
15 28
15 32
15 36
15 40
15 44
15 48
15 52
15 56
15 60
15 64
15 68
15 72
15 76
15 80
15 84
15 88
15 92
15 96
15 100
17 1
17 6
17 10
17 14
17 18
17 22
17 26
17 30
17 34
17 38
17 42
17 46
17 50
17 54
17 58
17 62
17 66
17 70
17 74
17 78
17 82
17 86
17 90
17 94
17 98
19 4
19 8
19 12
19 16
19 20
19 24
19 28
19 32
19 36
19 40
19 44
19 48
19 52
19 56
19 60
19 64
19 68
19 72
19 76
19 80
19 84
19 88
19 92
19 96
19 100
21 2
21 6
21 10
21 14
21 18
21 22
21 26
21 30
21 34
21 38
21 42
21 46
21 50
21 54
21 58
21 62
21 66
21 70
21 74
21 78
21 82
21 86
21 90
21 94
21 98
23 4
23 8
23 12
23 16
23 20
23 24
23 28
23 32
23 36
23 40
23 44
23 48
23 52
23 56
23 60
23 64
23 68
23 72
23 76
23 80
23 84
23 88
23 92
23 96
23 100
25 1
25 6
25 10
25 14
25 18
25 22
25 26
25 30
25 34
25 38
25 42
25 46
25 50
25 54
25 58
25 62
25 66
25 70
25 74
25 78
25 82
25 86
25 90
25 94
25 98
27 4
27 8
27 12
27 16
27 20
27 24
27 28
27 32
27 36
27 40
27 44
27 48
27 52
27 56
27 60
27 64
27 68
27 72
27 76
27 80
27 84
27 88
27 92
27 96
27 100
29 2
29 6
29 10
29 14
29 18
29 22
29 26
29 30
29 34
29 38
29 42
29 46
29 50
29 54
29 58
29 62
29 66
29 70
29 74
29 78
29 82
29 86
29 90
29 94
29 98
31 4
31 8
31 12
31 16
31 20
31 24
31 28
31 32
31 36
31 40
31 44
31 48
31 52
31 56
31 60
31 64
31 68
31 72
31 76
31 80
31 84
31 88
31 92
31 96
31 100
33 1
33 6
33 10
33 14
33 18
33 22
33 26
33 30
33 34
33 38
33 42
33 46
33 50
33 54
33 58
33 62
33 66
33 70
33 74
33 78
33 82
33 86
33 90
33 94
33 98
35 4
35 8
35 12
35 16
35 20
35 24
35 28
35 32
35 36
35 40
35 44
35 48
35 52
35 56
35 60
35 64
35 68
35 72
35 76
35 80
35 84
35 88
35 92
35 96
35 100
37 2
37 6
37 10
37 14
37 18
37 22
37 26
37 30
37 34
37 38
37 42
37 46
37 50
37 54
37 58
37 62
37 66
37 70
37 74
37 78
37 82
37 86
37 90
37 94
37 98
39 4
39 8
39 12
39 16
39 20
39 24
39 28
39 32
39 36
39 40
39 44
39 48
39 52
39 56
39 60
39 64
39 68
39 72
39 76
39 80
39 84
39 88
39 92
39 96
39 100
41 1
41 6
41 10
41 14
41 18
41 22
41 26
41 30
41 34
41 38
41 42
41 46
41 50
41 54
41 58
41 62
41 66
41 70
41 74
41 78
41 82
41 86
41 90
41 94
41 98
43 4
43 8
43 12
43 16
43 20
43 24
43 28
43 32
43 36
43 40
43 44
43 48
43 52
43 56
43 60
43 64
43 68
43 72
43 76
43 80
43 84
43 88
43 92
43 96
43 100
45 2
45 6
45 10
45 14
45 18
45 22
45 26
45 30
45 34
45 38
45 42
45 46
45 50
45 54
45 58
45 62
45 66
45 70
45 74
45 78
45 82
45 86
45 90
45 94
45 98
47 4
47 8
47 12
47 16
47 20
47 24
47 28
47 32
47 36
47 40
47 44
47 48
47 52
47 56
47 60
47 64
47 68
47 72
47 76
47 80
47 84
47 88
47 92
47 96
47 100
49 1
49 6
49 10
49 14
49 18
49 22
49 26
49 30
49 34
49 38
49 42
49 46
49 50
49 54
49 58
49 62
49 66
49 70
49 74
49 78
49 82
49 86
49 90
49 94
49 98
51 4
51 8
51 12
51 16
51 20
51 24
51 28
51 32
51 36
51 40
51 44
51 48
51 52
51 56
51 60
51 64
51 68
51 72
51 76
51 80
51 84
51 88
51 92
51 96
51 100
53 2
53 6
53 10
53 14
53 18
53 22
53 26
53 30
53 34
53 38
53 42
53 46
53 50
53 54
53 58
53 62
53 66
53 70
53 74
53 78
53 82
53 86
53 90
53 94
53 98
55 4
55 8
55 12
55 16
55 20
55 24
55 28
55 32
55 36
55 40
55 44
55 48
55 52
55 56
55 60
55 64
55 68
55 72
55 76
55 80
55 84
55 88
55 92
55 96
55 100
57 1
57 6
57 10
57 14
57 18
57 22
57 26
57 30
57 34
57 38
57 42
57 46
57 50
57 54
57 58
57 62
57 66
57 70
57 74
57 78
57 82
57 86
57 90
57 94
57 98
59 4
59 8
59 12
59 16
59 20
59 24
59 28
59 32
59 36
59 40
59 44
59 48
59 52
59 56
59 60
59 64
59 68
59 72
59 76
59 80
59 84
59 88
59 92
59 96
59 100
61 2
61 6
61 10
61 14
61 18
61 22
61 26
61 30
61 34
61 38
61 42
61 46
61 50
61 54
61 58
61 62
61 66
61 70
61 74
61 78
61 82
61 86
61 90
61 94
61 98
63 3
63 7
63 11
63 15
63 19
63 27
63 31
63 35
63 39
63 43
63 51
63 55
63 59
63 63
63 67
63 75
63 79
63 83
63 87
63 91
63 99
65 24
65 48
65 72
65 96
66 1
66 7
66 13
66 19
66 31
66 37
66 43
66 55
66 61
66 67
66 79
66 85
66 91
70 4
70 10
70 16
70 22
70 28
70 34
70 40
70 46
70 52
70 58
70 64
70 70
70 76
70 82
70 88
70 94
70 100
73 1
73 7
73 13
73 19
73 25
73 31
73 37
73 43
73 49
73 55
73 61
73 67
73 73
73 79
73 85
73 91
73 97
76 4
76 10
76 16
76 22
76 28
76 34
76 40
76 46
76 52
76 58
76 64
76 70
76 76
76 82
76 88
76 94
76 100
79 1
79 7
79 13
79 19
79 25
79 31
79 37
79 43
79 49
79 55
79 61
79 67
79 73
79 79
79 85
79 91
79 97
82 4
82 10
82 16
82 22
82 28
82 34
82 40
82 46
82 52
82 58
82 64
82 70
82 76
82 82
82 88
82 94
82 100
85 1
85 7
85 13
85 19
85 25
85 31
85 37
85 43
85 49
85 55
85 61
85 67
85 73
85 79
85 85
85 91
85 97
88 4
88 10
88 16
88 22
88 28
88 34
88 40
88 46
88 52
88 58
88 64
88 70
88 76
88 82
88 88
88 94
88 100
91 1
91 7
91 13
91 19
91 25
91 31
91 37
91 43
91 49
91 55
91 61
91 67
91 73
91 79
91 85
91 91
91 97
94 4
94 10
94 16
94 22
94 28
94 34
94 40
94 46
94 52
94 58
94 64
94 70
94 76
94 82
94 88
94 94
94 100
97 1
97 7
97 13
97 19
97 25
97 31
97 37
97 43
97 49
97 55
97 61
97 67
97 73
97 79
97 85
97 91
97 97
100 4
100 10
100 16
100 22
100 28
100 34
100 40
100 46
100 52
100 58
100 64
100 70
100 76
100 82
100 88
100 94
100 100
