554 1
554 11
554 21
554 31
554 41
554 51
554 61
554 71
554 81
554 91
554 101
554 111
554 121
554 131
554 141
554 151
554 161
554 171
554 181
554 191
554 201
554 211
554 221
554 231
554 241
554 251
554 261
554 271
554 281
554 291
554 301
554 311
554 321
554 331
554 341
554 351
554 361
554 371
554 381
554 391
554 401
554 411
554 421
554 431
554 441
554 451
554 461
554 471
554 481
554 491
554 501
554 511
554 521
554 531
554 541
554 551
554 561
554 571
554 581
554 591
554 601
554 611
554 621
554 631
554 641
554 651
554 661
554 671
554 681
554 691
554 701
554 711
554 721
554 731
554 741
554 751
554 761
554 771
554 781
554 791
554 801
554 811
554 821
554 831
554 841
554 851
554 861
554 871
554 881
554 891
554 901
554 911
554 921
554 931
554 941
554 951
554 961
554 971
554 981
554 991
559 6
559 16
559 26
559 36
559 46
559 56
559 66
559 76
559 86
559 96
559 106
559 116
559 126
559 136
559 146
559 156
559 166
559 176
559 186
559 196
559 206
559 216
559 226
559 236
559 246
559 256
559 266
559 276
559 286
559 296
559 306
559 316
559 326
559 336
559 346
559 356
559 366
559 376
559 386
559 396
559 406
559 416
559 426
559 436
559 446
559 456
559 466
559 476
559 486
559 496
559 506
559 516
559 526
559 536
559 546
559 556
559 566
559 576
559 586
559 596
559 606
559 616
559 626
559 636
559 646
559 656
559 666
559 676
559 686
559 696
559 706
559 716
559 726
559 736
559 746
559 756
559 766
559 776
559 786
559 796
559 806
559 816
559 826
559 836
559 846
559 856
559 866
559 876
559 886
559 896
559 906
559 916
559 926
559 936
559 946
559 956
559 966
559 976
559 986
559 996
563 1
563 11
563 21
563 31
563 41
563 51
563 61
563 71
563 81
563 91
563 101
563 111
563 121
563 131
563 141
563 151
563 161
563 171
563 181
563 191
563 201
563 211
563 221
563 231
563 241
563 251
563 261
563 271
563 281
563 291
563 301
563 311
563 321
563 331
563 341
563 351
563 361
563 371
563 381
563 391
563 401
563 411
563 421
563 431
563 441
563 451
563 461
563 471
563 481
563 491
563 501
563 511
563 521
563 531
563 541
563 551
563 561
563 571
563 581
563 591
563 601
563 611
563 621
563 631
563 641
563 651
563 661
563 671
563 681
563 691
563 701
563 711
563 721
563 731
563 741
563 751
563 761
563 771
563 781
563 791
563 801
563 811
563 821
563 831
563 841
563 851
563 861
563 871
563 881
563 891
563 901
563 911
563 921
563 931
563 941
563 951
563 961
563 971
563 981
563 991
568 6
568 16
568 26
568 36
568 46
568 56
568 66
568 76
568 86
568 96
568 106
568 116
568 126
568 136
568 146
568 156
568 166
568 176
568 186
568 196
568 206
568 216
568 226
568 236
568 246
568 256
568 266
568 276
568 286
568 296
568 306
568 316
568 326
568 336
568 346
568 356
568 366
568 376
568 386
568 396
568 406
568 416
568 426
568 436
568 446
568 456
568 466
568 476
568 486
568 496
568 506
568 516
568 526
568 536
568 546
568 556
568 566
568 576
568 586
568 596
568 606
568 616
568 626
568 636
568 646
568 656
568 666
568 676
568 686
568 696
568 706
568 716
568 726
568 736
568 746
568 756
568 766
568 776
568 786
568 796
568 806
568 816
568 826
568 836
568 846
568 856
568 866
568 876
568 886
568 896
568 906
568 916
568 926
568 936
568 946
568 956
568 966
568 976
568 986
568 996
572 1
572 11
572 21
572 31
572 41
572 51
572 61
572 71
572 81
572 91
572 101
572 111
572 121
572 131
572 141
572 151
572 161
572 171
572 181
572 191
572 201
572 211
572 221
572 231
572 241
572 251
572 261
572 271
572 281
572 291
572 301
572 311
572 321
572 331
572 341
572 351
572 361
572 371
572 381
572 391
572 401
572 411
572 421
572 431
572 441
572 451
572 461
572 471
572 481
572 491
572 501
572 511
572 521
572 531
572 541
572 551
572 561
572 571
572 581
572 591
572 601
572 611
572 621
572 631
572 641
572 651
572 661
572 671
572 681
572 691
572 701
572 711
572 721
572 731
572 741
572 751
572 761
572 771
572 781
572 791
572 801
572 811
572 821
572 831
572 841
572 851
572 861
572 871
572 881
572 891
572 901
572 911
572 921
572 931
572 941
572 951
572 961
572 971
572 981
572 991
577 6
577 16
577 26
577 36
577 46
577 56
577 66
577 76
577 86
577 96
577 106
577 116
577 126
577 136
577 146
577 156
577 166
577 176
577 186
577 196
577 206
577 216
577 226
577 236
577 246
577 256
577 266
577 276
577 286
577 296
577 306
577 316
577 326
577 336
577 346
577 356
577 366
577 376
577 386
577 396
577 406
577 416
577 426
577 436
577 446
577 456
577 466
577 476
577 486
577 496
577 506
577 516
577 526
577 536
577 546
577 556
577 566
577 576
577 586
577 596
577 606
577 616
577 626
577 636
577 646
577 656
577 666
577 676
577 686
577 696
577 706
577 716
577 726
577 736
577 746
577 756
577 766
577 776
577 786
577 796
577 806
577 816
577 826
577 836
577 846
577 856
577 866
577 876
577 886
577 896
577 906
577 916
577 926
577 936
577 946
577 956
577 966
577 976
577 986
577 996
581 1
581 11
581 21
581 31
581 41
581 51
581 61
581 71
581 81
581 91
581 101
581 111
581 121
581 131
581 141
581 151
581 161
581 171
581 181
581 191
581 201
581 211
581 221
581 231
581 241
581 251
581 261
581 271
581 281
581 291
581 301
581 311
581 321
581 331
581 341
581 351
581 361
581 371
581 381
581 391
581 401
581 411
581 421
581 431
581 441
581 451
581 461
581 471
581 481
581 491
581 501
581 511
581 521
581 531
581 541
581 551
581 561
581 571
581 581
581 591
581 601
581 611
581 621
581 631
581 641
581 651
581 661
581 671
581 681
581 691
581 701
581 711
581 721
581 731
581 741
581 751
581 761
581 771
581 781
581 791
581 801
581 811
581 821
581 831
581 841
581 851
581 861
581 871
581 881
581 891
581 901
581 911
581 921
581 931
581 941
581 951
581 961
581 971
581 981
581 991
586 6
586 16
586 26
586 36
586 46
586 56
586 66
586 76
586 86
586 96
586 106
586 116
586 126
586 136
586 146
586 156
586 166
586 176
586 186
586 196
586 206
586 216
586 226
586 236
586 246
586 256
586 266
586 276
586 286
586 296
586 306
586 316
586 326
586 336
586 346
586 356
586 366
586 376
586 386
586 396
586 406
586 416
586 426
586 436
586 446
586 456
586 466
586 476
586 486
586 496
586 506
586 516
586 526
586 536
586 546
586 556
586 566
586 576
586 586
586 596
586 606
586 616
586 626
586 636
586 646
586 656
586 666
586 676
586 686
586 696
586 706
586 716
586 726
586 736
586 746
586 756
586 766
586 776
586 786
586 796
586 806
586 816
586 826
586 836
586 846
586 856
586 866
586 876
586 886
586 896
586 906
586 916
586 926
586 936
586 946
586 956
586 966
586 976
586 986
586 996
590 1
590 11
590 21
590 31
590 41
590 51
590 61
590 71
590 81
590 91
590 101
590 111
590 121
590 131
590 141
590 151
590 161
590 171
590 181
590 191
590 201
590 211
590 221
590 231
590 241
590 251
590 261
590 271
590 281
590 291
590 301
590 311
590 321
590 331
590 341
590 351
590 361
590 371
590 381
590 391
590 401
590 411
590 421
590 431
590 441
590 451
590 461
590 471
590 481
590 491
590 501
590 511
590 521
590 531
590 541
590 551
590 561
590 571
590 581
590 591
590 601
590 611
590 621
590 631
590 641
590 651
590 661
590 671
590 681
590 691
590 701
590 711
590 721
590 731
590 741
590 751
590 761
590 771
590 781
590 791
590 801
590 811
590 821
590 831
590 841
590 851
590 861
590 871
590 881
590 891
590 901
590 911
590 921
590 931
590 941
590 951
590 961
590 971
590 981
590 991
595 6
595 16
595 26
595 36
595 46
595 56
595 66
595 76
595 86
595 96
595 106
595 116
595 126
595 136
595 146
595 156
595 166
595 176
595 186
595 196
595 206
595 216
595 226
595 236
595 246
595 256
595 266
595 276
595 286
595 296
595 306
595 316
595 326
595 336
595 346
595 356
595 366
595 376
595 386
595 396
595 406
595 416
595 426
595 436
595 446
595 456
595 466
595 476
595 486
595 496
595 506
595 516
595 526
595 536
595 546
595 556
595 566
595 576
595 586
595 596
595 606
595 616
595 626
595 636
595 646
595 656
595 666
595 676
595 686
595 696
595 706
595 716
595 726
595 736
595 746
595 756
595 766
595 776
595 786
595 796
595 806
595 816
595 826
595 836
595 846
595 856
595 866
595 876
595 886
595 896
595 906
595 916
595 926
595 936
595 946
595 956
595 966
595 976
595 986
595 996
599 1
599 11
599 21
599 31
599 41
599 51
599 61
599 71
599 81
599 91
599 101
599 111
599 121
599 131
599 141
599 151
599 161
599 171
599 181
599 191
599 201
599 211
599 221
599 231
599 241
599 251
599 261
599 271
599 281
599 291
599 301
599 311
599 321
599 331
599 341
599 351
599 361
599 371
599 381
599 391
599 401
599 411
599 421
599 431
599 441
599 451
599 461
599 471
599 481
599 491
599 501
599 511
599 521
599 531
599 541
599 551
599 561
599 571
599 581
599 591
599 601
599 611
599 621
599 631
599 641
599 651
599 661
599 671
599 681
599 691
599 701
599 711
599 721
599 731
599 741
599 751
599 761
599 771
599 781
599 791
599 801
599 811
599 821
599 831
599 841
599 851
599 861
599 871
599 881
599 891
599 901
599 911
599 921
599 931
599 941
599 951
599 961
599 971
599 981
599 991
604 6
604 16
604 26
604 36
604 46
604 56
604 66
604 76
604 86
604 96
604 106
604 116
604 126
604 136
604 146
604 156
604 166
604 176
604 186
604 196
604 206
604 216
604 226
604 236
604 246
604 256
604 266
604 276
604 286
604 296
604 306
604 316
604 326
604 336
604 346
604 356
604 366
604 376
604 386
604 396
604 406
604 416
604 426
604 436
604 446
604 456
604 466
604 476
604 486
604 496
604 506
604 516
604 526
604 536
604 546
604 556
604 566
604 576
604 586
604 596
604 606
604 616
604 626
604 636
604 646
604 656
604 666
604 676
604 686
604 696
604 706
604 716
604 726
604 736
604 746
604 756
604 766
604 776
604 786
604 796
604 806
604 816
604 826
604 836
604 846
604 856
604 866
604 876
604 886
604 896
604 906
604 916
604 926
604 936
604 946
604 956
604 966
604 976
604 986
604 996
608 1
608 11
608 21
608 31
608 41
608 51
608 61
608 71
608 81
608 91
608 101
608 111
608 121
608 131
608 141
608 151
608 161
608 171
608 181
608 191
608 201
608 211
608 221
608 231
608 241
608 251
608 261
608 271
608 281
608 291
608 301
608 311
608 321
608 331
608 341
608 351
608 361
608 371
608 381
608 391
608 401
608 411
608 421
608 431
608 441
608 451
608 461
608 471
608 481
608 491
608 501
608 511
608 521
608 531
608 541
608 551
608 561
608 571
608 581
608 591
608 601
608 611
608 621
608 631
608 641
608 651
608 661
608 671
608 681
608 691
608 701
608 711
608 721
608 731
608 741
608 751
608 761
608 771
608 781
608 791
608 801
608 811
608 821
608 831
608 841
608 851
608 861
608 871
608 881
608 891
608 901
608 911
608 921
608 931
608 941
608 951
608 961
608 971
608 981
608 991
613 6
613 16
613 26
613 36
613 46
613 56
613 66
613 76
613 86
613 96
613 106
613 116
613 126
613 136
613 146
613 156
613 166
613 176
613 186
613 196
613 206
613 216
613 226
613 236
613 246
613 256
613 266
613 276
613 286
613 296
613 306
613 316
613 326
613 336
613 346
613 356
613 366
613 376
613 386
613 396
613 406
613 416
613 426
613 436
613 446
613 456
613 466
613 476
613 486
613 496
613 506
613 516
613 526
613 536
613 546
613 556
613 566
613 576
613 586
613 596
613 606
613 616
613 626
613 636
613 646
613 656
613 666
613 676
613 686
613 696
613 706
613 716
613 726
613 736
613 746
613 756
613 766
613 776
613 786
613 796
613 806
613 816
613 826
613 836
613 846
613 856
613 866
613 876
613 886
613 896
613 906
613 916
613 926
613 936
613 946
613 956
613 966
613 976
613 986
613 996
617 1
617 11
617 21
617 31
617 41
617 51
617 61
617 71
617 81
617 91
617 101
617 111
617 121
617 131
617 141
617 151
617 161
617 171
617 181
617 191
617 201
617 211
617 221
617 231
617 241
617 251
617 261
617 271
617 281
617 291
617 301
617 311
617 321
617 331
617 341
617 351
617 361
617 371
617 381
617 391
617 401
617 411
617 421
617 431
617 441
617 451
617 461
617 471
617 481
617 491
617 501
617 511
617 521
617 531
617 541
617 551
617 561
617 571
617 581
617 591
617 601
617 611
617 621
617 631
617 641
617 651
617 661
617 671
617 681
617 691
617 701
617 711
617 721
617 731
617 741
617 751
617 761
617 771
617 781
617 791
617 801
617 811
617 821
617 831
617 841
617 851
617 861
617 871
617 881
617 891
617 901
617 911
617 921
617 931
617 941
617 951
617 961
617 971
617 981
617 991
622 6
622 16
622 26
622 36
622 46
622 56
622 66
622 76
622 86
622 96
622 106
622 116
622 126
622 136
622 146
622 156
622 166
622 176
622 186
622 196
622 206
622 216
622 226
622 236
622 246
622 256
622 266
622 276
622 286
622 296
622 306
622 316
622 326
622 336
622 346
622 356
622 366
622 376
622 386
622 396
622 406
622 416
622 426
622 436
622 446
622 456
622 466
622 476
622 486
622 496
622 506
622 516
622 526
622 536
622 546
622 556
622 566
622 576
622 586
622 596
622 606
622 616
622 626
622 636
622 646
622 656
622 666
622 676
622 686
622 696
622 706
622 716
622 726
622 736
622 746
622 756
622 766
622 776
622 786
622 796
622 806
622 816
622 826
622 836
622 846
622 856
622 866
622 876
622 886
622 896
622 906
622 916
622 926
622 936
622 946
622 956
622 966
622 976
622 986
622 996
626 1
626 11
626 21
626 31
626 41
626 51
626 61
626 71
626 81
626 91
626 101
626 111
626 121
626 131
626 141
626 151
626 161
626 171
626 181
626 191
626 201
626 211
626 221
626 231
626 241
626 251
626 261
626 271
626 281
626 291
626 301
626 311
626 321
626 331
626 341
626 351
626 361
626 371
626 381
626 391
626 401
626 411
626 421
626 431
626 441
626 451
626 461
626 471
626 481
626 491
626 501
626 511
626 521
626 531
626 541
626 551
626 561
626 571
626 581
626 591
626 601
626 611
626 621
626 631
626 641
626 651
626 661
626 671
626 681
626 691
626 701
626 711
626 721
626 731
626 741
626 751
626 761
626 771
626 781
626 791
626 801
626 811
626 821
626 831
626 841
626 851
626 861
626 871
626 881
626 891
626 901
626 911
626 921
626 931
626 941
626 951
626 961
626 971
626 981
626 991
631 6
631 16
631 26
631 36
631 46
631 56
631 66
631 76
631 86
631 96
631 106
631 116
631 126
631 136
631 146
631 156
631 166
631 176
631 186
631 196
631 206
631 216
631 226
631 236
631 246
631 256
631 266
631 276
631 286
631 296
631 306
631 316
631 326
631 336
631 346
631 356
631 366
631 376
631 386
631 396
631 406
631 416
631 426
631 436
631 446
631 456
631 466
631 476
631 486
631 496
631 506
631 516
631 526
631 536
631 546
631 556
631 566
631 576
631 586
631 596
631 606
631 616
631 626
631 636
631 646
631 656
631 666
631 676
631 686
631 696
631 706
631 716
631 726
631 736
631 746
631 756
631 766
631 776
631 786
631 796
631 806
631 816
631 826
631 836
631 846
631 856
631 866
631 876
631 886
631 896
631 906
631 916
631 926
631 936
631 946
631 956
631 966
631 976
631 986
631 996
635 1
635 11
635 21
635 31
635 41
635 51
635 61
635 71
635 81
635 91
635 101
635 111
635 121
635 131
635 141
635 151
635 161
635 171
635 181
635 191
635 201
635 211
635 221
635 231
635 241
635 251
635 261
635 271
635 281
635 291
635 301
635 311
635 321
635 331
635 341
635 351
635 361
635 371
635 381
635 391
635 401
635 411
635 421
635 431
635 441
635 451
635 461
635 471
635 481
635 491
635 501
635 511
635 521
635 531
635 541
635 551
635 561
635 571
635 581
635 591
635 601
635 611
635 621
635 631
635 641
635 651
635 661
635 671
635 681
635 691
635 701
635 711
635 721
635 731
635 741
635 751
635 761
635 771
635 781
635 791
635 801
635 811
635 821
635 831
635 841
635 851
635 861
635 871
635 881
635 891
635 901
635 911
635 921
635 931
635 941
635 951
635 961
635 971
635 981
635 991
640 6
640 16
640 26
640 36
640 46
640 56
640 66
640 76
640 86
640 96
640 106
640 116
640 126
640 136
640 146
640 156
640 166
640 176
640 186
640 196
640 206
640 216
640 226
640 236
640 246
640 256
640 266
640 276
640 286
640 296
640 306
640 316
640 326
640 336
640 346
640 356
640 366
640 376
640 386
640 396
640 406
640 416
640 426
640 436
640 446
640 456
640 466
640 476
640 486
640 496
640 506
640 516
640 526
640 536
640 546
640 556
640 566
640 576
640 586
640 596
640 606
640 616
640 626
640 636
640 646
640 656
640 666
640 676
640 686
640 696
640 706
640 716
640 726
640 736
640 746
640 756
640 766
640 776
640 786
640 796
640 806
640 816
640 826
640 836
640 846
640 856
640 866
640 876
640 886
640 896
640 906
640 916
640 926
640 936
640 946
640 956
640 966
640 976
640 986
640 996
644 1
644 11
644 21
644 31
644 41
644 51
644 61
644 71
644 81
644 91
644 101
644 111
644 121
644 131
644 141
644 151
644 161
644 171
644 181
644 191
644 201
644 211
644 221
644 231
644 241
644 251
644 261
644 271
644 281
644 291
644 301
644 311
644 321
644 331
644 341
644 351
644 361
644 371
644 381
644 391
644 401
644 411
644 421
644 431
644 441
644 451
644 461
644 471
644 481
644 491
644 501
644 511
644 521
644 531
644 541
644 551
644 561
644 571
644 581
644 591
644 601
644 611
644 621
644 631
644 641
644 651
644 661
644 671
644 681
644 691
644 701
644 711
644 721
644 731
644 741
644 751
644 761
644 771
644 781
644 791
644 801
644 811
644 821
644 831
644 841
644 851
644 861
644 871
644 881
644 891
644 901
644 911
644 921
644 931
644 941
644 951
644 961
644 971
644 981
644 991
649 6
649 16
649 26
649 36
649 46
649 56
649 66
649 76
649 86
649 96
649 106
649 116
649 126
649 136
649 146
649 156
649 166
649 176
649 186
649 196
649 206
649 216
649 226
649 236
649 246
649 256
649 266
649 276
649 286
649 296
649 306
649 316
649 326
649 336
649 346
649 356
649 366
649 376
649 386
649 396
649 406
649 416
649 426
649 436
649 446
649 456
649 466
649 476
649 486
649 496
649 506
649 516
649 526
649 536
649 546
649 556
649 566
649 576
649 586
649 596
649 606
649 616
649 626
649 636
649 646
649 656
649 666
649 676
649 686
649 696
649 706
649 716
649 726
649 736
649 746
649 756
649 766
649 776
649 786
649 796
649 806
649 816
649 826
649 836
649 846
649 856
649 866
649 876
649 886
649 896
649 906
649 916
649 926
649 936
649 946
649 956
649 966
649 976
649 986
649 996
653 1
653 11
653 21
653 31
653 41
653 51
653 61
653 71
653 81
653 91
653 101
653 111
653 121
653 131
653 141
653 151
653 161
653 171
653 181
653 191
653 201
653 211
653 221
653 231
653 241
653 251
653 261
653 271
653 281
653 291
653 301
653 311
653 321
653 331
653 341
653 351
653 361
653 371
653 381
653 391
653 401
653 411
653 421
653 431
653 441
653 451
653 461
653 471
653 481
653 491
653 501
653 511
653 521
653 531
653 541
653 551
653 561
653 571
653 581
653 591
653 601
653 611
653 621
653 631
653 641
653 651
653 661
653 671
653 681
653 691
653 701
653 711
653 721
653 731
653 741
653 751
653 761
653 771
653 781
653 791
653 801
653 811
653 821
653 831
653 841
653 851
653 861
653 871
653 881
653 891
653 901
653 911
653 921
653 931
653 941
653 951
653 961
653 971
653 981
653 991
658 6
658 16
658 26
658 36
658 46
658 56
658 66
658 76
658 86
658 96
658 106
658 116
658 126
658 136
658 146
658 156
658 166
658 176
658 186
658 196
658 206
658 216
658 226
658 236
658 246
658 256
658 266
658 276
658 286
658 296
658 306
658 316
658 326
658 336
658 346
658 356
658 366
658 376
658 386
658 396
658 406
658 416
658 426
658 436
658 446
658 456
658 466
658 476
658 486
658 496
658 506
658 516
658 526
658 536
658 546
658 556
658 566
658 576
658 586
658 596
658 606
658 616
658 626
658 636
658 646
658 656
658 666
658 676
658 686
658 696
658 706
658 716
658 726
658 736
658 746
658 756
658 766
658 776
658 786
658 796
658 806
658 816
658 826
658 836
658 846
658 856
658 866
658 876
658 886
658 896
658 906
658 916
658 926
658 936
658 946
658 956
658 966
658 976
658 986
658 996
662 1
662 11
662 21
662 31
662 41
662 51
662 61
662 71
662 81
662 91
662 101
662 111
662 121
662 131
662 141
662 151
662 161
662 171
662 181
662 191
662 201
662 211
662 221
662 231
662 241
662 251
662 261
662 271
662 281
662 291
662 301
662 311
662 321
662 331
662 341
662 351
662 361
662 371
662 381
662 391
662 401
662 411
662 421
662 431
662 441
662 451
662 461
662 471
662 481
662 491
662 501
662 511
662 521
662 531
662 541
662 551
662 561
662 571
662 581
662 591
662 601
662 611
662 621
662 631
662 641
662 651
662 661
662 671
662 681
662 691
662 701
662 711
662 721
662 731
662 741
662 751
662 761
662 771
662 781
662 791
662 801
662 811
662 821
662 831
662 841
662 851
662 861
662 871
662 881
662 891
662 901
662 911
662 921
662 931
662 941
662 951
662 961
662 971
662 981
662 991
667 6
667 16
667 26
667 36
667 46
667 56
667 66
667 76
667 86
667 96
667 106
667 116
667 126
667 136
667 146
667 156
667 166
667 176
667 186
667 196
667 206
667 216
667 226
667 236
667 246
667 256
667 266
667 276
667 286
667 296
667 306
667 316
667 326
667 336
667 346
667 356
667 366
667 376
667 386
667 396
667 406
667 416
667 426
667 436
667 446
667 456
667 466
667 476
667 486
667 496
667 506
667 516
667 526
667 536
667 546
667 556
667 566
667 576
667 586
667 596
667 606
667 616
667 626
667 636
667 646
667 656
667 666
667 676
667 686
667 696
667 706
667 716
667 726
667 736
667 746
667 756
667 766
667 776
667 786
667 796
667 806
667 816
667 826
667 836
667 846
667 856
667 866
667 876
667 886
667 896
667 906
667 916
667 926
667 936
667 946
667 956
667 966
667 976
667 986
667 996
671 1
671 11
671 21
671 31
671 41
671 51
671 61
671 71
671 81
671 91
671 101
671 111
671 121
671 131
671 141
671 151
671 161
671 171
671 181
671 191
671 201
671 211
671 221
671 231
671 241
671 251
671 261
671 271
671 281
671 291
671 301
671 311
671 321
671 331
671 341
671 351
671 361
671 371
671 381
671 391
671 401
671 411
671 421
671 431
671 441
671 451
671 461
671 471
671 481
671 491
671 501
671 511
671 521
671 531
671 541
671 551
671 561
671 571
671 581
671 591
671 601
671 611
671 621
671 631
671 641
671 651
671 661
671 671
671 681
671 691
671 701
671 711
671 721
671 731
671 741
671 751
671 761
671 771
671 781
671 791
671 801
671 811
671 821
671 831
671 841
671 851
671 861
671 871
671 881
671 891
671 901
671 911
671 921
671 931
671 941
671 951
671 961
671 971
671 981
671 991
676 6
676 16
676 26
676 36
676 46
676 56
676 66
676 76
676 86
676 96
676 106
676 116
676 126
676 136
676 146
676 156
676 166
676 176
676 186
676 196
676 206
676 216
676 226
676 236
676 246
676 256
676 266
676 276
676 286
676 296
676 306
676 316
676 326
676 336
676 346
676 356
676 366
676 376
676 386
676 396
676 406
676 416
676 426
676 436
676 446
676 456
676 466
676 476
676 486
676 496
676 506
676 516
676 526
676 536
676 546
676 556
676 566
676 576
676 586
676 596
676 606
676 616
676 626
676 636
676 646
676 656
676 666
676 676
676 686
676 696
676 706
676 716
676 726
676 736
676 746
676 756
676 766
676 776
676 786
676 796
676 806
676 816
676 826
676 836
676 846
676 856
676 866
676 876
676 886
676 896
676 906
676 916
676 926
676 936
676 946
676 956
676 966
676 976
676 986
676 996
680 1
680 11
680 21
680 31
680 41
680 51
680 61
680 71
680 81
680 91
680 101
680 111
680 121
680 131
680 141
680 151
680 161
680 171
680 181
680 191
680 201
680 211
680 221
680 231
680 241
680 251
680 261
680 271
680 281
680 291
680 301
680 311
680 321
680 331
680 341
680 351
680 361
680 371
680 381
680 391
680 401
680 411
680 421
680 431
680 441
680 451
680 461
680 471
680 481
680 491
680 501
680 511
680 521
680 531
680 541
680 551
680 561
680 571
680 581
680 591
680 601
680 611
680 621
680 631
680 641
680 651
680 661
680 671
680 681
680 691
680 701
680 711
680 721
680 731
680 741
680 751
680 761
680 771
680 781
680 791
680 801
680 811
680 821
680 831
680 841
680 851
680 861
680 871
680 881
680 891
680 901
680 911
680 921
680 931
680 941
680 951
680 961
680 971
680 981
680 991
685 6
685 16
685 26
685 36
685 46
685 56
685 66
685 76
685 86
685 96
685 106
685 116
685 126
685 136
685 146
685 156
685 166
685 176
685 186
685 196
685 206
685 216
685 226
685 236
685 246
685 256
685 266
685 276
685 286
685 296
685 306
685 316
685 326
685 336
685 346
685 356
685 366
685 376
685 386
685 396
685 406
685 416
685 426
685 436
685 446
685 456
685 466
685 476
685 486
685 496
685 506
685 516
685 526
685 536
685 546
685 556
685 566
685 576
685 586
685 596
685 606
685 616
685 626
685 636
685 646
685 656
685 666
685 676
685 686
685 696
685 706
685 716
685 726
685 736
685 746
685 756
685 766
685 776
685 786
685 796
685 806
685 816
685 826
685 836
685 846
685 856
685 866
685 876
685 886
685 896
685 906
685 916
685 926
685 936
685 946
685 956
685 966
685 976
685 986
685 996
689 1
689 11
689 21
689 31
689 41
689 51
689 61
689 71
689 81
689 91
689 101
689 111
689 121
689 131
689 141
689 151
689 161
689 171
689 181
689 191
689 201
689 211
689 221
689 231
689 241
689 251
689 261
689 271
689 281
689 291
689 301
689 311
689 321
689 331
689 341
689 351
689 361
689 371
689 381
689 391
689 401
689 411
689 421
689 431
689 441
689 451
689 461
689 471
689 481
689 491
689 501
689 511
689 521
689 531
689 541
689 551
689 561
689 571
689 581
689 591
689 601
689 611
689 621
689 631
689 641
689 651
689 661
689 671
689 681
689 691
689 701
689 711
689 721
689 731
689 741
689 751
689 761
689 771
689 781
689 791
689 801
689 811
689 821
689 831
689 841
689 851
689 861
689 871
689 881
689 891
689 901
689 911
689 921
689 931
689 941
689 951
689 961
689 971
689 981
689 991
694 6
694 16
694 26
694 36
694 46
694 56
694 66
694 76
694 86
694 96
694 106
694 116
694 126
694 136
694 146
694 156
694 166
694 176
694 186
694 196
694 206
694 216
694 226
694 236
694 246
694 256
694 266
694 276
694 286
694 296
694 306
694 316
694 326
694 336
694 346
694 356
694 366
694 376
694 386
694 396
694 406
694 416
694 426
694 436
694 446
694 456
694 466
694 476
694 486
694 496
694 506
694 516
694 526
694 536
694 546
694 556
694 566
694 576
694 586
694 596
694 606
694 616
694 626
694 636
694 646
694 656
694 666
694 676
694 686
694 696
694 706
694 716
694 726
694 736
694 746
694 756
694 766
694 776
694 786
694 796
694 806
694 816
694 826
694 836
694 846
694 856
694 866
694 876
694 886
694 896
694 906
694 916
694 926
694 936
694 946
694 956
694 966
694 976
694 986
694 996
698 1
698 11
698 21
698 31
698 41
698 51
698 61
698 71
698 81
698 91
698 101
698 111
698 121
698 131
698 141
698 151
698 161
698 171
698 181
698 191
698 201
698 211
698 221
698 231
698 241
698 251
698 261
698 271
698 281
698 291
698 301
698 311
698 321
698 331
698 341
698 351
698 361
698 371
698 381
698 391
698 401
698 411
698 421
698 431
698 441
698 451
698 461
698 471
698 481
698 491
698 501
698 511
698 521
698 531
698 541
698 551
698 561
698 571
698 581
698 591
698 601
698 611
698 621
698 631
698 641
698 651
698 661
698 671
698 681
698 691
698 701
698 711
698 721
698 731
698 741
698 751
698 761
698 771
698 781
698 791
698 801
698 811
698 821
698 831
698 841
698 851
698 861
698 871
698 881
698 891
698 901
698 911
698 921
698 931
698 941
698 951
698 961
698 971
698 981
698 991
703 6
703 16
703 26
703 36
703 46
703 56
703 66
703 76
703 86
703 96
703 106
703 116
703 126
703 136
703 146
703 156
703 166
703 176
703 186
703 196
703 206
703 216
703 226
703 236
703 246
703 256
703 266
703 276
703 286
703 296
703 306
703 316
703 326
703 336
703 346
703 356
703 366
703 376
703 386
703 396
703 406
703 416
703 426
703 436
703 446
703 456
703 466
703 476
703 486
703 496
703 506
703 516
703 526
703 536
703 546
703 556
703 566
703 576
703 586
703 596
703 606
703 616
703 626
703 636
703 646
703 656
703 666
703 676
703 686
703 696
703 706
703 716
703 726
703 736
703 746
703 756
703 766
703 776
703 786
703 796
703 806
703 816
703 826
703 836
703 846
703 856
703 866
703 876
703 886
703 896
703 906
703 916
703 926
703 936
703 946
703 956
703 966
703 976
703 986
703 996
707 1
707 11
707 21
707 31
707 41
707 51
707 61
707 71
707 81
707 91
707 101
707 111
707 121
707 131
707 141
707 151
707 161
707 171
707 181
707 191
707 201
707 211
707 221
707 231
707 241
707 251
707 261
707 271
707 281
707 291
707 301
707 311
707 321
707 331
707 341
707 351
707 361
707 371
707 381
707 391
707 401
707 411
707 421
707 431
707 441
707 451
707 461
707 471
707 481
707 491
707 501
707 511
707 521
707 531
707 541
707 551
707 561
707 571
707 581
707 591
707 601
707 611
707 621
707 631
707 641
707 651
707 661
707 671
707 681
707 691
707 701
707 711
707 721
707 731
707 741
707 751
707 761
707 771
707 781
707 791
707 801
707 811
707 821
707 831
707 841
707 851
707 861
707 871
707 881
707 891
707 901
707 911
707 921
707 931
707 941
707 951
707 961
707 971
707 981
707 991
712 6
712 16
712 26
712 36
712 46
712 56
712 66
712 76
712 86
712 96
712 106
712 116
712 126
712 136
712 146
712 156
712 166
712 176
712 186
712 196
712 206
712 216
712 226
712 236
712 246
712 256
712 266
712 276
712 286
712 296
712 306
712 316
712 326
712 336
712 346
712 356
712 366
712 376
712 386
712 396
712 406
712 416
712 426
712 436
712 446
712 456
712 466
712 476
712 486
712 496
712 506
712 516
712 526
712 536
712 546
712 556
712 566
712 576
712 586
712 596
712 606
712 616
712 626
712 636
712 646
712 656
712 666
712 676
712 686
712 696
712 706
712 716
712 726
712 736
712 746
712 756
712 766
712 776
712 786
712 796
712 806
712 816
712 826
712 836
712 846
712 856
712 866
712 876
712 886
712 896
712 906
712 916
712 926
712 936
712 946
712 956
712 966
712 976
712 986
712 996
716 1
716 11
716 21
716 31
716 41
716 51
716 61
716 71
716 81
716 91
716 101
716 111
716 121
716 131
716 141
716 151
716 161
716 171
716 181
716 191
716 201
716 211
716 221
716 231
716 241
716 251
716 261
716 271
716 281
716 291
716 301
716 311
716 321
716 331
716 341
716 351
716 361
716 371
716 381
716 391
716 401
716 411
716 421
716 431
716 441
716 451
716 461
716 471
716 481
716 491
716 501
716 511
716 521
716 531
716 541
716 551
716 561
716 571
716 581
716 591
716 601
716 611
716 621
716 631
716 641
716 651
716 661
716 671
716 681
716 691
716 701
716 711
716 721
716 731
716 741
716 751
716 761
716 771
716 781
716 791
716 801
716 811
716 821
716 831
716 841
716 851
716 861
716 871
716 881
716 891
716 901
716 911
716 921
716 931
716 941
716 951
716 961
716 971
716 981
716 991
721 6
721 16
721 26
721 36
721 46
721 56
721 66
721 76
721 86
721 96
721 106
721 116
721 126
721 136
721 146
721 156
721 166
721 176
721 186
721 196
721 206
721 216
721 226
721 236
721 246
721 256
721 266
721 276
721 286
721 296
721 306
721 316
721 326
721 336
721 346
721 356
721 366
721 376
721 386
721 396
721 406
721 416
721 426
721 436
721 446
721 456
721 466
721 476
721 486
721 496
721 506
721 516
721 526
721 536
721 546
721 556
721 566
721 576
721 586
721 596
721 606
721 616
721 626
721 636
721 646
721 656
721 666
721 676
721 686
721 696
721 706
721 716
721 726
721 736
721 746
721 756
721 766
721 776
721 786
721 796
721 806
721 816
721 826
721 836
721 846
721 856
721 866
721 876
721 886
721 896
721 906
721 916
721 926
721 936
721 946
721 956
721 966
721 976
721 986
721 996
725 1
725 11
725 21
725 31
725 41
725 51
725 61
725 71
725 81
725 91
725 101
725 111
725 121
725 131
725 141
725 151
725 161
725 171
725 181
725 191
725 201
725 211
725 221
725 231
725 241
725 251
725 261
725 271
725 281
725 291
725 301
725 311
725 321
725 331
725 341
725 351
725 361
725 371
725 381
725 391
725 401
725 411
725 421
725 431
725 441
725 451
725 461
725 471
725 481
725 491
725 501
725 511
725 521
725 531
725 541
725 551
725 561
725 571
725 581
725 591
725 601
725 611
725 621
725 631
725 641
725 651
725 661
725 671
725 681
725 691
725 701
725 711
725 721
725 731
725 741
725 751
725 761
725 771
725 781
725 791
725 801
725 811
725 821
725 831
725 841
725 851
725 861
725 871
725 881
725 891
725 901
725 911
725 921
725 931
725 941
725 951
725 961
725 971
725 981
725 991
730 6
730 16
730 26
730 36
730 46
730 56
730 66
730 76
730 86
730 96
730 106
730 116
730 126
730 136
730 146
730 156
730 166
730 176
730 186
730 196
730 206
730 216
730 226
730 236
730 246
730 256
730 266
730 276
730 286
730 296
730 306
730 316
730 326
730 336
730 346
730 356
730 366
730 376
730 386
730 396
730 406
730 416
730 426
730 436
730 446
730 456
730 466
730 476
730 486
730 496
730 506
730 516
730 526
730 536
730 546
730 556
730 566
730 576
730 586
730 596
730 606
730 616
730 626
730 636
730 646
730 656
730 666
730 676
730 686
730 696
730 706
730 716
730 726
730 736
730 746
730 756
730 766
730 776
730 786
730 796
730 806
730 816
730 826
730 836
730 846
730 856
730 866
730 876
730 886
730 896
730 906
730 916
730 926
730 936
730 946
730 956
730 966
730 976
730 986
730 996
734 1
734 11
734 21
734 31
734 41
734 51
734 61
734 71
734 81
734 91
734 101
734 111
734 121
734 131
734 141
734 151
734 161
734 171
734 181
734 191
734 201
734 211
734 221
734 231
734 241
734 251
734 261
734 271
734 281
734 291
734 301
734 311
734 321
734 331
734 341
734 351
734 361
734 371
734 381
734 391
734 401
734 411
734 421
734 431
734 441
734 451
734 461
734 471
734 481
734 491
734 501
734 511
734 521
734 531
734 541
734 551
734 561
734 571
734 581
734 591
734 601
734 611
734 621
734 631
734 641
734 651
734 661
734 671
734 681
734 691
734 701
734 711
734 721
734 731
734 741
734 751
734 761
734 771
734 781
734 791
734 801
734 811
734 821
734 831
734 841
734 851
734 861
734 871
734 881
734 891
734 901
734 911
734 921
734 931
734 941
734 951
734 961
734 971
734 981
734 991
739 6
739 16
739 26
739 36
739 46
739 56
739 66
739 76
739 86
739 96
739 106
739 116
739 126
739 136
739 146
739 156
739 166
739 176
739 186
739 196
739 206
739 216
739 226
739 236
739 246
739 256
739 266
739 276
739 286
739 296
739 306
739 316
739 326
739 336
739 346
739 356
739 366
739 376
739 386
739 396
739 406
739 416
739 426
739 436
739 446
739 456
739 466
739 476
739 486
739 496
739 506
739 516
739 526
739 536
739 546
739 556
739 566
739 576
739 586
739 596
739 606
739 616
739 626
739 636
739 646
739 656
739 666
739 676
739 686
739 696
739 706
739 716
739 726
739 736
739 746
739 756
739 766
739 776
739 786
739 796
739 806
739 816
739 826
739 836
739 846
739 856
739 866
739 876
739 886
739 896
739 906
739 916
739 926
739 936
739 946
739 956
739 966
739 976
739 986
739 996
743 1
743 11
743 21
743 31
743 41
743 51
743 61
743 71
743 81
743 91
743 101
743 111
743 121
743 131
743 141
743 151
743 161
743 171
743 181
743 191
743 201
743 211
743 221
743 231
743 241
743 251
743 261
743 271
743 281
743 291
743 301
743 311
743 321
743 331
743 341
743 351
743 361
743 371
743 381
743 391
743 401
743 411
743 421
743 431
743 441
743 451
743 461
743 471
743 481
743 491
743 501
743 511
743 521
743 531
743 541
743 551
743 561
743 571
743 581
743 591
743 601
743 611
743 621
743 631
743 641
743 651
743 661
743 671
743 681
743 691
743 701
743 711
743 721
743 731
743 741
743 751
743 761
743 771
743 781
743 791
743 801
743 811
743 821
743 831
743 841
743 851
743 861
743 871
743 881
743 891
743 901
743 911
743 921
743 931
743 941
743 951
743 961
743 971
743 981
743 991
748 6
748 16
748 26
748 36
748 46
748 56
748 66
748 76
748 86
748 96
748 106
748 116
748 126
748 136
748 146
748 156
748 166
748 176
748 186
748 196
748 206
748 216
748 226
748 236
748 246
748 256
748 266
748 276
748 286
748 296
748 306
748 316
748 326
748 336
748 346
748 356
748 366
748 376
748 386
748 396
748 406
748 416
748 426
748 436
748 446
748 456
748 466
748 476
748 486
748 496
748 506
748 516
748 526
748 536
748 546
748 556
748 566
748 576
748 586
748 596
748 606
748 616
748 626
748 636
748 646
748 656
748 666
748 676
748 686
748 696
748 706
748 716
748 726
748 736
748 746
748 756
748 766
748 776
748 786
748 796
748 806
748 816
748 826
748 836
748 846
748 856
748 866
748 876
748 886
748 896
748 906
748 916
748 926
748 936
748 946
748 956
748 966
748 976
748 986
748 996
752 1
752 11
752 21
752 31
752 41
752 51
752 61
752 71
752 81
752 91
752 101
752 111
752 121
752 131
752 141
752 151
752 161
752 171
752 181
752 191
752 201
752 211
752 221
752 231
752 241
752 251
752 261
752 271
752 281
752 291
752 301
752 311
752 321
752 331
752 341
752 351
752 361
752 371
752 381
752 391
752 401
752 411
752 421
752 431
752 441
752 451
752 461
752 471
752 481
752 491
752 501
752 511
752 521
752 531
752 541
752 551
752 561
752 571
752 581
752 591
752 601
752 611
752 621
752 631
752 641
752 651
752 661
752 671
752 681
752 691
752 701
752 711
752 721
752 731
752 741
752 751
752 761
752 771
752 781
752 791
752 801
752 811
752 821
752 831
752 841
752 851
752 861
752 871
752 881
752 891
752 901
752 911
752 921
752 931
752 941
752 951
752 961
752 971
752 981
752 991
757 6
757 16
757 26
757 36
757 46
757 56
757 66
757 76
757 86
757 96
757 106
757 116
757 126
757 136
757 146
757 156
757 166
757 176
757 186
757 196
757 206
757 216
757 226
757 236
757 246
757 256
757 266
757 276
757 286
757 296
757 306
757 316
757 326
757 336
757 346
757 356
757 366
757 376
757 386
757 396
757 406
757 416
757 426
757 436
757 446
757 456
757 466
757 476
757 486
757 496
757 506
757 516
757 526
757 536
757 546
757 556
757 566
757 576
757 586
757 596
757 606
757 616
757 626
757 636
757 646
757 656
757 666
757 676
757 686
757 696
757 706
757 716
757 726
757 736
757 746
757 756
757 766
757 776
757 786
757 796
757 806
757 816
757 826
757 836
757 846
757 856
757 866
757 876
757 886
757 896
757 906
757 916
757 926
757 936
757 946
757 956
757 966
757 976
757 986
757 996
761 1
761 11
761 21
761 31
761 41
761 51
761 61
761 71
761 81
761 91
761 101
761 111
761 121
761 131
761 141
761 151
761 161
761 171
761 181
761 191
761 201
761 211
761 221
761 231
761 241
761 251
761 261
761 271
761 281
761 291
761 301
761 311
761 321
761 331
761 341
761 351
761 361
761 371
761 381
761 391
761 401
761 411
761 421
761 431
761 441
761 451
761 461
761 471
761 481
761 491
761 501
761 511
761 521
761 531
761 541
761 551
761 561
761 571
761 581
761 591
761 601
761 611
761 621
761 631
761 641
761 651
761 661
761 671
761 681
761 691
761 701
761 711
761 721
761 731
761 741
761 751
761 761
761 771
761 781
761 791
761 801
761 811
761 821
761 831
761 841
761 851
761 861
761 871
761 881
761 891
761 901
761 911
761 921
761 931
761 941
761 951
761 961
761 971
761 981
761 991
766 6
766 16
766 26
766 36
766 46
766 56
766 66
766 76
766 86
766 96
766 106
766 116
766 126
766 136
766 146
766 156
766 166
766 176
766 186
766 196
766 206
766 216
766 226
766 236
766 246
766 256
766 266
766 276
766 286
766 296
766 306
766 316
766 326
766 336
766 346
766 356
766 366
766 376
766 386
766 396
766 406
766 416
766 426
766 436
766 446
766 456
766 466
766 476
766 486
766 496
766 506
766 516
766 526
766 536
766 546
766 556
766 566
766 576
766 586
766 596
766 606
766 616
766 626
766 636
766 646
766 656
766 666
766 676
766 686
766 696
766 706
766 716
766 726
766 736
766 746
766 756
766 766
766 776
766 786
766 796
766 806
766 816
766 826
766 836
766 846
766 856
766 866
766 876
766 886
766 896
766 906
766 916
766 926
766 936
766 946
766 956
766 966
766 976
766 986
766 996
770 1
770 11
770 21
770 31
770 41
770 51
770 61
770 71
770 81
770 91
770 101
770 111
770 121
770 131
770 141
770 151
770 161
770 171
770 181
770 191
770 201
770 211
770 221
770 231
770 241
770 251
770 261
770 271
770 281
770 291
770 301
770 311
770 321
770 331
770 341
770 351
770 361
770 371
770 381
770 391
770 401
770 411
770 421
770 431
770 441
770 451
770 461
770 471
770 481
770 491
770 501
770 511
770 521
770 531
770 541
770 551
770 561
770 571
770 581
770 591
770 601
770 611
770 621
770 631
770 641
770 651
770 661
770 671
770 681
770 691
770 701
770 711
770 721
770 731
770 741
770 751
770 761
770 771
770 781
770 791
770 801
770 811
770 821
770 831
770 841
770 851
770 861
770 871
770 881
770 891
770 901
770 911
770 921
770 931
770 941
770 951
770 961
770 971
770 981
770 991
775 6
775 16
775 26
775 36
775 46
775 56
775 66
775 76
775 86
775 96
775 106
775 116
775 126
775 136
775 146
775 156
775 166
775 176
775 186
775 196
775 206
775 216
775 226
775 236
775 246
775 256
775 266
775 276
775 286
775 296
775 306
775 316
775 326
775 336
775 346
775 356
775 366
775 376
775 386
775 396
775 406
775 416
775 426
775 436
775 446
775 456
775 466
775 476
775 486
775 496
775 506
775 516
775 526
775 536
775 546
775 556
775 566
775 576
775 586
775 596
775 606
775 616
775 626
775 636
775 646
775 656
775 666
775 676
775 686
775 696
775 706
775 716
775 726
775 736
775 746
775 756
775 766
775 776
775 786
775 796
775 806
775 816
775 826
775 836
775 846
775 856
775 866
775 876
775 886
775 896
775 906
775 916
775 926
775 936
775 946
775 956
775 966
775 976
775 986
775 996
779 1
779 11
779 21
779 31
779 41
779 51
779 61
779 71
779 81
779 91
779 101
779 111
779 121
779 131
779 141
779 151
779 161
779 171
779 181
779 191
779 201
779 211
779 221
779 231
779 241
779 251
779 261
779 271
779 281
779 291
779 301
779 311
779 321
779 331
779 341
779 351
779 361
779 371
779 381
779 391
779 401
779 411
779 421
779 431
779 441
779 451
779 461
779 471
779 481
779 491
779 501
779 511
779 521
779 531
779 541
779 551
779 561
779 571
779 581
779 591
779 601
779 611
779 621
779 631
779 641
779 651
779 661
779 671
779 681
779 691
779 701
779 711
779 721
779 731
779 741
779 751
779 761
779 771
779 781
779 791
779 801
779 811
779 821
779 831
779 841
779 851
779 861
779 871
779 881
779 891
779 901
779 911
779 921
779 931
779 941
779 951
779 961
779 971
779 981
779 991
784 6
784 16
784 26
784 36
784 46
784 56
784 66
784 76
784 86
784 96
784 106
784 116
784 126
784 136
784 146
784 156
784 166
784 176
784 186
784 196
784 206
784 216
784 226
784 236
784 246
784 256
784 266
784 276
784 286
784 296
784 306
784 316
784 326
784 336
784 346
784 356
784 366
784 376
784 386
784 396
784 406
784 416
784 426
784 436
784 446
784 456
784 466
784 476
784 486
784 496
784 506
784 516
784 526
784 536
784 546
784 556
784 566
784 576
784 586
784 596
784 606
784 616
784 626
784 636
784 646
784 656
784 666
784 676
784 686
784 696
784 706
784 716
784 726
784 736
784 746
784 756
784 766
784 776
784 786
784 796
784 806
784 816
784 826
784 836
784 846
784 856
784 866
784 876
784 886
784 896
784 906
784 916
784 926
784 936
784 946
784 956
784 966
784 976
784 986
784 996
788 1
788 11
788 21
788 31
788 41
788 51
788 61
788 71
788 81
788 91
788 101
788 111
788 121
788 131
788 141
788 151
788 161
788 171
788 181
788 191
788 201
788 211
788 221
788 231
788 241
788 251
788 261
788 271
788 281
788 291
788 301
788 311
788 321
788 331
788 341
788 351
788 361
788 371
788 381
788 391
788 401
788 411
788 421
788 431
788 441
788 451
788 461
788 471
788 481
788 491
788 501
788 511
788 521
788 531
788 541
788 551
788 561
788 571
788 581
788 591
788 601
788 611
788 621
788 631
788 641
788 651
788 661
788 671
788 681
788 691
788 701
788 711
788 721
788 731
788 741
788 751
788 761
788 771
788 781
788 791
788 801
788 811
788 821
788 831
788 841
788 851
788 861
788 871
788 881
788 891
788 901
788 911
788 921
788 931
788 941
788 951
788 961
788 971
788 981
788 991
793 6
793 16
793 26
793 36
793 46
793 56
793 66
793 76
793 86
793 96
793 106
793 116
793 126
793 136
793 146
793 156
793 166
793 176
793 186
793 196
793 206
793 216
793 226
793 236
793 246
793 256
793 266
793 276
793 286
793 296
793 306
793 316
793 326
793 336
793 346
793 356
793 366
793 376
793 386
793 396
793 406
793 416
793 426
793 436
793 446
793 456
793 466
793 476
793 486
793 496
793 506
793 516
793 526
793 536
793 546
793 556
793 566
793 576
793 586
793 596
793 606
793 616
793 626
793 636
793 646
793 656
793 666
793 676
793 686
793 696
793 706
793 716
793 726
793 736
793 746
793 756
793 766
793 776
793 786
793 796
793 806
793 816
793 826
793 836
793 846
793 856
793 866
793 876
793 886
793 896
793 906
793 916
793 926
793 936
793 946
793 956
793 966
793 976
793 986
793 996
797 1
797 11
797 21
797 31
797 41
797 51
797 61
797 71
797 81
797 91
797 101
797 111
797 121
797 131
797 141
797 151
797 161
797 171
797 181
797 191
797 201
797 211
797 221
797 231
797 241
797 251
797 261
797 271
797 281
797 291
797 301
797 311
797 321
797 331
797 341
797 351
797 361
797 371
797 381
797 391
797 401
797 411
797 421
797 431
797 441
797 451
797 461
797 471
797 481
797 491
797 501
797 511
797 521
797 531
797 541
797 551
797 561
797 571
797 581
797 591
797 601
797 611
797 621
797 631
797 641
797 651
797 661
797 671
797 681
797 691
797 701
797 711
797 721
797 731
797 741
797 751
797 761
797 771
797 781
797 791
797 801
797 811
797 821
797 831
797 841
797 851
797 861
797 871
797 881
797 891
797 901
797 911
797 921
797 931
797 941
797 951
797 961
797 971
797 981
797 991
802 6
802 16
802 26
802 36
802 46
802 56
802 66
802 76
802 86
802 96
802 106
802 116
802 126
802 136
802 146
802 156
802 166
802 176
802 186
802 196
802 206
802 216
802 226
802 236
802 246
802 256
802 266
802 276
802 286
802 296
802 306
802 316
802 326
802 336
802 346
802 356
802 366
802 376
802 386
802 396
802 406
802 416
802 426
802 436
802 446
802 456
802 466
802 476
802 486
802 496
802 506
802 516
802 526
802 536
802 546
802 556
802 566
802 576
802 586
802 596
802 606
802 616
802 626
802 636
802 646
802 656
802 666
802 676
802 686
802 696
802 706
802 716
802 726
802 736
802 746
802 756
802 766
802 776
802 786
802 796
802 806
802 816
802 826
802 836
802 846
802 856
802 866
802 876
802 886
802 896
802 906
802 916
802 926
802 936
802 946
802 956
802 966
802 976
802 986
802 996
806 1
806 11
806 21
806 31
806 41
806 51
806 61
806 71
806 81
806 91
806 101
806 111
806 121
806 131
806 141
806 151
806 161
806 171
806 181
806 191
806 201
806 211
806 221
806 231
806 241
806 251
806 261
806 271
806 281
806 291
806 301
806 311
806 321
806 331
806 341
806 351
806 361
806 371
806 381
806 391
806 401
806 411
806 421
806 431
806 441
806 451
806 461
806 471
806 481
806 491
806 501
806 511
806 521
806 531
806 541
806 551
806 561
806 571
806 581
806 591
806 601
806 611
806 621
806 631
806 641
806 651
806 661
806 671
806 681
806 691
806 701
806 711
806 721
806 731
806 741
806 751
806 761
806 771
806 781
806 791
806 801
806 811
806 821
806 831
806 841
806 851
806 861
806 871
806 881
806 891
806 901
806 911
806 921
806 931
806 941
806 951
806 961
806 971
806 981
806 991
811 6
811 16
811 26
811 36
811 46
811 56
811 66
811 76
811 86
811 96
811 106
811 116
811 126
811 136
811 146
811 156
811 166
811 176
811 186
811 196
811 206
811 216
811 226
811 236
811 246
811 256
811 266
811 276
811 286
811 296
811 306
811 316
811 326
811 336
811 346
811 356
811 366
811 376
811 386
811 396
811 406
811 416
811 426
811 436
811 446
811 456
811 466
811 476
811 486
811 496
811 506
811 516
811 526
811 536
811 546
811 556
811 566
811 576
811 586
811 596
811 606
811 616
811 626
811 636
811 646
811 656
811 666
811 676
811 686
811 696
811 706
811 716
811 726
811 736
811 746
811 756
811 766
811 776
811 786
811 796
811 806
811 816
811 826
811 836
811 846
811 856
811 866
811 876
811 886
811 896
811 906
811 916
811 926
811 936
811 946
811 956
811 966
811 976
811 986
811 996
815 1
815 11
815 21
815 31
815 41
815 51
815 61
815 71
815 81
815 91
815 101
815 111
815 121
815 131
815 141
815 151
815 161
815 171
815 181
815 191
815 201
815 211
815 221
815 231
815 241
815 251
815 261
815 271
815 281
815 291
815 301
815 311
815 321
815 331
815 341
815 351
815 361
815 371
815 381
815 391
815 401
815 411
815 421
815 431
815 441
815 451
815 461
815 471
815 481
815 491
815 501
815 511
815 521
815 531
815 541
815 551
815 561
815 571
815 581
815 591
815 601
815 611
815 621
815 631
815 641
815 651
815 661
815 671
815 681
815 691
815 701
815 711
815 721
815 731
815 741
815 751
815 761
815 771
815 781
815 791
815 801
815 811
815 821
815 831
815 841
815 851
815 861
815 871
815 881
815 891
815 901
815 911
815 921
815 931
815 941
815 951
815 961
815 971
815 981
815 991
820 6
820 16
820 26
820 36
820 46
820 56
820 66
820 76
820 86
820 96
820 106
820 116
820 126
820 136
820 146
820 156
820 166
820 176
820 186
820 196
820 206
820 216
820 226
820 236
820 246
820 256
820 266
820 276
820 286
820 296
820 306
820 316
820 326
820 336
820 346
820 356
820 366
820 376
820 386
820 396
820 406
820 416
820 426
820 436
820 446
820 456
820 466
820 476
820 486
820 496
820 506
820 516
820 526
820 536
820 546
820 556
820 566
820 576
820 586
820 596
820 606
820 616
820 626
820 636
820 646
820 656
820 666
820 676
820 686
820 696
820 706
820 716
820 726
820 736
820 746
820 756
820 766
820 776
820 786
820 796
820 806
820 816
820 826
820 836
820 846
820 856
820 866
820 876
820 886
820 896
820 906
820 916
820 926
820 936
820 946
820 956
820 966
820 976
820 986
820 996
824 1
824 11
824 21
824 31
824 41
824 51
824 61
824 71
824 81
824 91
824 101
824 111
824 121
824 131
824 141
824 151
824 161
824 171
824 181
824 191
824 201
824 211
824 221
824 231
824 241
824 251
824 261
824 271
824 281
824 291
824 301
824 311
824 321
824 331
824 341
824 351
824 361
824 371
824 381
824 391
824 401
824 411
824 421
824 431
824 441
824 451
824 461
824 471
824 481
824 491
824 501
824 511
824 521
824 531
824 541
824 551
824 561
824 571
824 581
824 591
824 601
824 611
824 621
824 631
824 641
824 651
824 661
824 671
824 681
824 691
824 701
824 711
824 721
824 731
824 741
824 751
824 761
824 771
824 781
824 791
824 801
824 811
824 821
824 831
824 841
824 851
824 861
824 871
824 881
824 891
824 901
824 911
824 921
824 931
824 941
824 951
824 961
824 971
824 981
824 991
829 6
829 16
829 26
829 36
829 46
829 56
829 66
829 76
829 86
829 96
829 106
829 116
829 126
829 136
829 146
829 156
829 166
829 176
829 186
829 196
829 206
829 216
829 226
829 236
829 246
829 256
829 266
829 276
829 286
829 296
829 306
829 316
829 326
829 336
829 346
829 356
829 366
829 376
829 386
829 396
829 406
829 416
829 426
829 436
829 446
829 456
829 466
829 476
829 486
829 496
829 506
829 516
829 526
829 536
829 546
829 556
829 566
829 576
829 586
829 596
829 606
829 616
829 626
829 636
829 646
829 656
829 666
829 676
829 686
829 696
829 706
829 716
829 726
829 736
829 746
829 756
829 766
829 776
829 786
829 796
829 806
829 816
829 826
829 836
829 846
829 856
829 866
829 876
829 886
829 896
829 906
829 916
829 926
829 936
829 946
829 956
829 966
829 976
829 986
829 996
833 1
833 11
833 21
833 31
833 41
833 51
833 61
833 71
833 81
833 91
833 101
833 111
833 121
833 131
833 141
833 151
833 161
833 171
833 181
833 191
833 201
833 211
833 221
833 231
833 241
833 251
833 261
833 271
833 281
833 291
833 301
833 311
833 321
833 331
833 341
833 351
833 361
833 371
833 381
833 391
833 401
833 411
833 421
833 431
833 441
833 451
833 461
833 471
833 481
833 491
833 501
833 511
833 521
833 531
833 541
833 551
833 561
833 571
833 581
833 591
833 601
833 611
833 621
833 631
833 641
833 651
833 661
833 671
833 681
833 691
833 701
833 711
833 721
833 731
833 741
833 751
833 761
833 771
833 781
833 791
833 801
833 811
833 821
833 831
833 841
833 851
833 861
833 871
833 881
833 891
833 901
833 911
833 921
833 931
833 941
833 951
833 961
833 971
833 981
833 991
838 6
838 16
838 26
838 36
838 46
838 56
838 66
838 76
838 86
838 96
838 106
838 116
838 126
838 136
838 146
838 156
838 166
838 176
838 186
838 196
838 206
838 216
838 226
838 236
838 246
838 256
838 266
838 276
838 286
838 296
838 306
838 316
838 326
838 336
838 346
838 356
838 366
838 376
838 386
838 396
838 406
838 416
838 426
838 436
838 446
838 456
838 466
838 476
838 486
838 496
838 506
838 516
838 526
838 536
838 546
838 556
838 566
838 576
838 586
838 596
838 606
838 616
838 626
838 636
838 646
838 656
838 666
838 676
838 686
838 696
838 706
838 716
838 726
838 736
838 746
838 756
838 766
838 776
838 786
838 796
838 806
838 816
838 826
838 836
838 846
838 856
838 866
838 876
838 886
838 896
838 906
838 916
838 926
838 936
838 946
838 956
838 966
838 976
838 986
838 996
842 1
842 11
842 21
842 31
842 41
842 51
842 61
842 71
842 81
842 91
842 101
842 111
842 121
842 131
842 141
842 151
842 161
842 171
842 181
842 191
842 201
842 211
842 221
842 231
842 241
842 251
842 261
842 271
842 281
842 291
842 301
842 311
842 321
842 331
842 341
842 351
842 361
842 371
842 381
842 391
842 401
842 411
842 421
842 431
842 441
842 451
842 461
842 471
842 481
842 491
842 501
842 511
842 521
842 531
842 541
842 551
842 561
842 571
842 581
842 591
842 601
842 611
842 621
842 631
842 641
842 651
842 661
842 671
842 681
842 691
842 701
842 711
842 721
842 731
842 741
842 751
842 761
842 771
842 781
842 791
842 801
842 811
842 821
842 831
842 841
842 851
842 861
842 871
842 881
842 891
842 901
842 911
842 921
842 931
842 941
842 951
842 961
842 971
842 981
842 991
847 6
847 16
847 26
847 36
847 46
847 56
847 66
847 76
847 86
847 96
847 106
847 116
847 126
847 136
847 146
847 156
847 166
847 176
847 186
847 196
847 206
847 216
847 226
847 236
847 246
847 256
847 266
847 276
847 286
847 296
847 306
847 316
847 326
847 336
847 346
847 356
847 366
847 376
847 386
847 396
847 406
847 416
847 426
847 436
847 446
847 456
847 466
847 476
847 486
847 496
847 506
847 516
847 526
847 536
847 546
847 556
847 566
847 576
847 586
847 596
847 606
847 616
847 626
847 636
847 646
847 656
847 666
847 676
847 686
847 696
847 706
847 716
847 726
847 736
847 746
847 756
847 766
847 776
847 786
847 796
847 806
847 816
847 826
847 836
847 846
847 856
847 866
847 876
847 886
847 896
847 906
847 916
847 926
847 936
847 946
847 956
847 966
847 976
847 986
847 996
851 1
851 11
851 21
851 31
851 41
851 51
851 61
851 71
851 81
851 91
851 101
851 111
851 121
851 131
851 141
851 151
851 161
851 171
851 181
851 191
851 201
851 211
851 221
851 231
851 241
851 251
851 261
851 271
851 281
851 291
851 301
851 311
851 321
851 331
851 341
851 351
851 361
851 371
851 381
851 391
851 401
851 411
851 421
851 431
851 441
851 451
851 461
851 471
851 481
851 491
851 501
851 511
851 521
851 531
851 541
851 551
851 561
851 571
851 581
851 591
851 601
851 611
851 621
851 631
851 641
851 651
851 661
851 671
851 681
851 691
851 701
851 711
851 721
851 731
851 741
851 751
851 761
851 771
851 781
851 791
851 801
851 811
851 821
851 831
851 841
851 851
851 861
851 871
851 881
851 891
851 901
851 911
851 921
851 931
851 941
851 951
851 961
851 971
851 981
851 991
856 6
856 16
856 26
856 36
856 46
856 56
856 66
856 76
856 86
856 96
856 106
856 116
856 126
856 136
856 146
856 156
856 166
856 176
856 186
856 196
856 206
856 216
856 226
856 236
856 246
856 256
856 266
856 276
856 286
856 296
856 306
856 316
856 326
856 336
856 346
856 356
856 366
856 376
856 386
856 396
856 406
856 416
856 426
856 436
856 446
856 456
856 466
856 476
856 486
856 496
856 506
856 516
856 526
856 536
856 546
856 556
856 566
856 576
856 586
856 596
856 606
856 616
856 626
856 636
856 646
856 656
856 666
856 676
856 686
856 696
856 706
856 716
856 726
856 736
856 746
856 756
856 766
856 776
856 786
856 796
856 806
856 816
856 826
856 836
856 846
856 856
856 866
856 876
856 886
856 896
856 906
856 916
856 926
856 936
856 946
856 956
856 966
856 976
856 986
856 996
860 1
860 11
860 21
860 31
860 41
860 51
860 61
860 71
860 81
860 91
860 101
860 111
860 121
860 131
860 141
860 151
860 161
860 171
860 181
860 191
860 201
860 211
860 221
860 231
860 241
860 251
860 261
860 271
860 281
860 291
860 301
860 311
860 321
860 331
860 341
860 351
860 361
860 371
860 381
860 391
860 401
860 411
860 421
860 431
860 441
860 451
860 461
860 471
860 481
860 491
860 501
860 511
860 521
860 531
860 541
860 551
860 561
860 571
860 581
860 591
860 601
860 611
860 621
860 631
860 641
860 651
860 661
860 671
860 681
860 691
860 701
860 711
860 721
860 731
860 741
860 751
860 761
860 771
860 781
860 791
860 801
860 811
860 821
860 831
860 841
860 851
860 861
860 871
860 881
860 891
860 901
860 911
860 921
860 931
860 941
860 951
860 961
860 971
860 981
860 991
865 6
865 16
865 26
865 36
865 46
865 56
865 66
865 76
865 86
865 96
865 106
865 116
865 126
865 136
865 146
865 156
865 166
865 176
865 186
865 196
865 206
865 216
865 226
865 236
865 246
865 256
865 266
865 276
865 286
865 296
865 306
865 316
865 326
865 336
865 346
865 356
865 366
865 376
865 386
865 396
865 406
865 416
865 426
865 436
865 446
865 456
865 466
865 476
865 486
865 496
865 506
865 516
865 526
865 536
865 546
865 556
865 566
865 576
865 586
865 596
865 606
865 616
865 626
865 636
865 646
865 656
865 666
865 676
865 686
865 696
865 706
865 716
865 726
865 736
865 746
865 756
865 766
865 776
865 786
865 796
865 806
865 816
865 826
865 836
865 846
865 856
865 866
865 876
865 886
865 896
865 906
865 916
865 926
865 936
865 946
865 956
865 966
865 976
865 986
865 996
869 1
869 11
869 21
869 31
869 41
869 51
869 61
869 71
869 81
869 91
869 101
869 111
869 121
869 131
869 141
869 151
869 161
869 171
869 181
869 191
869 201
869 211
869 221
869 231
869 241
869 251
869 261
869 271
869 281
869 291
869 301
869 311
869 321
869 331
869 341
869 351
869 361
869 371
869 381
869 391
869 401
869 411
869 421
869 431
869 441
869 451
869 461
869 471
869 481
869 491
869 501
869 511
869 521
869 531
869 541
869 551
869 561
869 571
869 581
869 591
869 601
869 611
869 621
869 631
869 641
869 651
869 661
869 671
869 681
869 691
869 701
869 711
869 721
869 731
869 741
869 751
869 761
869 771
869 781
869 791
869 801
869 811
869 821
869 831
869 841
869 851
869 861
869 871
869 881
869 891
869 901
869 911
869 921
869 931
869 941
869 951
869 961
869 971
869 981
869 991
874 6
874 16
874 26
874 36
874 46
874 56
874 66
874 76
874 86
874 96
874 106
874 116
874 126
874 136
874 146
874 156
874 166
874 176
874 186
874 196
874 206
874 216
874 226
874 236
874 246
874 256
874 266
874 276
874 286
874 296
874 306
874 316
874 326
874 336
874 346
874 356
874 366
874 376
874 386
874 396
874 406
874 416
874 426
874 436
874 446
874 456
874 466
874 476
874 486
874 496
874 506
874 516
874 526
874 536
874 546
874 556
874 566
874 576
874 586
874 596
874 606
874 616
874 626
874 636
874 646
874 656
874 666
874 676
874 686
874 696
874 706
874 716
874 726
874 736
874 746
874 756
874 766
874 776
874 786
874 796
874 806
874 816
874 826
874 836
874 846
874 856
874 866
874 876
874 886
874 896
874 906
874 916
874 926
874 936
874 946
874 956
874 966
874 976
874 986
874 996
878 1
878 11
878 21
878 31
878 41
878 51
878 61
878 71
878 81
878 91
878 101
878 111
878 121
878 131
878 141
878 151
878 161
878 171
878 181
878 191
878 201
878 211
878 221
878 231
878 241
878 251
878 261
878 271
878 281
878 291
878 301
878 311
878 321
878 331
878 341
878 351
878 361
878 371
878 381
878 391
878 401
878 411
878 421
878 431
878 441
878 451
878 461
878 471
878 481
878 491
878 501
878 511
878 521
878 531
878 541
878 551
878 561
878 571
878 581
878 591
878 601
878 611
878 621
878 631
878 641
878 651
878 661
878 671
878 681
878 691
878 701
878 711
878 721
878 731
878 741
878 751
878 761
878 771
878 781
878 791
878 801
878 811
878 821
878 831
878 841
878 851
878 861
878 871
878 881
878 891
878 901
878 911
878 921
878 931
878 941
878 951
878 961
878 971
878 981
878 991
883 6
883 16
883 26
883 36
883 46
883 56
883 66
883 76
883 86
883 96
883 106
883 116
883 126
883 136
883 146
883 156
883 166
883 176
883 186
883 196
883 206
883 216
883 226
883 236
883 246
883 256
883 266
883 276
883 286
883 296
883 306
883 316
883 326
883 336
883 346
883 356
883 366
883 376
883 386
883 396
883 406
883 416
883 426
883 436
883 446
883 456
883 466
883 476
883 486
883 496
883 506
883 516
883 526
883 536
883 546
883 556
883 566
883 576
883 586
883 596
883 606
883 616
883 626
883 636
883 646
883 656
883 666
883 676
883 686
883 696
883 706
883 716
883 726
883 736
883 746
883 756
883 766
883 776
883 786
883 796
883 806
883 816
883 826
883 836
883 846
883 856
883 866
883 876
883 886
883 896
883 906
883 916
883 926
883 936
883 946
883 956
883 966
883 976
883 986
883 996
887 1
887 11
887 21
887 31
887 41
887 51
887 61
887 71
887 81
887 91
887 101
887 111
887 121
887 131
887 141
887 151
887 161
887 171
887 181
887 191
887 201
887 211
887 221
887 231
887 241
887 251
887 261
887 271
887 281
887 291
887 301
887 311
887 321
887 331
887 341
887 351
887 361
887 371
887 381
887 391
887 401
887 411
887 421
887 431
887 441
887 451
887 461
887 471
887 481
887 491
887 501
887 511
887 521
887 531
887 541
887 551
887 561
887 571
887 581
887 591
887 601
887 611
887 621
887 631
887 641
887 651
887 661
887 671
887 681
887 691
887 701
887 711
887 721
887 731
887 741
887 751
887 761
887 771
887 781
887 791
887 801
887 811
887 821
887 831
887 841
887 851
887 861
887 871
887 881
887 891
887 901
887 911
887 921
887 931
887 941
887 951
887 961
887 971
887 981
887 991
892 6
892 16
892 26
892 36
892 46
892 56
892 66
892 76
892 86
892 96
892 106
892 116
892 126
892 136
892 146
892 156
892 166
892 176
892 186
892 196
892 206
892 216
892 226
892 236
892 246
892 256
892 266
892 276
892 286
892 296
892 306
892 316
892 326
892 336
892 346
892 356
892 366
892 376
892 386
892 396
892 406
892 416
892 426
892 436
892 446
892 456
892 466
892 476
892 486
892 496
892 506
892 516
892 526
892 536
892 546
892 556
892 566
892 576
892 586
892 596
892 606
892 616
892 626
892 636
892 646
892 656
892 666
892 676
892 686
892 696
892 706
892 716
892 726
892 736
892 746
892 756
892 766
892 776
892 786
892 796
892 806
892 816
892 826
892 836
892 846
892 856
892 866
892 876
892 886
892 896
892 906
892 916
892 926
892 936
892 946
892 956
892 966
892 976
892 986
892 996
896 1
896 11
896 21
896 31
896 41
896 51
896 61
896 71
896 81
896 91
896 101
896 111
896 121
896 131
896 141
896 151
896 161
896 171
896 181
896 191
896 201
896 211
896 221
896 231
896 241
896 251
896 261
896 271
896 281
896 291
896 301
896 311
896 321
896 331
896 341
896 351
896 361
896 371
896 381
896 391
896 401
896 411
896 421
896 431
896 441
896 451
896 461
896 471
896 481
896 491
896 501
896 511
896 521
896 531
896 541
896 551
896 561
896 571
896 581
896 591
896 601
896 611
896 621
896 631
896 641
896 651
896 661
896 671
896 681
896 691
896 701
896 711
896 721
896 731
896 741
896 751
896 761
896 771
896 781
896 791
896 801
896 811
896 821
896 831
896 841
896 851
896 861
896 871
896 881
896 891
896 901
896 911
896 921
896 931
896 941
896 951
896 961
896 971
896 981
896 991
901 6
901 16
901 26
901 36
901 46
901 56
901 66
901 76
901 86
901 96
901 106
901 116
901 126
901 136
901 146
901 156
901 166
901 176
901 186
901 196
901 206
901 216
901 226
901 236
901 246
901 256
901 266
901 276
901 286
901 296
901 306
901 316
901 326
901 336
901 346
901 356
901 366
901 376
901 386
901 396
901 406
901 416
901 426
901 436
901 446
901 456
901 466
901 476
901 486
901 496
901 506
901 516
901 526
901 536
901 546
901 556
901 566
901 576
901 586
901 596
901 606
901 616
901 626
901 636
901 646
901 656
901 666
901 676
901 686
901 696
901 706
901 716
901 726
901 736
901 746
901 756
901 766
901 776
901 786
901 796
901 806
901 816
901 826
901 836
901 846
901 856
901 866
901 876
901 886
901 896
901 906
901 916
901 926
901 936
901 946
901 956
901 966
901 976
901 986
901 996
905 1
905 11
905 21
905 31
905 41
905 51
905 61
905 71
905 81
905 91
905 101
905 111
905 121
905 131
905 141
905 151
905 161
905 171
905 181
905 191
905 201
905 211
905 221
905 231
905 241
905 251
905 261
905 271
905 281
905 291
905 301
905 311
905 321
905 331
905 341
905 351
905 361
905 371
905 381
905 391
905 401
905 411
905 421
905 431
905 441
905 451
905 461
905 471
905 481
905 491
905 501
905 511
905 521
905 531
905 541
905 551
905 561
905 571
905 581
905 591
905 601
905 611
905 621
905 631
905 641
905 651
905 661
905 671
905 681
905 691
905 701
905 711
905 721
905 731
905 741
905 751
905 761
905 771
905 781
905 791
905 801
905 811
905 821
905 831
905 841
905 851
905 861
905 871
905 881
905 891
905 901
905 911
905 921
905 931
905 941
905 951
905 961
905 971
905 981
905 991
910 6
910 16
910 26
910 36
910 46
910 56
910 66
910 76
910 86
910 96
910 106
910 116
910 126
910 136
910 146
910 156
910 166
910 176
910 186
910 196
910 206
910 216
910 226
910 236
910 246
910 256
910 266
910 276
910 286
910 296
910 306
910 316
910 326
910 336
910 346
910 356
910 366
910 376
910 386
910 396
910 406
910 416
910 426
910 436
910 446
910 456
910 466
910 476
910 486
910 496
910 506
910 516
910 526
910 536
910 546
910 556
910 566
910 576
910 586
910 596
910 606
910 616
910 626
910 636
910 646
910 656
910 666
910 676
910 686
910 696
910 706
910 716
910 726
910 736
910 746
910 756
910 766
910 776
910 786
910 796
910 806
910 816
910 826
910 836
910 846
910 856
910 866
910 876
910 886
910 896
910 906
910 916
910 926
910 936
910 946
910 956
910 966
910 976
910 986
910 996
914 1
914 11
914 21
914 31
914 41
914 51
914 61
914 71
914 81
914 91
914 101
914 111
914 121
914 131
914 141
914 151
914 161
914 171
914 181
914 191
914 201
914 211
914 221
914 231
914 241
914 251
914 261
914 271
914 281
914 291
914 301
914 311
914 321
914 331
914 341
914 351
914 361
914 371
914 381
914 391
914 401
914 411
914 421
914 431
914 441
914 451
914 461
914 471
914 481
914 491
914 501
914 511
914 521
914 531
914 541
914 551
914 561
914 571
914 581
914 591
914 601
914 611
914 621
914 631
914 641
914 651
914 661
914 671
914 681
914 691
914 701
914 711
914 721
914 731
914 741
914 751
914 761
914 771
914 781
914 791
914 801
914 811
914 821
914 831
914 841
914 851
914 861
914 871
914 881
914 891
914 901
914 911
914 921
914 931
914 941
914 951
914 961
914 971
914 981
914 991
919 6
919 16
919 26
919 36
919 46
919 56
919 66
919 76
919 86
919 96
919 106
919 116
919 126
919 136
919 146
919 156
919 166
919 176
919 186
919 196
919 206
919 216
919 226
919 236
919 246
919 256
919 266
919 276
919 286
919 296
919 306
919 316
919 326
919 336
919 346
919 356
919 366
919 376
919 386
919 396
919 406
919 416
919 426
919 436
919 446
919 456
919 466
919 476
919 486
919 496
919 506
919 516
919 526
919 536
919 546
919 556
919 566
919 576
919 586
919 596
919 606
919 616
919 626
919 636
919 646
919 656
919 666
919 676
919 686
919 696
919 706
919 716
919 726
919 736
919 746
919 756
919 766
919 776
919 786
919 796
919 806
919 816
919 826
919 836
919 846
919 856
919 866
919 876
919 886
919 896
919 906
919 916
919 926
919 936
919 946
919 956
919 966
919 976
919 986
919 996
923 1
923 11
923 21
923 31
923 41
923 51
923 61
923 71
923 81
923 91
923 101
923 111
923 121
923 131
923 141
923 151
923 161
923 171
923 181
923 191
923 201
923 211
923 221
923 231
923 241
923 251
923 261
923 271
923 281
923 291
923 301
923 311
923 321
923 331
923 341
923 351
923 361
923 371
923 381
923 391
923 401
923 411
923 421
923 431
923 441
923 451
923 461
923 471
923 481
923 491
923 501
923 511
923 521
923 531
923 541
923 551
923 561
923 571
923 581
923 591
923 601
923 611
923 621
923 631
923 641
923 651
923 661
923 671
923 681
923 691
923 701
923 711
923 721
923 731
923 741
923 751
923 761
923 771
923 781
923 791
923 801
923 811
923 821
923 831
923 841
923 851
923 861
923 871
923 881
923 891
923 901
923 911
923 921
923 931
923 941
923 951
923 961
923 971
923 981
923 991
928 6
928 16
928 26
928 36
928 46
928 56
928 66
928 76
928 86
928 96
928 106
928 116
928 126
928 136
928 146
928 156
928 166
928 176
928 186
928 196
928 206
928 216
928 226
928 236
928 246
928 256
928 266
928 276
928 286
928 296
928 306
928 316
928 326
928 336
928 346
928 356
928 366
928 376
928 386
928 396
928 406
928 416
928 426
928 436
928 446
928 456
928 466
928 476
928 486
928 496
928 506
928 516
928 526
928 536
928 546
928 556
928 566
928 576
928 586
928 596
928 606
928 616
928 626
928 636
928 646
928 656
928 666
928 676
928 686
928 696
928 706
928 716
928 726
928 736
928 746
928 756
928 766
928 776
928 786
928 796
928 806
928 816
928 826
928 836
928 846
928 856
928 866
928 876
928 886
928 896
928 906
928 916
928 926
928 936
928 946
928 956
928 966
928 976
928 986
928 996
932 1
932 11
932 21
932 31
932 41
932 51
932 61
932 71
932 81
932 91
932 101
932 111
932 121
932 131
932 141
932 151
932 161
932 171
932 181
932 191
932 201
932 211
932 221
932 231
932 241
932 251
932 261
932 271
932 281
932 291
932 301
932 311
932 321
932 331
932 341
932 351
932 361
932 371
932 381
932 391
932 401
932 411
932 421
932 431
932 441
932 451
932 461
932 471
932 481
932 491
932 501
932 511
932 521
932 531
932 541
932 551
932 561
932 571
932 581
932 591
932 601
932 611
932 621
932 631
932 641
932 651
932 661
932 671
932 681
932 691
932 701
932 711
932 721
932 731
932 741
932 751
932 761
932 771
932 781
932 791
932 801
932 811
932 821
932 831
932 841
932 851
932 861
932 871
932 881
932 891
932 901
932 911
932 921
932 931
932 941
932 951
932 961
932 971
932 981
932 991
937 6
937 16
937 26
937 36
937 46
937 56
937 66
937 76
937 86
937 96
937 106
937 116
937 126
937 136
937 146
937 156
937 166
937 176
937 186
937 196
937 206
937 216
937 226
937 236
937 246
937 256
937 266
937 276
937 286
937 296
937 306
937 316
937 326
937 336
937 346
937 356
937 366
937 376
937 386
937 396
937 406
937 416
937 426
937 436
937 446
937 456
937 466
937 476
937 486
937 496
937 506
937 516
937 526
937 536
937 546
937 556
937 566
937 576
937 586
937 596
937 606
937 616
937 626
937 636
937 646
937 656
937 666
937 676
937 686
937 696
937 706
937 716
937 726
937 736
937 746
937 756
937 766
937 776
937 786
937 796
937 806
937 816
937 826
937 836
937 846
937 856
937 866
937 876
937 886
937 896
937 906
937 916
937 926
937 936
937 946
937 956
937 966
937 976
937 986
937 996
941 1
941 11
941 21
941 31
941 41
941 51
941 61
941 71
941 81
941 91
941 101
941 111
941 121
941 131
941 141
941 151
941 161
941 171
941 181
941 191
941 201
941 211
941 221
941 231
941 241
941 251
941 261
941 271
941 281
941 291
941 301
941 311
941 321
941 331
941 341
941 351
941 361
941 371
941 381
941 391
941 401
941 411
941 421
941 431
941 441
941 451
941 461
941 471
941 481
941 491
941 501
941 511
941 521
941 531
941 541
941 551
941 561
941 571
941 581
941 591
941 601
941 611
941 621
941 631
941 641
941 651
941 661
941 671
941 681
941 691
941 701
941 711
941 721
941 731
941 741
941 751
941 761
941 771
941 781
941 791
941 801
941 811
941 821
941 831
941 841
941 851
941 861
941 871
941 881
941 891
941 901
941 911
941 921
941 931
941 941
941 951
941 961
941 971
941 981
941 991
946 6
946 16
946 26
946 36
946 46
946 56
946 66
946 76
946 86
946 96
946 106
946 116
946 126
946 136
946 146
946 156
946 166
946 176
946 186
946 196
946 206
946 216
946 226
946 236
946 246
946 256
946 266
946 276
946 286
946 296
946 306
946 316
946 326
946 336
946 346
946 356
946 366
946 376
946 386
946 396
946 406
946 416
946 426
946 436
946 446
946 456
946 466
946 476
946 486
946 496
946 506
946 516
946 526
946 536
946 546
946 556
946 566
946 576
946 586
946 596
946 606
946 616
946 626
946 636
946 646
946 656
946 666
946 676
946 686
946 696
946 706
946 716
946 726
946 736
946 746
946 756
946 766
946 776
946 786
946 796
946 806
946 816
946 826
946 836
946 846
946 856
946 866
946 876
946 886
946 896
946 906
946 916
946 926
946 936
946 946
946 956
946 966
946 976
946 986
946 996
950 1
950 11
950 21
950 31
950 41
950 51
950 61
950 71
950 81
950 91
950 101
950 111
950 121
950 131
950 141
950 151
950 161
950 171
950 181
950 191
950 201
950 211
950 221
950 231
950 241
950 251
950 261
950 271
950 281
950 291
950 301
950 311
950 321
950 331
950 341
950 351
950 361
950 371
950 381
950 391
950 401
950 411
950 421
950 431
950 441
950 451
950 461
950 471
950 481
950 491
950 501
950 511
950 521
950 531
950 541
950 551
950 561
950 571
950 581
950 591
950 601
950 611
950 621
950 631
950 641
950 651
950 661
950 671
950 681
950 691
950 701
950 711
950 721
950 731
950 741
950 751
950 761
950 771
950 781
950 791
950 801
950 811
950 821
950 831
950 841
950 851
950 861
950 871
950 881
950 891
950 901
950 911
950 921
950 931
950 941
950 951
950 961
950 971
950 981
950 991
955 6
955 16
955 26
955 36
955 46
955 56
955 66
955 76
955 86
955 96
955 106
955 116
955 126
955 136
955 146
955 156
955 166
955 176
955 186
955 196
955 206
955 216
955 226
955 236
955 246
955 256
955 266
955 276
955 286
955 296
955 306
955 316
955 326
955 336
955 346
955 356
955 366
955 376
955 386
955 396
955 406
955 416
955 426
955 436
955 446
955 456
955 466
955 476
955 486
955 496
955 506
955 516
955 526
955 536
955 546
955 556
955 566
955 576
955 586
955 596
955 606
955 616
955 626
955 636
955 646
955 656
955 666
955 676
955 686
955 696
955 706
955 716
955 726
955 736
955 746
955 756
955 766
955 776
955 786
955 796
955 806
955 816
955 826
955 836
955 846
955 856
955 866
955 876
955 886
955 896
955 906
955 916
955 926
955 936
955 946
955 956
955 966
955 976
955 986
955 996
959 1
959 11
959 21
959 31
959 41
959 51
959 61
959 71
959 81
959 91
959 101
959 111
959 121
959 131
959 141
959 151
959 161
959 171
959 181
959 191
959 201
959 211
959 221
959 231
959 241
959 251
959 261
959 271
959 281
959 291
959 301
959 311
959 321
959 331
959 341
959 351
959 361
959 371
959 381
959 391
959 401
959 411
959 421
959 431
959 441
959 451
959 461
959 471
959 481
959 491
959 501
959 511
959 521
959 531
959 541
959 551
959 561
959 571
959 581
959 591
959 601
959 611
959 621
959 631
959 641
959 651
959 661
959 671
959 681
959 691
959 701
959 711
959 721
959 731
959 741
959 751
959 761
959 771
959 781
959 791
959 801
959 811
959 821
959 831
959 841
959 851
959 861
959 871
959 881
959 891
959 901
959 911
959 921
959 931
959 941
959 951
959 961
959 971
959 981
959 991
964 6
964 16
964 26
964 36
964 46
964 56
964 66
964 76
964 86
964 96
964 106
964 116
964 126
964 136
964 146
964 156
964 166
964 176
964 186
964 196
964 206
964 216
964 226
964 236
964 246
964 256
964 266
964 276
964 286
964 296
964 306
964 316
964 326
964 336
964 346
964 356
964 366
964 376
964 386
964 396
964 406
964 416
964 426
964 436
964 446
964 456
964 466
964 476
964 486
964 496
964 506
964 516
964 526
964 536
964 546
964 556
964 566
964 576
964 586
964 596
964 606
964 616
964 626
964 636
964 646
964 656
964 666
964 676
964 686
964 696
964 706
964 716
964 726
964 736
964 746
964 756
964 766
964 776
964 786
964 796
964 806
964 816
964 826
964 836
964 846
964 856
964 866
964 876
964 886
964 896
964 906
964 916
964 926
964 936
964 946
964 956
964 966
964 976
964 986
964 996
968 1
968 11
968 21
968 31
968 41
968 51
968 61
968 71
968 81
968 91
968 101
968 111
968 121
968 131
968 141
968 151
968 161
968 171
968 181
968 191
968 201
968 211
968 221
968 231
968 241
968 251
968 261
968 271
968 281
968 291
968 301
968 311
968 321
968 331
968 341
968 351
968 361
968 371
968 381
968 391
968 401
968 411
968 421
968 431
968 441
968 451
968 461
968 471
968 481
968 491
968 501
968 511
968 521
968 531
968 541
968 551
968 561
968 571
968 581
968 591
968 601
968 611
968 621
968 631
968 641
968 651
968 661
968 671
968 681
968 691
968 701
968 711
968 721
968 731
968 741
968 751
968 761
968 771
968 781
968 791
968 801
968 811
968 821
968 831
968 841
968 851
968 861
968 871
968 881
968 891
968 901
968 911
968 921
968 931
968 941
968 951
968 961
968 971
968 981
968 991
973 6
973 16
973 26
973 36
973 46
973 56
973 66
973 76
973 86
973 96
973 106
973 116
973 126
973 136
973 146
973 156
973 166
973 176
973 186
973 196
973 206
973 216
973 226
973 236
973 246
973 256
973 266
973 276
973 286
973 296
973 306
973 316
973 326
973 336
973 346
973 356
973 366
973 376
973 386
973 396
973 406
973 416
973 426
973 436
973 446
973 456
973 466
973 476
973 486
973 496
973 506
973 516
973 526
973 536
973 546
973 556
973 566
973 576
973 586
973 596
973 606
973 616
973 626
973 636
973 646
973 656
973 666
973 676
973 686
973 696
973 706
973 716
973 726
973 736
973 746
973 756
973 766
973 776
973 786
973 796
973 806
973 816
973 826
973 836
973 846
973 856
973 866
973 876
973 886
973 896
973 906
973 916
973 926
973 936
973 946
973 956
973 966
973 976
973 986
973 996
977 1
977 11
977 21
977 31
977 41
977 51
977 61
977 71
977 81
977 91
977 101
977 111
977 121
977 131
977 141
977 151
977 161
977 171
977 181
977 191
977 201
977 211
977 221
977 231
977 241
977 251
977 261
977 271
977 281
977 291
977 301
977 311
977 321
977 331
977 341
977 351
977 361
977 371
977 381
977 391
977 401
977 411
977 421
977 431
977 441
977 451
977 461
977 471
977 481
977 491
977 501
977 511
977 521
977 531
977 541
977 551
977 561
977 571
977 581
977 591
977 601
977 611
977 621
977 631
977 641
977 651
977 661
977 671
977 681
977 691
977 701
977 711
977 721
977 731
977 741
977 751
977 761
977 771
977 781
977 791
977 801
977 811
977 821
977 831
977 841
977 851
977 861
977 871
977 881
977 891
977 901
977 911
977 921
977 931
977 941
977 951
977 961
977 971
977 981
977 991
982 6
982 16
982 26
982 36
982 46
982 56
982 66
982 76
982 86
982 96
982 106
982 116
982 126
982 136
982 146
982 156
982 166
982 176
982 186
982 196
982 206
982 216
982 226
982 236
982 246
982 256
982 266
982 276
982 286
982 296
982 306
982 316
982 326
982 336
982 346
982 356
982 366
982 376
982 386
982 396
982 406
982 416
982 426
982 436
982 446
982 456
982 466
982 476
982 486
982 496
982 506
982 516
982 526
982 536
982 546
982 556
982 566
982 576
982 586
982 596
982 606
982 616
982 626
982 636
982 646
982 656
982 666
982 676
982 686
982 696
982 706
982 716
982 726
982 736
982 746
982 756
982 766
982 776
982 786
982 796
982 806
982 816
982 826
982 836
982 846
982 856
982 866
982 876
982 886
982 896
982 906
982 916
982 926
982 936
982 946
982 956
982 966
982 976
982 986
982 996
986 1
986 11
986 21
986 31
986 41
986 51
986 61
986 71
986 81
986 91
986 101
986 111
986 121
986 131
986 141
986 151
986 161
986 171
986 181
986 191
986 201
986 211
986 221
986 231
986 241
986 251
986 261
986 271
986 281
986 291
986 301
986 311
986 321
986 331
986 341
986 351
986 361
986 371
986 381
986 391
986 401
986 411
986 421
986 431
986 441
986 451
986 461
986 471
986 481
986 491
986 501
986 511
986 521
986 531
986 541
986 551
986 561
986 571
986 581
986 591
986 601
986 611
986 621
986 631
986 641
986 651
986 661
986 671
986 681
986 691
986 701
986 711
986 721
986 731
986 741
986 751
986 761
986 771
986 781
986 791
986 801
986 811
986 821
986 831
986 841
986 851
986 861
986 871
986 881
986 891
986 901
986 911
986 921
986 931
986 941
986 951
986 961
986 971
986 981
986 991
991 6
991 16
991 26
991 36
991 46
991 56
991 66
991 76
991 86
991 96
991 106
991 116
991 126
991 136
991 146
991 156
991 166
991 176
991 186
991 196
991 206
991 216
991 226
991 236
991 246
991 256
991 266
991 276
991 286
991 296
991 306
991 316
991 326
991 336
991 346
991 356
991 366
991 376
991 386
991 396
991 406
991 416
991 426
991 436
991 446
991 456
991 466
991 476
991 486
991 496
991 506
991 516
991 526
991 536
991 546
991 556
991 566
991 576
991 586
991 596
991 606
991 616
991 626
991 636
991 646
991 656
991 666
991 676
991 686
991 696
991 706
991 716
991 726
991 736
991 746
991 756
991 766
991 776
991 786
991 796
991 806
991 816
991 826
991 836
991 846
991 856
991 866
991 876
991 886
991 896
991 906
991 916
991 926
991 936
991 946
991 956
991 966
991 976
991 986
991 996
995 1
995 11
995 21
995 31
995 41
995 51
995 61
995 71
995 81
995 91
995 101
995 111
995 121
995 131
995 141
995 151
995 161
995 171
995 181
995 191
995 201
995 211
995 221
995 231
995 241
995 251
995 261
995 271
995 281
995 291
995 301
995 311
995 321
995 331
995 341
995 351
995 361
995 371
995 381
995 391
995 401
995 411
995 421
995 431
995 441
995 451
995 461
995 471
995 481
995 491
995 501
995 511
995 521
995 531
995 541
995 551
995 561
995 571
995 581
995 591
995 601
995 611
995 621
995 631
995 641
995 651
995 661
995 671
995 681
995 691
995 701
995 711
995 721
995 731
995 741
995 751
995 761
995 771
995 781
995 791
995 801
995 811
995 821
995 831
995 841
995 851
995 861
995 871
995 881
995 891
995 901
995 911
995 921
995 931
995 941
995 951
995 961
995 971
995 981
995 991
1000 6
1000 16
1000 26
1000 36
1000 46
1000 56
1000 66
1000 76
1000 86
1000 96
1000 106
1000 116
1000 126
1000 136
1000 146
1000 156
1000 166
1000 176
1000 186
1000 196
1000 206
1000 216
1000 226
1000 236
1000 246
1000 256
1000 266
1000 276
1000 286
1000 296
1000 306
1000 316
1000 326
1000 336
1000 346
1000 356
1000 366
1000 376
1000 386
1000 396
1000 406
1000 416
1000 426
1000 436
1000 446
1000 456
1000 466
1000 476
1000 486
1000 496
1000 506
1000 516
1000 526
1000 536
1000 546
1000 556
1000 566
1000 576
1000 586
1000 596
1000 606
1000 616
1000 626
1000 636
1000 646
1000 656
1000 666
1000 676
1000 686
1000 696
1000 706
1000 716
1000 726
1000 736
1000 746
1000 756
1000 766
1000 776
1000 786
1000 796
1000 806
1000 816
1000 826
1000 836
1000 846
1000 856
1000 866
1000 876
1000 886
1000 896
1000 906
1000 916
1000 926
1000 936
1000 946
1000 956
1000 966
1000 976
1000 986
1000 996
