4
13
8
12
19
10
3
5
10
14
13
28
5
24
56
35
9
26
18
12
30
41
22
11
22
14
13
4
23
14
31
11
9
29
16
13
10
12
12
46
18
17
5
18
7
9
8
18
6
9
12
46
17
36
13
32
39
26
23
14
8
12
26
12
19
6
26
20
16
6
22
35
8
7
9
16
15
12
6
15
13
54
14
7
27
20
49
12
7
17
36
16
35
12
53
10
53
15
14
10
19
38
11
34
29
17
4
11
14
16
7
17
24
15
29
29
24
43
12
18
16
11
5
11
4
34
12
14
12
31
28
35
19
27
4
7
3
20
31
26
13
5
10
17
32
9
18
12
15
6
15
20
19
20
42
8
24
18
41
50
26
18
45
22
37
22
24
29
42
14
37
16
31
15
4
24
6
16
18
39
10
1
24
23
10
20
5
14
7
23
25
8
25
26
25
17
10
23
24
14
7
58
15
4
40
16
7
18
17
21
19
14
22
17
20
37
45
14
21
4
39
13
34
35
27
6
13
23
8
1
12
9
49
31
50
20
14
18
35
5
36
45
21
11
18
10
32
25
37
7
32
10
20
42
9
9
23
29
26
23
12
13
29
47
6
46
17
25
14
51
29
4
12
31
9
53
16
17
19
14
63
8
55
41
35
35
5
27
8
45
27
32
11
8
6
35
21
31
4
24
22
31
15
22
3
16
6
30
14
8
3
35
23
10
3
11
36
35
15
31
29
11
29
37
18
9
43
15
9
16
12
40
15
39
38
15
3
28
17
42
11
11
24
72
21
10
24
31
32
41
3
12
7
11
32
8
21
20
9
14
52
33
17
5
14
12
14
30
13
21
29
24
7
65
46
18
30
59
33
30
12
26
49
34
24
23
43
19
35
4
7
14
21
6
13
32
36
35
16
41
12
16
12
12
3
8
28
12
43
37
9
10
25
12
27
30
29
17
15
22
36
13
17
5
7
57
43
32
13
11
46
22
31
4
11
51
45
48
17
23
33
19
31
21
3
4
24
5
38
9
42
28
25
8
51
33
11
34
17
24
13
29
15
9
21
13
20
23
17
1
13
7
2
29
33
32
8
29
34
14
23
26
8
40
27
26
42
46
31
1
50
22
15
13
35
22
32
53
47
19
19
31
21
8
15
5
16
4
10
23
29
5
6
8
44
27
17
6
12
49
22
9
27
11
18
36
20
26
36
40
14
48
22
7
18
18
14
9
16
15
52
16
41
10
16
18
54
14
24
12
25
3
17
45
11
8
26
4
14
9
10
4
8
13
18
18
16
15
4
19
6
30
26
32
14
12
5
13
24
38
29
36
13
31
16
17
21
12
49
31
7
12
27
14
34
8
47
34
28
27
8
12
28
1
35
21
18
17
26
10
3
14
29
41
7
39
24
8
9
39
26
11
9
24
16
15
5
33
18
9
5
29
13
34
2
40
11
29
12
10
11
9
8
37
37
2
15
6
71
34
6
6
35
7
23
4
22
29
58
10
10
17
27
7
19
9
10
7
26
1
8
42
7
3
33
12
21
47
39
18
26
11
23
22
48
5
18
47
20
27
45
14
30
28
19
23
41
20
44
8
23
15
24
14
11
18
5
21
26
14
22
1
59
51
16
10
25
16
4
37
20
36
46
22
11
14
30
11
13
32
13
16
49
29
46
25
7
2
8
3
11
17
14
6
31
43
6
5
19
23
37
11
9
38
27
6
10
20
4
19
40
12
7
21
3
10
21
48
9
18
35
12
48
22
22
8
8
37
18
32
58
47
18
25
17
17
15
54
24
23
32
29
21
32
20
6
20
14
47
21
18
39
31
17
18
19
8
13
20
39
17
31
16
2
9
6
17
3
10
18
4
24
17
8
5
16
42
7
12
54
7
37
34
37
20
31
6
19
33
39
6
37
13
8
32
45
29
28
14
26
6
48
11
20
1
18
19
19
17
13
5
19
37
14
27
15
21
23
12
4
21
6
7
52
4
27
8
21
11
40
39
4
46
12
17
21
17
8
18
10
13
46
4
31
16
25
11
13
13
19
23
14
21
11
21
10
41
20
7
13
6
9
10
19
23
14
31
65
5
4
30
22
8
26
19
21
21
9
7
17
21
20
19
6
46
32
4
10
13
14
14
42
23
24
5
9
17
14
8
31
45
29
15
22
2
6
55
30
11
23
18
24
26
10
23
2
42
28
24
23
4
17
7
42
12
14
48
51
3
30
10
11
19
49
3
50
4
65
25
6
48
11
3
29
7
23
13
4
50
21
29
32
19
18
13
11
13
26
47
20
9
3
7
9
10
21
37
8
24
31
31
18
20
35
47
31
55
9
28
33
21
51
16
5
17
20
24
31
18
13
40
14
19
33
44
15
40
24
27
21
6
6
34
20
29
5
5
15
54
35
26
42
19
27
13
10
29
20
22
24
17
19
19
28
28
27
40
23
17
49
1
53
3
6
28
21
32
10
32
4
9
4
3
23
30
21
15
5
38
45
10
20
15
9
20
34
9
17
9
7
12
14
36
51
39
5
12
34
16
28
27
41
24
24
21
25
10
4
17
13
11
11
68
14
38
26
31
7
14
41
13
36
36
43
9
7
33
5
18
19
7
24
8
10
7
29
12
14
45
35
32
5
5
24
11
19
48
19
33
51
29
42
7
26
12
35
5
22
22
32
20
9
20
21
12
41
6
34
22
4
37
13
18
23
21
31
18
42
19
27
24
33
30
6
3
19
23
44
33
24
8
34
17
9
11
2
8
6
15
25
29
43
29
50
12
6
12
18
9
45
4
30
35
45
6
11
5
9
14
19
28
13
27
6
8
29
10
10
13
14
34
24
22
10
9
19
2
33
13
20
19
21
12
18
32
41
13
13
15
8
5
46
19
13
15
25
6
28
28
45
4
7
18
37
30
27
15
6
14
42
11
50
19
36
32
3
16
32
23
21
28
55
10
9
13
5
14
16
30
19
5
18
44
18
53
46
24
13
27
18
59
21
26
11
8
9
15
9
16
19
25
25
10
24
8
16
13
11
16
41
17
37
43
13
13
13
13
36
10
15
36
4
4
20
8
23
39
19
15
14
38
26
28
8
26
10
43
27
19
8
11
28
28
18
28
15
8
26
38
3
7
20
1
11
22
24
33
34
46
19
20
34
37
34
39
22
22
47
12
9
40
9
1
12
29
23
33
18
8
28
12
10
39
15
28
4
12
2
21
17
9
38
23
7
28
18
41
11
8
8
20
25
48
21
23
19
3
13
11
15
4
11
15
12
9
22
13
27
4
24
18
41
35
36
26
34
30
10
38
20
8
15
27
7
16
48
35
32
27
23
21
31
7
29
19
31
23
6
24
27
24
11
14
44
19
19
25
3
39
2
22
18
17
11
18
6
27
30
35
10
45
24
17
19
17
39
5
12
20
14
29
18
1
7
36
37
7
2
10
25
6
21
37
10
4
7
33
17
29
18
4
21
14
4
6
11
9
12
33
6
3
11
17
28
12
20
31
11
25
10
7
20
14
28
17
21
17
33
12
31
5
8
39
22
32
33
4
32
40
13
51
35
13
16
1
8
25
36
5
31
3
20
20
13
35
21
3
46
51
32
18
8
32
27
9
10
5
17
10
17
26
51
20
24
5
20
18
25
28
8
14
15
27
31
18
8
17
13
26
16
47
33
4
44
40
11
5
14
29
35
41
15
5
12
16
34
18
41
14
13
14
14
45
19
25
47
25
31
25
23
5
13
40
7
22
12
19
42
10
15
4
11
28
35
14
33
4
12
40
28
28
39
16
16
22
17
10
21
59
19
7
20
4
33
19
11
2
21
16
38
12
22
13
29
48
16
34
28
19
38
33
8
26
13
9
9
10
12
18
11
36
23
3
37
12
27
14
35
6
29
35
50
25
19
38
46
16
41
16
17
21
11
9
23
32
32
36
10
17
18
3
45
18
44
41
11
36
16
9
9
18
44
8
36
10
20
52
8
22
38
13
8
15
14
24
33
20
26
20
15
7
25
14
44
37
9
12
23
10
7
31
6
15
32
3
7
17
15
6
43
25
29
11
13
16
33
53
4
17
12
13
31
5
25
23
34
46
8
20
7
16
19
9
11
41
34
11
18
17
28
6
18
6
6
14
13
23
4
8
9
15
18
8
25
43
24
34
8
43
33
11
16
36
4
8
30
8
27
3
10
30
13
3
20
22
29
13
8
25
35
47
18
15
5
28
42
22
5
6
10
34
12
20
21
19
16
5
12
11
37
17
18
27
16
23
10
27
14
5
13
7
28
24
23
23
4
45
28
20
8
3
25
12
27
53
15
13
7
17
21
27
41
11
5
14
22
19
11
35
11
12
13
28
1
14
4
4
35
9
45
41
24
5
25
21
17
33
38
49
9
17
19
12
28
4
13
11
37
14
20
26
49
20
5
44
5
33
37
17
12
32
19
16
6
22
18
28
16
14
32
37
24
12
48
36
3
29
9
30
22
35
13
10
14
10
21
19
16
14
14
32
17
5
17
24
27
16
34
15
15
17
14
14
10
3
12
21
12
50
11
31
15
16
16
27
17
28
17
25
25
16
7
15
12
36
31
3
20
21
17
16
13
12
25
22
3
67
24
47
28
35
7
14
32
32
36
8
21
17
22
35
15
32
29
2
10
21
19
23
24
8
40
34
12
41
23
27
42
47
10
9
31
25
10
7
22
17
21
40
8
20
14
14
17
26
11
21
14
26
38
15
35
29
2
24
12
19
28
34
20
27
21
18
15
3
8
25
16
14
32
21
31
9
2
32
13
11
7
33
31
30
16
11
9
13
33
25
10
27
26
10
19
27
17
37
23
22
23
13
2
7
34
1
22
17
11
2
10
5
5
30
20
14
37
43
57
40
31
20
17
8
14
3
15
18
21
5
23
32
20
6
40
8
21
43
7
22
30
9
26
25
8
1
23
4
33
53
6
14
21
12
24
19
18
40
18
12
33
32
9
24
18
19
13
5
13
16
13
12
13
31
51
10
18
10
31
31
5
13
22
16
14
8
13
18
48
19
4
11
35
9
24
20
21
28
12
34
18
33
14
32
10
7
10
3
15
11
18
38
20
32
13
20
34
57
25
44
42
10
5
34
42
10
23
16
34
2
24
17
20
22
64
3
12
7
44
8
11
23
21
7
34
32
19
49
44
46
26
20
16
23
7
21
47
20
33
30
37
5
53
10
29
19
29
12
43
18
5
45
21
23
5
30
4
20
31
11
11
16
3
4
37
16
52
37
43
17
3
21
54
43
38
27
39
3
11
37
7
2
17
15
5
40
17
16
2
29
2
18
41
9
33
7
8
44
4
4
34
28
15
24
37
2
28
21
47
39
15
11
32
13
6
18
5
24
16
29
38
10
19
50
7
11
20
10
20
52
9
43
8
14
21
32
28
13
35
2
8
42
11
12
23
15
30
6
10
42
10
34
13
51
27
3
9
29
40
27
9
14
50
24
7
9
31
7
16
5
6
46
25
12
38
25
39
4
5
39
38
6
12
7
6
6
9
15
32
23
11
45
9
34
28
16
62
14
7
52
13
37
19
44
46
18
34
9
33
3
17
13
26
8
35
5
23
26
4
15
30
5
5
30
29
25
31
22
49
18
24
54
18
22
21
23
25
1
25
43
10
48
16
8
20
25
17
18
25
35
9
19
3
38
14
19
19
31
13
9
28
2
38
11
7
3
41
8
14
22
18
13
1
26
21
34
32
9
20
9
10
17
32
29
11
14
24
21
24
12
9
31
21
18
10
22
5
10
4
18
15
38
11
38
35
9
29
4
32
14
39
33
13
29
36
46
39
22
34
11
27
10
47
16
12
26
21
7
34
26
34
8
17
10
19
17
19
13
15
7
5
36
15
26
15
13
13
35
8
45
11
1
8
20
13
7
47
14
47
10
13
49
7
29
47
30
13
9
12
8
10
25
23
24
46
25
14
40
25
40
41
4
9
9
10
43
45
33
18
6
26
29
2
31
8
9
25
25
16
45
14
13
40
3
23
44
13
19
17
15
32
7
2
21
14
9
13
10
39
8
34
19
16
30
19
44
47
17
37
28
17
5
6
6
52
5
4
11
7
47
40
40
5
45
32
13
14
34
11
17
12
46
38
20
9
20
44
36
15
2
8
33
5
25
7
12
20
25
25
10
23
32
11
32
24
35
17
27
52
22
15
16
31
20
7
26
20
9
44
8
6
5
13
9
41
7
19
14
1
27
36
10
7
31
20
41
14
37
26
34
18
12
27
4
32
73
14
19
11
19
6
23
12
19
12
36
22
2
9
2
41
23
4
33
7
5
24
42
30
8
15
10
6
15
2
13
31
22
34
19
15
32
9
31
10
10
10
32
34
7
17
20
14
19
3
13
4
36
13
41
39
29
52
12
8
26
17
10
24
25
33
40
14
38
34
2
24
24
23
7
35
14
10
13
20
44
38
40
9
41
13
1
15
8
25
11
8
6
36
30
40
24
21
36
44
23
14
8
9
10
5
13
47
11
10
16
9
28
35
36
8
48
24
1
18
22
27
14
17
13
35
10
22
9
6
7
9
19
6
9
27
28
9
5
39
9
9
22
12
47
24
6
22
29
36
5
47
25
29
31
5
8
20
32
14
28
4
3
2
19
14
61
14
5
27
23
9
33
33
33
8
16
32
9
19
58
20
11
11
34
16
42
40
23
11
16
14
23
29
4
23
4
7
17
11
1
16
19
22
5
16
27
9
4
4
2
22
14
7
49
13
42
37
43
3
28
7
12
27
40
19
2
45
