30
10
34
27
19
6
11
8
20
26
31
8
11
33
21
14
33
17
21
22
27
4
2
34
23
29
36
34
21
8
31
12
34
14
18
38
13
28
29
42
19
19
43
41
21
29
24
23
24
9
25
15
24
32
18
15
47
39
14
23
31
36
13
9
18
17
37
23
4
10
23
21
17
21
19
34
9
25
4
9
16
3
6
13
16
13
16
12
21
25
14
23
15
48
26
8
33
32
14
32
17
10
23
25
4
16
3
15
9
28
2
5
22
38
36
6
15
38
11
16
17
23
43
25
6
32
18
19
5
12
5
28
31
17
20
10
9
54
30
7
14
32
17
14
39
11
16
22
23
34
6
8
11
13
6
6
17
8
51
12
14
40
12
19
33
6
42
8
19
7
9
7
12
29
18
30
31
22
23
40
21
20
19
12
8
13
16
22
10
28
5
24
3
11
27
37
9
10
18
19
22
13
32
31
20
21
5
10
3
8
19
38
8
28
6
29
8
7
20
13
9
42
18
23
7
5
41
10
5
26
19
6
18
8
3
28
28
16
2
11
15
28
22
23
14
10
15
19
22
14
27
33
29
12
27
19
32
17
7
5
5
24
10
17
31
32
28
15
14
7
24
16
32
17
7
18
20
25
24
28
19
13
14
17
14
3
39
42
8
14
10
7
14
12
18
28
11
32
9
42
15
19
20
12
9
8
4
27
24
21
8
1
21
29
18
29
10
13
10
49
4
4
30
22
10
54
11
13
36
10
1
15
36
13
18
4
46
23
28
16
17
14
47
32
19
11
14
18
29
4
4
40
26
44
16
12
9
18
40
41
26
15
13
8
21
10
9
14
40
4
12
7
19
32
11
8
12
5
32
20
11
42
13
19
9
34
17
13
18
8
20
8
33
19
13
13
48
15
21
20
9
2
44
21
5
22
33
3
30
8
10
23
24
21
24
3
29
22
6
32
6
16
25
46
15
9
10
17
30
45
14
8
17
13
43
19
44
8
24
8
8
17
7
24
16
16
33
12
17
27
4
8
38
14
27
13
22
30
25
17
26
26
34
12
30
48
8
46
36
49
7
8
8
26
13
26
29
19
42
18
27
41
27
34
23
13
10
27
8
40
33
26
11
30
5
19
27
14
4
6
39
9
14
8
12
31
14
3
22
15
18
21
16
18
38
7
40
19
25
14
8
23
12
6
3
25
16
21
25
7
20
8
26
8
10
11
28
7
31
20
4
38
12
8
6
25
7
24
16
29
23
16
19
27
5
30
2
15
20
19
18
31
19
20
16
11
3
27
14
10
10
21
30
12
26
26
6
10
23
21
4
27
10
31
20
26
21
30
10
33
5
32
31
15
5
4
9
5
11
42
34
6
32
27
48
6
12
26
4
12
23
11
7
3
12
44
34
23
13
20
14
16
32
19
15
11
46
8
29
18
33
15
36
12
8
10
18
14
5
3
19
11
12
10
23
10
16
24
29
19
31
15
3
27
16
20
16
24
8
7
26
23
43
43
5
6
7
24
15
21
24
17
6
29
30
45
4
14
26
19
20
49
6
18
26
6
18
39
32
24
34
6
14
8
21
24
17
24
39
15
18
1
33
4
25
20
14
8
49
15
15
7
23
46
17
34
10
13
33
5
20
51
20
9
5
27
43
17
38
16
31
10
40
50
5
24
37
59
40
22
20
22
15
16
27
15
19
22
3
13
37
38
4
31
8
35
12
38
9
34
10
12
9
24
11
20
14
27
1
13
7
26
19
18
26
33
27
17
9
26
23
24
7
38
28
17
10
22
23
24
10
12
5
14
21
7
16
28
24
28
8
19
30
12
29
14
15
30
17
31
12
19
15
9
23
15
26
34
14
18
40
26
2
22
39
15
19
1
13
42
14
26
17
29
15
11
12
26
2
25
9
29
24
6
17
21
19
21
17
5
9
23
23
7
37
23
19
46
12
22
17
18
37
42
39
2
32
21
19
8
18
17
9
24
23
27
25
14
43
40
41
2
7
6
12
9
8
1
9
13
5
9
14
10
17
21
11
15
15
42
23
35
28
15
5
11
12
13
18
19
14
3
9
8
9
30
13
10
12
28
5
5
16
30
33
8
25
31
20
33
13
18
41
50
15
20
15
23
58
6
9
31
10
27
7
14
6
21
11
33
47
30
21
23
6
19
2
20
20
41
10
33
10
30
38
29
14
25
34
8
11
10
54
32
5
39
19
12
11
7
18
16
16
9
21
12
21
25
25
8
49
19
16
41
20
20
9
15
29
3
46
18
23
18
9
29
2
21
20
25
29
1
13
14
16
8
11
28
6
12
5
10
8
3
14
40
23
6
41
9
28
19
8
31
12
16
30
34
21
31
36
3
15
6
18
11
28
6
47
11
19
8
16
23
19
19
15
9
23
36
11
11
55
8
32
17
18
25
9
16
11
15
42
35
22
2
10
13
7
15
30
23
24
45
27
9
52
7
39
20
12
24
20
28
22
11
8
32
9
49
17
11
41
21
20
24
9
21
17
20
40
44
21
3
25
31
2
9
49
8
15
28
22
9
58
9
10
27
10
19
37
41
5
19
8
13
23
29
12
23
22
14
9
12
37
14
5
13
15
29
3
16
28
21
9
27
16
23
20
30
27
50
24
24
12
20
38
10
13
19
21
26
9
11
26
23
20
17
49
5
28
29
35
20
29
24
8
36
8
9
15
36
27
43
34
15
37
4
13
22
12
21
8
26
3
17
19
1
9
22
14
23
18
7
11
32
15
39
21
4
17
16
53
17
19
5
15
17
15
35
11
5
7
12
12
13
41
6
16
21
7
22
39
44
15
7
31
12
20
5
27
39
47
27
13
24
13
7
20
40
8
16
29
10
20
20
13
36
20
10
3
6
27
45
16
27
28
32
38
13
13
8
3
11
22
33
22
30
21
25
13
8
10
23
42
28
23
7
24
18
22
7
10
18
18
9
12
17
18
37
15
18
13
24
21
24
20
23
29
6
4
34
5
29
12
3
31
9
15
8
20
17
13
52
25
15
12
25
27
27
33
11
20
21
46
41
13
6
12
4
8
26
40
23
46
35
34
8
29
13
18
19
2
37
27
4
7
9
4
20
12
22
6
33
18
33
18
45
37
24
17
3
18
12
11
21
34
14
27
17
29
13
5
25
8
40
20
19
19
23
52
47
17
20
21
34
12
25
27
13
9
49
17
6
18
39
27
27
14
16
20
13
14
20
3
30
7
43
26
4
1
15
10
14
14
16
20
31
11
16
11
33
32
32
19
36
17
52
3
7
31
20
22
30
30
14
14
20
30
7
21
31
21
17
25
17
6
14
17
39
10
28
23
56
19
37
24
17
16
10
29
33
2
7
33
15
10
17
11
12
28
7
15
12
30
8
26
43
29
11
12
28
3
5
6
5
22
15
16
25
28
21
8
34
17
11
3
8
28
20
16
17
12
8
21
18
46
25
24
36
28
16
38
36
7
59
11
7
12
24
37
56
15
18
21
38
44
26
10
38
11
22
43
31
21
31
17
13
13
7
21
12
39
10
24
1
38
23
20
7
15
13
48
16
24
44
26
21
6
10
3
43
24
9
7
14
14
11
47
9
21
26
8
23
16
3
27
14
35
19
9
34
43
21
7
18
26
17
8
43
29
11
6
13
15
17
11
19
9
9
42
5
10
9
27
23
18
13
14
13
7
12
12
49
5
14
47
38
7
5
30
21
8
20
37
7
28
34
23
29
22
15
23
6
9
11
42
21
14
21
22
41
26
24
12
18
28
39
10
13
28
17
23
3
40
32
14
2
9
25
14
42
2
22
46
12
43
18
18
12
15
8
36
20
25
20
7
3
21
46
5
3
46
5
3
46
10
11
21
21
7
14
17
11
26
21
10
39
23
10
19
16
13
6
33
19
3
23
16
28
4
14
22
42
21
6
18
5
17
12
32
36
6
38
18
23
9
20
18
16
16
16
28
28
36
15
34
34
35
7
16
28
27
48
6
24
4
27
34
40
9
12
8
6
14
17
41
15
14
13
40
23
13
15
20
41
8
4
15
27
37
3
14
10
32
21
31
15
5
27
11
14
34
27
20
17
13
9
15
11
20
9
14
20
56
8
14
9
10
18
19
26
15
19
18
4
4
12
15
7
24
23
16
15
19
35
12
20
5
8
17
21
12
18
34
22
25
3
30
32
33
40
52
19
23
50
37
9
1
32
10
13
18
2
23
9
9
12
17
13
11
9
8
4
27
30
17
17
16
19
15
13
16
6
46
33
9
55
25
40
8
18
15
27
13
20
12
39
15
16
2
8
37
10
16
18
8
7
43
17
25
38
18
54
7
17
28
12
6
7
27
17
24
19
6
15
45
7
7
21
9
23
12
42
34
28
17
14
5
16
24
10
21
38
21
39
28
25
24
21
7
26
5
59
27
7
9
29
30
29
29
9
11
12
22
11
36
10
17
3
25
20
30
29
15
16
23
6
19
17
20
21
7
5
27
5
21
16
17
44
29
18
34
13
6
11
5
8
23
26
12
18
9
25
14
9
1
6
21
32
41
36
10
20
14
8
17
17
12
11
12
34
2
11
20
18
30
25
19
11
16
17
7
25
1
28
14
11
55
36
18
35
10
12
13
4
31
17
4
21
7
12
50
4
17
34
32
6
7
42
25
22
9
14
18
33
26
21
36
18
12
16
7
23
35
13
9
4
1
24
2
13
3
13
43
7
19
18
9
39
10
21
11
3
8
18
6
22
30
12
15
14
14
9
12
29
13
4
35
11
14
16
5
35
23
10
7
14
5
1
30
39
18
58
25
30
12
17
3
44
11
39
6
4
22
13
22
15
32
24
11
12
36
16
7
8
25
4
9
49
39
37
34
9
29
44
17
6
42
6
2
32
9
6
1
36
9
8
12
17
11
43
8
28
11
17
15
10
26
4
16
23
3
27
43
14
3
44
32
10
28
9
26
22
20
37
20
10
6
7
22
13
64
4
11
3
32
27
24
10
35
14
42
15
20
34
5
17
15
43
19
6
4
38
21
3
8
11
39
25
16
2
31
3
4
26
15
3
42
17
9
7
35
15
39
6
37
46
34
19
13
10
21
13
11
24
5
5
16
13
22
3
20
6
43
19
25
29
22
24
25
9
37
13
1
6
12
5
7
16
32
44
24
20
19
4
26
3
24
3
43
28
53
12
15
16
8
12
9
7
32
17
14
6
13
17
34
40
30
31
10
13
7
33
4
13
17
31
51
24
8
23
8
16
38
9
20
10
4
6
12
13
12
39
12
2
33
10
23
10
25
31
21
26
6
24
26
12
6
7
5
8
9
24
44
3
29
24
8
22
53
48
34
19
20
13
38
11
16
4
20
17
24
7
30
26
38
11
6
29
18
36
28
24
39
24
18
11
46
10
26
47
16
35
28
24
19
4
37
24
36
10
23
7
14
47
8
11
4
36
43
14
7
40
14
12
4
16
44
47
22
15
24
4
36
28
21
18
7
17
17
41
48
11
53
31
12
42
8
2
28
10
21
46
11
6
53
8
16
45
17
15
9
17
8
9
11
18
29
14
31
22
21
36
22
12
14
15
7
9
33
17
16
5
5
25
25
18
6
22
37
10
21
8
30
5
17
29
9
12
34
17
41
5
27
12
11
3
6
7
18
24
13
9
7
33
16
31
18
25
20
11
2
8
5
37
16
17
40
17
12
14
11
22
10
26
5
51
36
5
24
15
21
14
42
28
6
42
14
26
11
9
24
14
18
9
38
23
9
25
18
9
28
2
20
4
13
12
24
7
20
41
21
37
37
36
23
32
21
13
40
14
14
12
22
14
2
21
12
9
28
3
34
21
3
18
4
27
21
9
10
37
24
54
14
27
28
10
41
36
17
11
9
37
6
43
25
22
43
39
25
6
4
6
10
24
19
47
10
30
13
44
22
36
16
7
16
21
20
18
27
13
12
10
18
57
42
17
16
16
18
6
10
17
14
13
26
49
7
7
18
15
13
8
31
19
26
21
29
8
10
34
25
20
26
45
15
31
19
20
18
25
17
6
28
27
31
9
19
28
19
25
21
4
16
22
31
14
12
32
10
3
9
15
3
8
28
8
19
26
48
59
18
19
26
19
35
6
4
3
13
11
20
41
51
34
15
38
8
23
41
11
13
26
29
38
23
19
14
8
9
3
33
14
22
15
18
29
25
8
7
14
10
9
49
14
23
26
23
22
23
15
11
17
5
1
35
23
36
31
46
8
28
12
13
17
16
22
9
20
17
41
37
7
26
40
32
13
26
13
13
3
29
3
26
40
23
43
16
3
12
16
29
8
16
20
16
19
8
25
27
9
36
11
32
12
17
35
37
20
11
22
35
16
26
11
21
36
27
3
26
8
26
16
22
5
14
9
16
8
34
17
23
25
26
10
15
57
20
21
16
22
26
34
9
19
12
22
17
18
2
7
13
19
13
28
58
8
32
21
27
11
20
28
18
30
17
7
23
25
51
15
56
14
20
30
18
17
7
14
20
9
11
6
38
24
20
11
13
14
27
21
7
3
10
5
22
25
30
24
39
35
4
12
21
11
6
16
24
22
12
32
14
21
25
21
4
51
21
12
12
15
5
4
13
46
18
52
6
10
12
7
9
21
37
33
12
22
8
12
30
11
8
16
17
11
33
37
14
15
17
17
23
17
24
8
24
9
2
28
19
5
19
2
35
19
10
10
23
25
43
21
33
32
16
3
12
26
22
23
19
33
23
17
34
11
40
10
17
3
27
33
24
11
14
44
30
11
43
13
