12
20
5
8
50
20
4
7
50
6
30
9
46
18
4
28
42
17
27
16
36
10
6
22
28
19
67
8
19
24
10
36
50
16
17
12
28
9
14
7
35
6
12
26
54
34
41
76
13
21
30
37
25
40
5
44
21
5
22
13
21
19
47
51
31
23
35
42
16
55
23
38
33
40
67
29
12
36
9
26
28
32
10
24
24
33
41
6
45
44
9
20
24
41
21
25
23
55
37
30
24
3
24
48
35
48
23
54
13
44
1
6
17
25
26
14
10
12
27
14
20
14
56
11
10
24
61
33
12
43
35
7
76
31
32
10
19
29
61
7
6
7
10
18
12
24
50
37
10
8
20
11
9
63
40
9
25
4
21
41
51
70
13
30
7
16
10
23
21
14
21
38
27
7
2
48
49
47
4
16
29
7
23
49
14
56
16
48
28
28
22
52
54
46
50
3
38
12
16
21
42
22
22
25
8
7
10
9
21
38
19
12
6
4
17
52
28
8
27
8
17
35
25
19
45
33
10
15
34
22
11
9
23
8
54
14
51
21
28
48
25
60
55
18
11
9
66
7
8
6
13
27
30
36
44
17
17
9
9
18
25
20
7
42
45
10
27
18
46
24
12
49
3
38
13
12
22
17
62
30
29
5
44
50
21
13
10
24
29
13
44
21
35
32
12
19
63
15
12
7
13
14
39
35
15
14
38
25
11
20
34
47
34
12
21
24
10
20
20
2
47
15
41
17
54
9
5
22
18
10
56
51
7
12
8
15
64
61
6
8
24
32
7
29
20
13
30
31
14
20
48
29
9
15
22
18
19
53
25
31
35
20
51
39
20
19
5
32
66
3
8
21
47
26
45
40
35
26
33
25
7
16
6
53
11
22
60
23
20
4
7
28
26
24
10
29
13
5
16
2
18
37
19
19
23
16
8
3
52
23
1
53
13
21
28
18
7
30
5
20
8
25
48
21
35
22
5
3
20
54
9
20
35
13
11
19
28
2
20
6
40
35
4
30
60
39
18
34
20
12
26
21
4
6
6
13
10
17
11
14
7
37
6
30
27
43
13
30
13
16
36
9
14
17
12
5
14
14
23
6
11
34
16
35
28
10
16
14
9
36
46
48
11
19
17
6
22
34
14
40
17
61
12
58
7
2
3
30
18
62
6
17
52
4
12
6
11
7
16
56
29
13
13
15
13
22
32
24
3
15
29
35
39
30
17
55
8
48
32
27
45
17
52
56
12
7
9
46
21
3
15
34
23
27
43
38
33
15
49
12
37
4
15
72
4
39
52
9
47
30
21
5
39
50
17
10
17
39
37
33
30
18
51
22
14
8
8
74
18
12
6
48
35
1
22
55
60
34
22
32
30
9
26
27
30
43
10
37
26
34
46
19
22
46
14
17
2
11
32
19
29
31
69
4
49
19
9
19
5
39
28
19
10
7
3
16
52
13
36
42
60
39
34
41
17
8
19
20
40
31
21
10
49
20
17
21
11
35
29
2
40
10
10
28
32
10
11
11
5
6
64
15
63
15
10
35
51
10
30
56
11
37
13
16
38
29
19
11
32
26
41
10
29
31
17
48
51
28
3
26
25
22
6
32
69
43
32
14
12
20
13
20
25
11
4
15
11
6
4
73
38
2
26
41
35
12
3
12
46
6
10
55
7
21
36
55
15
49
34
9
22
28
12
36
40
11
14
22
23
45
27
3
33
24
47
16
52
56
14
35
18
29
30
14
14
70
53
35
36
49
22
18
20
49
11
32
12
54
13
59
30
9
7
22
12
24
39
33
6
26
57
38
32
35
14
7
9
76
4
39
49
10
14
54
54
25
27
26
48
31
35
51
19
13
24
23
62
15
33
8
13
41
14
10
11
30
33
16
15
5
4
14
35
4
27
45
48
7
16
5
22
24
38
10
10
34
22
32
6
26
36
28
17
27
9
29
39
19
9
21
14
40
13
60
40
10
5
26
47
54
16
12
10
14
15
30
44
32
43
38
12
18
41
13
22
62
49
31
4
25
3
4
42
4
11
32
56
26
5
7
21
28
17
59
32
17
4
7
8
14
30
35
31
47
6
30
25
22
7
58
38
21
42
58
59
2
20
15
8
47
1
13
30
13
18
20
55
26
28
39
6
17
6
6
12
20
7
12
22
38
43
10
10
24
21
45
32
37
22
18
7
31
50
27
33
24
49
31
43
20
31
4
8
47
27
10
57
3
17
11
29
3
32
3
23
40
10
45
20
17
10
5
5
27
13
23
35
18
38
37
18
14
10
41
10
24
11
11
23
22
50
30
17
10
6
23
7
31
15
64
15
18
17
33
13
44
37
44
32
10
35
33
5
6
10
14
28
12
35
72
31
14
11
38
38
11
48
15
7
41
3
12
28
39
14
58
43
9
6
8
61
2
6
41
5
20
66
6
37
15
30
31
26
4
11
18
35
4
18
12
16
41
24
45
19
14
20
49
46
62
11
19
25
12
16
37
37
40
8
14
55
65
7
17
41
3
32
38
39
20
39
5
15
25
23
8
23
20
15
10
46
54
3
55
16
15
36
32
62
31
14
34
9
54
15
9
13
19
26
24
17
25
8
28
50
44
31
27
6
39
20
40
23
27
19
13
30
14
10
12
13
45
8
13
40
10
29
7
25
12
8
8
17
6
14
16
48
13
25
16
13
59
52
27
18
65
30
23
37
23
22
56
21
33
39
9
16
3
4
6
35
9
11
23
30
19
14
6
28
10
24
42
20
32
18
2
38
7
42
7
59
40
53
19
26
39
39
42
12
9
38
11
56
35
22
29
40
24
22
6
26
6
9
22
18
37
38
30
25
15
32
39
40
41
5
9
1
12
5
44
7
15
48
36
53
13
7
15
54
24
9
27
7
4
31
17
13
55
66
29
10
29
22
23
66
27
15
31
29
32
44
24
37
11
15
4
27
34
14
4
29
8
8
42
23
24
53
8
54
14
18
52
34
9
25
44
25
40
57
34
12
51
24
19
9
16
17
4
1
38
39
19
41
4
6
2
40
33
39
57
11
16
42
7
25
18
35
31
30
20
25
13
57
66
47
26
22
32
35
3
35
6
16
42
54
9
72
4
9
18
42
9
32
14
6
36
12
11
73
37
22
25
78
62
44
29
9
25
47
11
11
13
10
7
34
27
37
30
26
32
5
41
20
73
17
29
31
12
10
61
18
44
42
28
11
23
22
25
9
42
56
27
8
14
10
33
25
52
36
25
29
5
5
8
2
13
42
21
7
12
42
16
2
23
18
61
8
36
6
45
14
30
11
10
41
12
37
37
20
23
14
53
35
46
29
36
6
9
28
48
4
37
46
28
3
2
10
25
22
8
18
34
31
23
10
58
11
21
49
50
42
22
33
36
18
11
28
34
40
42
14
12
28
47
26
28
27
2
24
19
26
12
36
7
16
52
31
32
7
20
21
23
6
40
48
13
11
25
9
36
35
11
33
7
5
48
22
19
10
11
9
9
56
18
32
36
15
18
20
43
43
30
32
36
28
20
2
44
14
2
7
22
21
15
4
43
25
37
25
7
50
25
28
46
26
21
54
23
30
17
55
45
8
2
55
10
5
39
5
13
37
21
8
41
8
44
9
14
32
9
12
11
13
26
15
34
26
35
3
37
42
30
21
7
43
10
10
12
28
4
4
8
31
15
41
22
7
42
48
9
18
13
53
19
9
27
8
4
6
13
18
12
20
5
7
16
23
43
24
44
3
39
38
24
29
8
24
35
28
18
50
7
55
10
15
61
17
18
2
4
6
34
19
1
8
39
28
10
13
56
33
11
6
29
62
6
58
39
13
7
42
34
22
20
49
14
5
17
39
68
43
12
14
12
34
13
33
47
27
49
36
12
44
7
26
31
21
42
10
49
22
5
43
12
13
18
22
31
23
7
42
36
49
3
31
3
16
9
26
29
21
70
15
28
19
4
60
27
16
25
10
3
8
45
12
4
16
42
10
8
14
20
39
14
27
4
6
11
25
20
7
36
14
33
4
15
12
23
29
29
21
6
7
6
26
19
56
49
8
25
17
40
23
24
27
44
15
21
32
43
6
17
62
8
9
30
57
17
34
9
20
9
37
21
3
32
35
65
16
33
11
48
7
33
38
7
36
30
52
14
23
46
6
54
17
39
5
28
35
22
53
25
13
29
21
25
29
18
45
56
62
29
5
7
9
25
57
15
37
11
9
14
16
7
28
22
40
53
68
35
2
16
26
27
34
19
15
55
22
42
3
9
7
26
50
10
10
15
8
62
8
17
17
43
21
17
11
25
19
26
4
16
19
47
59
43
20
17
20
11
8
22
21
42
10
24
26
10
28
34
29
29
32
1
36
31
58
29
36
25
15
21
47
14
10
29
53
20
19
12
13
40
6
32
49
17
8
48
9
15
30
32
20
41
11
21
24
24
7
28
45
20
26
23
17
48
17
39
18
7
16
22
21
8
9
25
49
11
35
16
9
73
13
23
40
23
6
6
21
31
14
19
7
6
39
31
17
35
21
5
28
23
40
28
32
29
20
61
15
31
33
11
1
7
18
64
62
19
19
30
6
36
20
2
47
12
56
3
56
14
12
37
54
55
20
12
56
15
22
24
30
5
15
26
35
25
35
42
56
42
15
13
24
12
4
53
8
27
3
31
7
28
33
5
23
33
20
16
35
1
22
22
11
12
6
17
4
36
31
16
15
10
43
57
7
13
28
28
49
18
45
30
3
29
17
22
15
27
22
5
38
10
18
9
54
56
5
5
6
20
17
43
49
29
37
33
25
54
12
7
60
20
30
39
10
16
14
26
20
13
25
26
46
15
30
23
35
10
19
26
43
35
20
33
1
13
16
35
21
44
29
43
50
11
8
10
7
39
9
19
22
29
18
35
14
12
23
29
47
25
1
17
58
56
13
37
44
46
7
15
17
5
19
15
18
23
26
20
54
52
34
5
30
9
24
48
18
8
33
9
28
84
52
6
15
31
51
54
19
23
13
5
9
15
2
9
30
35
39
36
15
25
23
54
32
58
39
18
16
13
30
11
55
8
12
45
37
15
12
26
9
28
8
57
52
17
26
7
8
4
11
5
18
40
33
4
11
13
13
13
27
14
8
30
16
47
10
66
20
21
13
39
11
24
34
12
43
33
18
32
42
4
17
4
25
5
63
2
12
36
43
23
21
13
58
19
13
23
36
51
41
10
46
61
18
9
14
23
8
34
14
36
18
15
44
13
12
29
5
25
53
7
11
53
20
72
54
9
30
29
18
9
33
20
34
5
16
17
25
18
10
21
29
29
11
53
30
11
22
45
11
28
20
13
32
11
19
26
49
14
26
35
12
13
48
53
21
29
27
19
1
24
24
3
42
38
27
75
9
33
26
30
9
33
51
11
13
26
54
66
69
17
12
28
25
36
34
27
15
12
30
28
14
23
15
11
18
11
28
4
22
39
7
23
54
33
6
14
11
20
17
33
58
43
4
6
14
29
19
29
8
16
33
18
27
53
6
31
16
11
51
23
3
32
22
45
13
13
8
41
47
5
23
10
15
12
19
55
36
30
9
30
2
34
28
8
38
22
12
17
13
22
21
32
47
19
3
27
36
46
28
69
22
47
57
36
31
32
23
9
54
12
55
30
16
52
12
27
16
68
38
9
23
20
14
34
5
35
10
39
45
7
43
32
16
10
12
24
53
17
19
25
15
26
10
11
57
25
13
49
19
3
12
15
10
7
14
39
19
3
6
31
11
13
17
3
18
45
45
18
65
12
41
13
7
36
4
61
37
35
10
26
5
36
17
26
63
15
26
27
18
28
46
28
49
54
21
25
15
15
21
43
28
27
41
12
19
20
7
34
18
60
21
2
39
54
17
25
43
23
8
32
3
27
12
22
8
22
38
15
12
14
6
41
51
5
7
7
11
26
4
20
11
3
21
21
29
77
46
16
32
29
9
17
23
21
4
24
13
45
13
63
26
20
4
26
35
62
47
17
30
5
10
40
11
23
30
4
24
2
28
31
6
7
62
55
39
35
12
11
51
29
21
4
8
27
12
13
7
13
22
26
15
19
14
5
3
39
19
9
12
14
11
24
22
6
8
61
20
21
9
10
14
7
28
18
12
23
40
26
55
10
23
18
38
18
31
15
20
33
45
36
37
66
29
42
17
26
9
35
17
8
19
47
19
17
16
20
54
23
26
37
37
20
11
24
23
13
26
50
17
31
15
33
29
50
20
34
3
28
13
17
25
9
5
16
47
11
7
44
48
9
47
17
8
38
36
41
15
31
25
10
64
24
2
47
43
58
14
7
16
9
23
38
48
20
19
13
3
23
26
35
25
13
45
6
60
23
25
12
21
4
16
11
13
7
44
27
13
40
23
41
58
43
20
26
25
14
38
38
11
49
19
43
33
8
8
10
30
28
11
9
3
20
10
36
20
47
52
9
25
40
17
15
8
58
25
28
13
8
23
27
26
52
40
15
25
13
15
36
8
20
20
59
18
10
44
10
17
15
14
8
6
32
25
17
13
17
21
42
36
25
18
47
11
24
64
4
17
34
61
61
20
45
15
48
19
42
45
25
50
31
23
24
10
11
31
8
39
40
43
50
25
42
29
21
45
5
42
6
32
16
11
23
18
27
66
54
12
48
14
10
6
9
16
59
12
18
3
35
11
48
14
6
15
59
24
15
9
10
29
19
10
13
9
55
28
12
34
13
21
8
58
9
37
37
9
29
7
18
26
13
15
44
44
39
26
32
58
34
9
35
59
47
1
7
70
31
18
23
