54
16
18
18
22
36
29
27
54
72
29
9
18
55
3
27
21
26
12
23
37
18
38
11
26
22
23
57
10
16
45
40
24
14
27
1
28
13
30
8
7
21
23
11
28
34
12
11
7
19
43
20
22
48
20
4
40
31
33
26
16
16
32
57
27
10
55
53
15
16
18
54
4
31
29
12
9
3
12
24
31
44
13
4
6
4
3
23
17
13
19
40
10
25
14
27
6
4
63
12
53
9
37
9
20
13
26
21
16
8
10
12
13
8
32
28
63
4
34
23
18
6
19
53
12
9
10
4
17
27
26
24
12
14
25
34
4
48
10
9
21
41
21
52
43
9
28
13
25
29
9
21
9
13
29
11
21
57
8
22
11
56
24
13
4
27
63
11
21
5
34
42
29
68
12
21
52
19
5
16
40
52
34
54
50
24
6
8
29
40
23
33
19
13
53
18
47
47
25
5
23
13
48
9
49
30
15
19
47
40
22
6
10
26
39
16
28
20
33
16
41
10
16
8
24
31
30
36
25
16
10
10
27
23
11
29
32
40
2
40
14
29
13
18
32
4
33
35
28
24
41
39
23
19
32
13
47
14
45
19
32
23
4
15
56
30
8
30
18
28
22
21
18
18
15
40
18
12
8
9
8
3
13
9
18
43
10
25
19
42
14
32
42
21
21
36
15
22
21
8
15
24
24
16
35
29
8
9
33
21
27
27
22
24
15
34
32
16
9
16
27
24
57
11
9
1
36
64
75
9
20
24
19
50
26
47
12
7
14
60
61
26
19
11
16
3
18
16
30
11
33
20
13
9
18
28
2
73
8
7
13
16
15
12
14
31
15
18
17
30
21
37
56
13
62
22
28
18
23
16
42
20
26
53
40
54
22
12
13
8
21
17
15
17
12
19
29
29
16
9
52
27
21
24
10
22
12
43
12
5
30
12
33
7
18
11
10
19
21
4
30
15
15
22
31
4
37
16
17
5
21
37
2
31
12
22
13
19
29
28
3
35
22
47
13
16
28
46
20
33
16
22
39
12
33
34
7
24
24
34
3
13
21
12
39
38
21
32
32
21
17
20
20
21
13
37
48
39
3
10
7
24
25
23
22
44
9
10
27
12
14
27
4
25
18
10
28
5
13
16
11
1
7
17
43
5
6
15
3
20
25
27
8
18
9
60
9
40
58
11
21
9
8
16
38
6
16
23
15
25
31
42
40
62
30
4
20
14
6
9
24
15
11
17
44
17
24
52
12
52
27
6
35
5
28
33
23
24
20
16
10
17
32
46
26
21
10
35
7
23
20
22
42
20
27
16
31
41
31
34
18
29
36
8
37
36
47
19
9
2
36
31
40
25
30
25
31
21
1
16
56
19
35
16
27
5
19
6
52
34
16
15
48
22
37
36
13
6
27
42
26
40
61
56
37
37
36
29
22
9
28
48
9
26
11
12
3
57
11
11
20
47
35
38
12
18
38
15
50
6
26
22
47
36
57
36
27
18
26
2
27
5
13
9
34
10
38
40
21
7
14
25
19
33
47
49
9
22
16
22
43
47
15
13
30
11
26
38
10
5
38
17
46
34
6
22
20
21
20
12
13
47
30
8
42
18
16
19
14
12
32
36
14
10
7
19
29
5
41
26
9
5
5
17
51
15
5
30
39
10
61
57
12
9
17
26
47
31
26
8
51
13
13
2
15
22
46
16
16
63
33
25
14
44
21
18
11
26
61
24
13
4
10
8
19
22
12
12
64
48
31
32
8
41
32
22
31
9
35
8
35
23
12
31
22
59
22
59
16
22
24
44
7
25
9
50
32
8
25
20
17
47
6
27
30
19
51
32
8
45
39
15
31
6
15
46
44
23
11
33
21
58
7
30
26
51
7
45
4
37
34
17
20
19
39
14
51
14
21
14
2
29
9
38
13
18
18
58
15
45
50
44
29
11
11
7
30
5
36
34
42
29
22
39
54
18
5
38
41
7
36
35
4
35
33
10
5
27
46
49
40
45
7
17
24
19
25
47
25
22
29
11
8
58
36
37
19
15
35
19
18
4
32
7
16
53
18
20
11
37
35
25
44
25
16
34
21
12
15
7
22
18
13
21
12
33
22
37
28
46
27
18
17
10
57
70
9
15
57
27
34
42
59
3
49
48
17
18
26
17
9
6
17
6
15
23
10
58
7
10
46
18
28
26
9
6
54
51
27
26
16
28
14
10
27
22
3
5
7
30
24
16
40
71
4
29
14
7
15
19
20
20
52
20
6
4
35
37
14
58
28
22
45
20
25
21
53
4
6
28
34
16
33
28
32
61
37
33
25
22
9
17
27
57
9
24
35
37
11
27
42
15
13
28
34
27
22
17
20
19
19
49
23
4
37
44
26
27
26
29
40
44
20
16
29
41
1
31
38
32
50
22
22
3
32
9
3
13
29
7
43
23
10
16
16
36
7
22
33
20
13
17
39
18
5
14
31
27
31
36
53
19
13
15
64
11
56
26
43
58
19
37
44
58
22
2
4
21
28
19
23
38
10
28
36
28
39
30
12
4
38
12
17
7
8
10
29
16
41
56
29
10
48
34
68
2
20
11
37
26
35
6
12
48
27
9
29
70
40
38
12
25
10
13
8
25
21
7
21
55
24
18
23
14
11
22
37
9
9
47
59
62
22
56
5
40
21
57
28
16
32
47
4
8
18
38
37
3
43
33
28
44
17
36
17
11
62
35
6
18
19
15
21
27
15
18
1
18
22
14
13
57
30
31
8
12
11
22
51
26
44
5
20
65
42
7
10
14
19
17
47
41
31
17
14
44
23
38
4
22
5
25
44
8
31
27
6
65
57
63
35
29
48
60
43
16
22
17
39
32
14
57
39
30
30
7
67
18
29
24
26
15
55
21
26
18
26
22
12
29
26
23
20
37
11
10
19
3
42
8
17
32
12
7
6
41
39
11
5
12
22
23
5
3
47
16
23
15
24
41
27
41
64
26
48
19
21
28
7
15
51
35
24
46
12
53
27
6
62
35
15
36
53
26
22
16
18
20
21
42
19
34
18
38
37
6
29
25
11
9
11
12
49
35
13
24
17
15
26
26
22
25
9
17
56
27
24
44
30
7
37
23
42
4
30
27
2
29
70
48
10
27
27
5
25
32
26
4
15
59
20
26
34
8
40
41
18
30
8
36
30
31
26
9
33
25
24
3
11
10
26
12
49
58
43
40
63
51
38
24
14
15
28
16
3
28
12
33
30
41
48
5
43
20
62
48
19
9
49
24
49
13
22
15
18
21
13
52
69
11
30
25
60
6
26
3
7
53
63
12
50
7
58
23
31
45
35
31
8
9
18
51
5
34
8
21
20
11
12
12
42
20
28
24
21
39
21
3
40
20
31
12
4
32
17
17
42
49
9
35
6
23
34
27
29
16
3
30
4
39
40
58
24
27
21
48
29
9
8
41
43
34
7
4
18
29
13
24
8
6
26
14
44
6
15
10
19
7
14
15
13
10
26
13
10
23
26
12
8
8
13
17
27
53
29
9
38
10
10
12
25
18
27
34
10
19
53
39
38
42
19
10
27
53
53
34
1
50
23
19
7
56
11
46
14
40
42
23
21
20
23
13
31
48
21
2
21
32
11
21
18
1
22
24
20
21
63
18
25
23
17
5
24
3
25
15
17
41
18
29
43
12
18
10
43
11
33
27
12
31
13
44
37
11
23
45
33
29
49
57
34
17
21
14
12
21
25
40
6
16
12
37
20
34
45
17
18
18
19
18
9
50
18
19
6
72
16
17
52
30
25
8
19
8
14
16
34
20
3
52
1
30
9
34
19
40
44
30
37
7
28
8
12
20
49
37
25
23
36
7
55
58
20
9
9
10
2
7
10
24
47
10
48
42
44
32
56
11
25
6
21
49
18
10
53
34
14
13
17
13
37
17
17
9
13
51
25
8
27
14
9
9
11
22
30
27
52
6
43
6
31
18
17
55
37
4
30
20
34
31
7
30
38
14
4
5
58
12
11
6
25
76
10
18
14
24
21
23
6
39
22
23
56
12
13
25
58
10
33
24
51
46
5
18
8
45
32
29
21
42
22
4
7
37
9
5
11
60
8
60
56
52
11
41
4
41
18
49
19
18
58
60
37
21
30
11
14
10
44
54
6
12
23
25
25
12
46
12
16
18
12
16
34
21
4
54
10
3
31
9
31
38
26
20
50
7
18
14
11
36
13
29
46
20
23
30
20
21
25
31
7
64
77
46
14
33
14
39
34
25
13
14
40
8
12
15
29
50
14
10
26
52
41
42
10
20
23
35
13
31
34
45
8
9
45
11
1
18
9
8
15
13
22
24
39
42
16
26
28
9
22
30
43
20
33
66
30
28
15
36
10
9
47
11
31
42
5
28
4
71
3
44
6
44
8
30
15
31
13
6
38
21
22
6
24
15
7
23
15
22
15
8
25
21
24
8
18
30
3
24
20
32
26
4
13
18
44
37
28
48
35
47
55
50
66
24
18
21
30
10
10
16
18
37
38
15
8
26
2
20
34
34
10
11
16
26
5
36
27
22
28
37
20
41
54
13
7
44
14
20
16
27
12
4
10
13
21
11
9
25
29
66
7
15
11
6
5
39
43
7
36
23
8
14
14
24
11
41
5
2
5
9
17
63
44
25
14
43
17
36
42
18
2
17
13
21
23
7
14
60
24
43
28
34
10
29
35
9
10
15
14
36
24
62
19
50
31
10
44
43
45
20
34
28
29
6
69
9
21
41
24
48
32
33
15
41
65
29
32
19
33
42
13
4
8
13
33
24
4
29
39
37
60
57
12
50
38
23
17
34
10
16
22
27
19
23
6
11
34
5
51
46
32
34
33
10
19
7
18
17
15
43
45
12
24
2
41
35
18
15
30
10
39
8
68
24
46
9
5
12
13
14
41
57
32
30
27
30
9
28
19
13
12
7
39
9
12
19
11
11
16
26
14
6
53
26
3
26
7
21
40
7
7
17
44
30
43
15
6
7
40
26
40
11
17
18
27
30
12
21
27
8
11
6
50
34
14
17
17
5
16
53
55
21
11
27
16
7
6
61
12
52
57
26
29
49
1
63
64
9
15
53
48
7
9
37
24
30
23
37
60
32
24
28
9
3
16
10
16
39
31
8
19
15
43
23
13
32
23
22
10
31
34
7
17
58
2
26
5
50
15
15
28
13
9
4
25
2
17
27
14
10
16
28
16
4
10
16
46
4
62
5
55
24
24
22
57
10
36
43
11
22
15
10
47
30
11
23
33
50
17
50
16
29
33
15
33
26
23
33
28
9
43
9
58
17
51
20
12
7
49
36
21
10
44
30
16
52
13
29
20
6
27
30
16
11
34
35
45
18
19
29
16
60
4
34
25
23
21
46
42
15
44
29
35
5
6
42
8
10
50
9
39
20
63
14
26
39
34
31
14
17
46
43
24
7
43
29
16
7
13
23
8
29
10
37
34
3
9
46
14
8
27
2
14
62
9
18
28
25
13
30
11
23
3
30
22
34
11
24
66
7
34
10
17
22
4
26
28
16
47
38
44
5
33
11
19
17
45
13
23
25
6
19
4
10
40
24
23
5
35
12
7
15
25
12
9
5
19
17
27
14
37
42
17
11
19
4
18
6
46
11
32
77
39
7
11
13
25
43
18
23
18
27
19
20
51
6
39
10
10
15
15
17
14
44
36
12
36
10
23
16
11
15
18
13
15
21
24
28
23
14
21
61
5
40
16
23
17
17
21
20
17
27
14
19
17
7
29
50
15
51
40
32
6
30
11
28
35
38
40
16
18
39
14
24
20
37
3
20
25
32
23
8
12
16
32
31
4
69
35
26
29
30
15
12
12
41
26
30
9
12
28
60
4
35
21
35
19
21
7
34
18
6
52
3
58
22
21
56
20
47
31
22
20
47
57
31
1
10
16
45
5
21
20
23
66
28
19
13
23
18
16
12
24
27
11
48
19
7
48
2
22
11
13
40
54
15
61
23
32
19
9
13
28
25
47
35
14
37
8
27
24
12
15
41
43
16
13
54
23
9
14
43
27
20
17
20
6
29
15
7
29
10
35
25
20
29
15
46
29
4
13
63
22
40
14
11
21
24
63
51
3
18
19
20
69
7
46
18
29
41
5
8
17
9
40
18
37
11
15
9
2
20
49
3
42
48
32
35
27
25
18
31
33
23
10
36
51
14
37
14
24
11
19
24
24
23
41
29
35
55
24
52
17
18
30
46
38
40
4
12
37
19
14
19
18
51
45
64
9
43
5
17
5
16
20
20
7
18
60
28
24
21
55
73
10
11
56
19
31
8
28
49
18
37
27
4
27
71
6
21
29
5
3
43
21
44
37
54
34
16
26
30
57
17
2
13
6
28
28
15
64
59
11
18
16
15
20
30
31
43
53
6
9
53
9
14
7
50
37
1
16
10
11
10
15
49
37
7
12
16
13
47
14
43
19
33
67
53
5
23
11
43
10
14
7
33
10
13
11
7
19
14
12
33
31
20
17
21
6
22
50
16
32
7
5
28
10
22
11
9
17
26
36
22
14
20
13
8
53
2
31
40
16
11
3
62
20
33
6
18
14
20
27
28
11
42
49
4
34
4
20
14
20
13
64
17
31
28
11
18
23
9
18
30
55
26
7
12
6
8
9
54
22
6
6
24
20
21
9
14
9
48
38
18
19
7
28
20
13
22
57
14
57
35
25
8
26
15
17
25
8
2
18
9
45
21
26
43
26
29
49
56
3
51
48
31
21
18
22
50
7
6
17
8
31
21
33
32
