500
2 3 2
1 1
6 2 1 6 5 4 7
0
1 4
5 5 3 4 1 2
2 6 8
6 9 7 12 6 11 10
0
4 9 11 12 8
5 12 15 16 14 13
0
3 11 12 10
7 18 15 16 12 17 19 13
3 14 16 17
4 12 13 14 15
7 16 15 18 14 21 20 19
5 14 17 19 16 15
0
1 21
5 18 19 22 20 17
2 23 24
4 22 19 20 21
2 25 26
7 22 24 23 29 27 26 28
0
1 26
7 29 31 30 25 26 27 24
8 33 26 32 27 30 25 28 31
5 34 31 33 32 29
2 32 30
3 30 29 31
1 34
5 32 36 35 31 33
2 36 34
4 35 38 34 37
3 40 39 38
10 41 34 42 35 37 33 43 39 36 40
2 38 37
4 41 42 39 38
4 40 38 39 37
4 44 43 45 41
3 44 45 42
3 45 46 47
6 43 46 41 42 44 40
6 45 47 48 43 42 44
2 46 45
3 50 49 47
1 48
1 51
4 54 52 55 53
1 51
6 55 54 49 51 52 50
0
6 52 53 57 51 54 56
1 55
2 59 58
7 56 59 61 60 62 63 57
0
4 59 63 62 61
3 60 63 62
8 59 65 66 60 58 64 63 61
6 62 68 67 65 66 64
2 63 65
2 63 64
4 65 64 62 63
3 66 68 65
2 69 70
6 66 71 65 67 68 70
3 69 71 72
5 72 74 69 70 73
0
2 72 71
6 75 78 76 73 72 77
6 76 80 77 79 78 74
0
6 80 78 75 79 76 74
5 82 79 81 80 77
6 74 75 76 80 78 77
2 78 79
1 82
5 79 78 83 81 80
7 81 87 82 85 80 84 86
0
5 80 81 83 84 82
3 85 83 84
8 89 91 88 84 83 85 90 86
3 86 89 87
6 91 90 88 86 85 87
5 85 87 89 86 88
5 95 94 93 92 90
4 88 90 89 91
2 91 92
4 96 95 97 98
2 93 94
6 94 100 98 97 99 95
2 96 98
4 101 100 102 99
3 96 97 98
8 98 103 102 96 101 99 104 97
4 97 100 98 99
4 103 104 101 100
2 101 102
3 105 103 106
5 109 104 106 107 108
1 105
2 105 106
1 109
6 107 111 112 108 106 110
2 111 109
0
8 115 110 113 114 109 116 111 117
4 112 114 115 116
2 113 112
2 114 116
1 115
4 115 118 116 119
3 120 117 119
6 121 117 123 120 122 118
5 122 123 119 124 121
3 119 122 120
1 123
7 121 128 122 124 125 127 126
1 125
1 124
2 125 124
4 123 126 125 124
6 132 129 131 130 127 133
3 131 130 132
4 133 132 134 131
4 135 132 134 133
7 131 127 129 134 130 133 128
1 132
0
4 138 139 137 136
5 133 135 134 137 132
2 136 138
1 137
9 137 141 143 135 142 136 140 138 134
4 138 141 142 139
6 138 142 137 139 143 140
1 141
3 145 144 142
4 145 148 146 147
6 141 144 140 142 146 143
6 143 142 144 147 145 148
4 146 145 144 143
3 147 149 146
2 150 151
4 151 154 153 152
4 150 148 152 149
3 155 154 153
3 151 152 154
3 157 156 155
2 154 153
2 157 155
4 160 159 161 158
1 159
10 157 156 160 154 164 155 158 163 162 161
1 161
2 160 162
4 160 158 161 159
0
5 160 161 165 163 162
1 166
2 168 167
4 169 165 168 166
4 166 167 165 164
2 170 171
6 168 169 173 174 171 172
1 170
0
4 174 177 176 175
4 171 173 172 170
3 173 172 174
4 175 177 174 178
9 173 181 182 178 180 175 176 179 174
7 182 177 179 175 176 180 181
2 177 178
0
0
3 184 183 181
4 179 182 180 181
6 185 181 183 180 186 182
6 188 190 189 186 187 184
9 184 190 188 191 183 182 189 185 187
5 191 189 192 188 190
4 189 191 190 192
1 190
5 191 187 188 186 189
6 186 187 188 189 192 190
1 193
2 194 195
8 192 197 198 195 190 193 191 196
4 198 194 197 196
9 198 197 192 195 200 199 191 193 194
5 195 196 200 198 199
0
8 198 202 195 194 196 200 197 201
5 195 196 199 197 198
1 202
4 204 203 200 201
4 205 201 204 202
2 202 203
2 207 206
6 208 207 209 210 204 205
1 208
5 209 207 206 204 205
3 208 207 210
9 207 211 212 205 214 206 209 208 213
3 210 212 213
0
7 214 218 216 215 212 211 217
7 211 216 217 213 210 215 212
5 218 217 214 216 219
0
2 215 216
3 219 216 217
3 218 220 221
4 221 219 218 222
0
6 218 224 221 220 223 219
7 221 226 219 224 222 220 225
8 227 221 225 226 223 222 228 220
7 222 229 227 223 224 226 228
7 230 231 227 224 225 229 228
3 228 226 229
0
3 228 227 230
3 232 231 229
1 230
4 233 236 234 235
3 231 232 230
2 235 236
4 237 238 236 234
3 237 238 239
4 234 235 233 236
3 237 239 236
4 237 241 238 240
5 242 243 244 239 241
1 240
3 243 244 245
1 244
6 248 247 245 246 249 243
4 242 241 244 243
5 249 251 250 247 248
5 245 243 244 248 246
4 250 249 247 246
5 251 248 253 252 250
1 251
5 254 256 252 255 253
3 254 251 253
9 252 256 254 251 255 257 249 258 250
6 258 257 253 255 259 256
4 257 256 259 258
2 255 254
9 253 254 258 261 255 256 259 260 262
5 261 257 260 262 259
4 255 257 258 256
4 259 258 256 257
8 264 262 259 263 266 258 265 260
4 263 261 260 264
0
1 263
7 267 263 268 266 262 264 269
2 265 267
1 266
5 263 266 265 267 264
5 270 272 268 273 271
3 273 272 271
5 267 270 272 268 269
9 277 268 269 271 275 276 273 274 270
3 275 274 272
1 275
3 277 276 278
9 279 274 277 280 275 272 281 278 273
2 275 276
7 276 274 277 279 280 273 275
5 276 274 277 278 275
0
2 283 282
8 281 285 279 284 278 283 286 280
3 282 285 284
2 282 283
9 288 289 281 280 286 282 287 284 283
1 287
4 286 285 288 289
5 289 290 291 287 286
9 288 293 287 290 292 294 286 285 291
10 294 295 288 293 286 292 287 289 285 291
7 290 292 293 295 289 294 296
2 293 294
3 294 291 292
3 296 293 295
1 296
7 301 297 294 298 299 295 300
2 296 298
2 296 297
2 300 301
1 301
5 302 303 298 300 299
2 300 301
3 304 302 305
2 305 306
3 303 302 304
3 307 308 305
6 305 310 304 308 309 306
6 307 309 305 311 310 306
4 310 312 311 313
3 309 308 307
0
5 310 309 308 311 313
5 315 314 316 318 317
4 312 316 315 313
4 316 317 319 318
1 317
1 316
6 316 314 317 315 319 320
0
6 318 317 316 319 322 321
2 322 323
3 324 325 323
3 321 322 320
2 323 322
2 326 327
6 328 324 330 329 325 327
2 328 326
1 327
0
5 332 331 329 328 333
8 333 330 329 332 335 328 336 334
9 334 328 336 333 331 335 329 337 330
5 331 332 328 330 329
2 333 332
5 334 336 331 333 332
3 335 337 338
1 338
3 341 339 340
6 341 337 336 340 338 335
8 336 344 343 342 341 337 338 339
4 339 337 338 340
1 343
3 342 344 341
5 342 343 345 341 346
4 344 343 347 346
2 347 345
6 349 351 345 346 350 348
4 350 349 351 352
0
3 349 352 351
5 348 350 347 349 352
7 350 357 354 356 353 351 355
0
9 351 358 349 350 353 352 357 356 355
3 353 352 354
5 360 355 359 358 357
4 354 355 356 353
5 356 354 353 357 355
0
2 362 361
5 357 356 360 359 358
5 359 363 360 358 361
2 365 364
4 361 362 360 363
6 367 364 366 361 363 362
0
3 370 368 369
4 364 365 367 366
3 368 366 367
2 372 371
0
3 370 371 373
8 369 377 371 375 370 374 372 376
7 376 375 371 377 372 373 370
3 373 376 374
5 379 381 378 380 377
4 375 376 374 373
0
4 381 382 383 380
8 376 381 377 384 383 379 378 382
2 380 379
0
2 382 381
4 382 386 383 385
2 384 386
4 384 387 385 388
5 389 385 388 390 386
4 389 392 391 390
3 387 390 388
2 391 392
7 392 393 394 395 396 389 390
6 390 396 395 394 391 393
2 394 392
1 395
6 397 398 393 394 396 399
4 398 397 394 395
4 398 400 399 401
2 396 397
3 400 401 398
1 399
4 402 400 399 403
2 403 404
10 406 398 404 408 405 402 401 400 399 407
6 402 400 406 401 403 405
4 406 407 403 404
0
3 408 410 409
3 406 405 407
4 405 406 407 408
6 408 412 409 406 411 407
1 412
5 411 409 408 413 410
5 418 414 417 415 416
0
3 417 414 416
8 420 415 419 418 417 412 413 414
4 420 418 421 419
2 419 420
6 415 416 420 421 417 418
10 416 423 421 418 417 415 424 422 425 419
2 422 423
0
5 421 420 424 422 425
3 422 421 423
4 429 426 428 427
5 425 424 423 427 422
8 423 430 428 426 429 424 431 425
2 426 427
6 427 426 425 431 430 428
6 428 429 434 433 432 431
0
1 431
2 434 432
4 437 435 438 436
7 432 430 434 431 437 436 433
3 437 438 439
2 436 435
3 439 437 440
5 441 444 442 443 440
0
9 439 443 440 438 442 444 446 437 445
7 444 438 439 441 443 440 437
0
7 446 448 443 445 441 442 447
6 442 447 446 441 444 443
2 444 445
0
5 450 447 445 449 446
2 447 448
3 451 449 448
1 452
7 457 454 455 451 453 456 450
0
3 455 452 453
2 456 454
3 457 454 455
2 459 458
2 457 456
8 455 460 456 458 462 457 454 461
0
4 463 465 464 462
9 466 464 463 461 457 459 460 465 458
4 466 464 467 465
2 465 466
4 466 467 469 468
6 463 465 464 462 467 468
0
2 466 467
6 466 465 468 471 470 467
4 468 467 469 471
3 470 472 473
7 468 475 471 473 469 474 470
3 472 474 471
3 477 475 476
5 476 477 473 474 478
6 475 479 480 481 477 478
2 476 475
4 476 479 477 480
2 478 477
4 478 477 479 476
2 482 483
3 483 484 481
4 482 479 481 480
6 481 482 483 485 486 480
8 487 484 483 489 490 488 482 486
4 490 488 489 487
9 491 483 492 485 488 489 484 486 490
6 485 486 490 487 484 489
4 490 493 492 491
4 489 493 491 492
9 494 492 490 489 495 487 493 486 488
4 490 494 493 491
6 494 496 498 497 495 492
3 496 495 493
0
2 495 497
0
2 500 499
6 495 497 494 500 498 496
2 498 499
