500
5 6 2 3 5 4
4 6 3 4 5
3 5 4 6
3 5 6 7
7 6 2 3 7 1 4 8
0
4 4 5 6 8
3 6 7 9
4 10 13 11 12
5 12 13 9 11 8
4 13 10 12 9
1 11
2 15 14
4 13 15 16 12
6 14 17 20 19 16 18
1 15
0
3 21 20 19
0
8 19 16 18 17 24 23 22 21
5 19 20 17 22 18
3 23 24 25
3 22 20 21
1 25
1 26
3 25 24 27
8 26 29 28 25 23 30 31 24
0
6 30 33 32 27 31 28
2 31 29
4 30 33 29 32
1 31
5 36 35 38 34 37
9 29 33 37 31 36 35 38 32 30
1 36
6 38 34 33 37 32 35
4 36 38 35 34
2 39 40
4 40 38 37 41
2 42 41
5 46 43 45 42 44
6 41 40 43 45 44 39
9 45 44 48 39 46 40 41 47 42
3 42 43 41
1 46
5 45 43 41 42 44
10 46 51 42 45 48 49 52 43 50 44
1 47
8 45 52 53 50 46 51 47 48
4 47 48 49 46
2 49 50
3 54 53 51
1 52
7 58 57 55 51 52 53 56
4 56 57 54 53
1 55
1 58
6 61 56 60 59 57 55
4 56 55 57 58
1 59
3 63 62 60
3 60 59 61
5 62 64 61 65 60
2 62 63
2 67 66
4 65 68 64 67
4 65 69 68 66
6 69 67 65 64 70 66
8 67 64 68 71 72 66 65 70
5 68 73 69 72 71
6 75 74 70 69 73 72
1 71
2 71 72
3 73 72 71
7 73 74 76 72 71 78 77
3 78 79 77
7 81 75 79 80 82 78 76
9 74 81 73 80 75 79 82 77 76
0
0
1 82
6 80 83 77 79 78 81
3 85 84 86
2 83 82
6 86 81 82 84 83 80
2 88 87
7 83 88 84 86 89 82 85
1 89
5 88 90 92 87 91
4 94 92 91 93
5 92 95 96 93 94
6 90 93 91 89 88 94
3 94 96 95
8 91 95 97 93 98 96 90 92
4 93 92 94 91
1 97
2 95 96
4 100 96 97 99
5 98 103 100 102 101
4 99 103 102 101
7 100 105 98 102 99 104 103
5 104 101 103 105 100
1 104
8 101 105 108 107 106 103 102 100
4 103 101 104 102
5 108 105 107 104 103
2 108 109
2 106 107
4 111 110 112 108
4 114 111 113 112
2 113 112
6 108 110 109 114 111 113
8 110 112 114 117 116 111 109 115
3 115 117 116
2 116 114
10 119 113 112 111 117 121 118 120 114 115
5 116 114 118 119 115
4 119 116 117 120
5 116 118 117 121 120
6 121 118 124 122 123 119
5 119 124 122 120 123
1 123
4 122 124 125 121
0
3 126 124 123
4 127 124 125 128
1 128
5 125 129 127 124 126
6 134 130 131 132 133 128
4 127 129 126 128
7 132 133 130 134 128 129 127
4 131 130 133 134
4 137 134 135 136
4 130 131 132 133
1 136
0
5 140 139 136 138 135
5 139 135 136 134 137
2 138 137
4 143 144 141 142
2 139 140
6 140 144 141 143 145 139
4 139 140 142 141
5 140 143 142 141 145
7 140 143 144 146 142 147 141
5 145 142 143 141 144
2 149 148
2 147 146
3 150 148 151
0
7 150 153 149 152 155 154 156
5 150 149 148 147 151
0
5 153 150 151 152 155
7 160 157 154 153 158 159 156
1 157
5 161 159 160 158 156
3 155 157 156
7 156 157 160 155 161 154 158
0
5 158 163 162 159 160
2 163 164
6 161 166 167 162 164 165
5 169 166 165 168 167
4 161 164 162 163
0
0
1 169
8 167 170 166 172 165 173 171 168
5 171 166 169 168 167
0
1 171
4 174 171 175 172
8 170 177 172 175 173 171 178 176
1 176
9 181 175 172 173 178 179 177 174 180
3 179 176 178
3 176 177 175
5 178 177 174 175 176
9 179 184 178 183 176 177 181 182 185
0
6 181 185 184 186 180 183
5 181 180 179 182 184
5 185 182 183 186 181
4 182 184 183 186
2 188 187
0
3 190 191 189
5 186 190 185 188 187
1 189
7 195 190 193 189 188 194 192
3 191 193 190
8 189 195 196 194 190 192 188 191
7 192 196 195 199 198 197 193
2 197 196
7 197 195 200 198 194 199 201
1 196
3 196 197 195
7 202 200 201 197 204 198 203
1 199
3 200 198 199
3 203 200 201
2 202 201
2 205 206
5 204 207 206 203 202
6 205 211 209 208 210 207
2 206 205
2 207 209
5 205 208 207 210 206
4 213 214 212 211
6 216 210 214 213 215 212
5 217 214 213 215 216
4 209 212 211 210
2 212 213
6 216 217 214 213 218 219
4 212 215 213 214
3 220 219 218
2 216 217
5 220 222 218 221 223
4 219 221 218 222
4 223 222 224 225
0
2 222 224
6 223 222 221 225 220 226
6 227 224 226 223 228 229
8 228 224 225 221 229 227 223 222
3 225 226 228
1 227
4 228 231 227 230
1 229
3 230 232 233
1 233
4 232 235 234 231
0
5 237 240 236 238 239
4 237 234 238 235
1 238
6 237 235 239 236 234 233
3 238 240 241
7 236 238 243 242 241 239 237
3 240 239 242
1 243
2 244 245
5 245 247 246 249 248
0
9 243 249 241 244 242 250 247 245 248
2 245 246
0
4 251 250 252 253
8 253 247 255 249 248 254 251 252
5 248 250 249 253 252
8 256 254 251 249 248 255 253 250
2 251 252
0
4 256 257 258 259
8 261 255 259 258 254 257 260 253
1 256
4 259 257 260 256
2 260 261
2 262 261
6 263 258 264 262 259 260
7 258 260 265 263 264 261 259
6 265 261 267 266 262 264
4 263 261 262 260
9 268 263 262 266 264 270 261 269 267
7 267 268 269 262 263 265 264
5 262 263 266 264 265
4 265 267 264 266
2 267 268
6 275 273 274 272 269 271
2 270 272
4 274 273 270 271
2 275 274
6 270 275 276 271 273 272
2 274 276
4 278 277 274 275
1 278
1 279
4 280 277 281 278
1 279
7 278 283 282 280 277 279 276
9 280 281 285 286 283 277 284 278 279
0
6 282 281 285 283 280 286
3 287 286 284
3 285 284 283
7 286 285 288 282 283 289 284
1 287
2 290 291
0
4 289 293 290 292
4 290 291 289 288
2 295 294
6 295 297 292 291 296 293
4 294 296 293 297
9 295 293 300 298 301 294 297 299 292
3 296 298 295
3 300 297 299
6 300 297 301 303 298 302
3 297 298 299
3 299 298 300
2 300 301
6 306 302 305 307 308 304
2 302 303
2 304 303
1 305
2 305 306
2 307 309
4 307 311 308 310
2 308 309
3 310 312 313
4 315 314 313 311
0
1 313
9 314 316 312 317 313 319 318 310 311
10 320 312 321 319 318 311 317 314 313 315
6 318 316 312 315 314 313
2 316 317
1 318
4 318 322 319 321
3 322 324 323
2 323 321
0
8 328 323 325 320 326 321 322 327
1 326
5 324 322 325 321 323
1 328
2 330 329
3 331 330 332
5 325 327 328 326 329
3 328 329 330
4 330 331 334 333
4 334 335 331 332
5 338 337 339 335 336
8 336 332 334 333 331 337 338 330
4 338 337 340 339
4 334 336 335 338
0
3 338 340 337
8 337 344 336 339 342 341 338 343
7 337 344 342 343 338 340 339
4 341 340 338 339
4 347 345 346 344
1 343
4 342 346 343 344
2 345 344
5 351 348 352 350 349
2 346 347
0
0
0
9 356 355 354 350 348 353 357 349 351
1 352
2 352 353
1 354
2 354 355
4 360 359 361 358
2 356 357
2 361 360
1 359
6 358 360 363 357 362 359
5 359 358 360 357 361
6 364 360 362 365 361 359
4 362 365 361 363
2 366 364
4 368 367 364 365
4 371 368 369 370
6 369 367 373 371 372 370
3 368 366 367
4 373 374 371 372
2 369 370
4 371 368 370 369
9 375 370 372 377 374 376 368 371 369
6 375 378 376 377 373 372
3 374 373 376
7 378 377 375 372 371 373 374
3 378 375 376
1 379
3 380 378 381
8 381 378 382 376 383 384 379 377
0
0
6 382 380 379 384 381 385
0
2 387 386
8 384 388 389 382 383 387 390 385
3 386 388 385
2 386 387
2 388 387
2 391 389
6 392 390 389 388 387 386
6 394 391 390 393 389 388
1 394
5 399 396 398 395 397
5 394 396 398 397 393
1 395
10 399 396 401 393 392 395 400 394 402 398
3 399 400 397
5 401 402 403 400 404
1 399
5 397 400 398 402 399
5 401 399 400 398 397
2 401 402
2 405 403
2 407 406
0
5 408 403 404 406 405
7 405 409 403 406 404 407 410
6 408 407 411 412 410 413
6 408 413 411 414 412 409
0
4 410 411 408 409
6 410 409 414 415 412 411
3 412 415 413
6 413 414 417 419 416 418
7 413 419 418 415 414 420 417
2 416 415
9 420 416 417 421 419 415 414 422 423
6 423 418 420 421 417 422
5 421 424 423 422 425
0
1 423
6 427 424 425 422 426 421
5 420 423 421 419 422
3 422 424 423
7 429 428 422 425 427 424 423
6 431 429 430 428 425 426
3 431 430 429
3 430 428 427
4 429 426 428 427
5 429 428 430 427 432
4 435 436 434 433
7 429 430 428 432 431 434 435
6 439 438 433 436 435 437
2 433 434
2 438 437
1 438
5 435 440 437 436 439
7 436 438 435 437 441 434 440
0
8 444 443 442 440 437 439 438 445
5 443 446 444 441 445
5 447 444 446 448 445
2 443 442
5 449 447 450 448 446
3 445 447 444
3 448 446 449
4 450 447 446 449
4 450 451 453 452
2 448 449
6 449 450 446 447 452 448
2 450 451
1 454
1 455
6 456 452 450 454 453 451
5 452 455 454 453 457
4 461 460 459 458
4 456 460 457 459
2 458 457
5 459 463 464 462 461
5 465 463 466 464 462
1 463
6 461 464 465 462 466 460
3 467 466 465
4 469 467 468 466
3 463 465 464
8 464 463 466 471 465 470 468 469
3 469 466 467
6 468 466 465 471 470 467
4 469 467 468 466
5 474 475 472 473 476
0
5 476 477 478 475 474
6 476 471 472 473 470 475
5 473 476 474 478 477
5 477 475 479 478 480
4 478 481 480 479
9 482 480 479 481 483 476 474 477 475
6 475 476 480 481 477 478
6 484 482 481 483 479 485
4 479 480 482 483
0
2 481 482
1 483
8 487 489 483 486 482 481 484 488
2 484 485
5 486 488 489 490 485
6 489 486 491 490 492 487
3 490 491 488
1 491
4 494 495 492 493
6 495 490 496 494 493 491
5 489 488 490 492 491
5 491 492 489 490 493
4 494 496 492 493
7 499 493 498 495 497 500 494
1 496
2 499 500
4 500 498 497 496
2 499 498
