500
2 3 2
0
7 6 5 4 7 2 1 8
4 3 2 5 6
6 9 7 8 6 4 3
6 5 11 7 10 8 9
6 10 9 8 6 12 11
8 5 9 7 3 11 10 4 6
5 10 11 14 13 12
2 8 9
6 13 14 10 12 9 15
0
7 14 16 15 10 11 12 17
1 15
4 16 17 18 19
8 18 19 15 17 14 13 21 20
0
1 17
4 18 15 16 17
5 18 16 15 19 17
6 17 23 18 20 19 22
7 23 21 20 24 18 19 25
2 24 25
5 20 22 21 23 25
3 27 24 26
10 23 31 25 30 27 22 28 21 24 29
6 24 25 26 29 28 30
0
3 30 27 28
2 31 29
6 30 33 29 28 34 32
5 34 33 35 36 31
5 37 34 36 38 35
3 32 35 33
4 37 34 38 36
1 37
6 38 36 39 40 41 35
5 37 39 41 40 42
7 37 38 40 43 41 42 44
0
0
8 40 45 44 43 41 38 39 37
8 47 41 44 48 46 40 42 45
7 45 47 46 40 43 41 42
3 43 44 42
4 49 50 47 48
7 42 44 45 48 43 49 46
5 52 53 51 50 49
2 48 47
5 53 52 51 54 49
4 53 49 50 52
6 55 50 53 54 51 56
3 55 56 54
1 55
7 54 56 51 58 53 57 52
6 57 53 54 52 55 51
1 58
5 55 57 56 60 59
4 58 60 57 61
9 56 62 63 65 59 64 57 61 58
4 63 60 64 62
3 64 63 65
6 67 66 62 65 64 68
4 67 66 65 63
9 66 70 64 67 63 69 68 62 61
2 65 64
6 71 69 65 68 70 66
0
2 67 68
1 69
4 69 72 73 70
4 69 71 68 70
4 71 74 72 75
1 73
2 76 77
3 77 75 74
4 79 81 78 80
2 77 76
0
7 78 81 79 84 85 82 83
3 84 83 82
0
5 79 81 82 84 80
1 83
5 86 87 89 88 84
1 87
4 89 90 86 88
2 87 86
7 90 91 87 88 85 92 86
3 93 91 92
0
0
7 89 91 90 94 92 88 95
2 96 95
1 94
8 95 92 93 97 99 94 100 98
0
5 102 97 100 101 99
2 98 100
8 101 102 97 103 104 96 98 99
1 100
4 104 103 105 106
4 107 106 105 104
6 101 99 100 102 103 105
2 106 104
6 108 107 103 104 102 105
5 103 106 104 102 105
6 110 106 109 107 104 105
4 111 107 108 110
4 112 114 113 111
2 110 109
0
1 112
2 115 116
8 118 116 114 119 113 117 111 112
1 117
2 115 116
6 115 121 120 116 119 117
5 118 117 121 120 116
4 121 122 118 119
4 124 122 123 125
7 119 123 124 126 121 125 120
4 120 119 121 122
5 125 121 120 123 122
2 123 124
3 127 125 128
4 125 123 124 126
10 124 130 131 125 126 133 123 129 132 127
4 125 126 128 127
3 129 131 132
4 133 132 129 130
6 134 135 136 133 137 131
2 131 132
3 133 135 132
1 134
6 138 137 139 134 135 140
0
4 140 139 137 136
0
5 137 139 141 136 138
4 144 143 142 145
4 140 139 138 141
1 142
6 143 146 142 148 147 145
2 144 143
3 149 147 148
4 146 149 148 145
2 147 146
2 151 150
1 151
6 149 153 147 152 150 148
4 150 151 153 154
7 156 151 152 150 157 155 154
1 155
0
5 154 155 153 152 151
7 156 154 153 152 158 155 159
0
2 161 160
6 159 157 161 156 158 155
4 162 159 160 163
3 161 164 163
6 167 162 166 161 164 165
1 163
3 163 164 166
6 170 168 167 169 164 165
4 166 163 164 165
8 167 164 170 171 169 165 172 166
6 173 167 170 168 172 171
1 171
2 173 172
1 173
6 169 170 172 171 174 175
4 173 171 170 172
4 173 174 172 176
4 174 173 175 177
3 179 176 178
2 176 177
5 178 181 183 180 182
2 179 181
6 182 178 180 176 177 179
0
4 185 186 182 184
1 185
6 181 186 184 183 187 182
7 191 190 185 188 189 184 187
5 185 184 186 188 183
3 191 189 190
2 188 190
5 187 189 186 185 188
1 192
6 193 196 195 194 191 190
4 192 190 189 191
2 192 193
1 194
3 199 197 198
2 196 195
4 202 201 200 199
4 198 200 201 197
0
4 199 200 203 202
5 204 205 206 203 201
0
4 205 203 206 202
8 208 203 204 201 202 207 206 200
2 205 207
6 210 205 211 206 208 209
8 210 209 211 212 207 206 205 204
2 207 208
5 206 209 207 208 211
4 207 209 210 208
4 211 213 210 214
4 215 212 211 214
6 216 219 213 217 218 215
4 217 219 216 218
1 215
8 216 218 220 212 219 215 214 213
6 219 215 216 214 220 217
3 216 218 217
7 221 216 222 218 217 219 215
2 219 220
4 220 224 221 223
8 220 222 225 226 224 219 227 221
0
6 227 224 226 228 223 229
2 228 227
2 225 226
0
6 230 228 227 226 225 231
5 232 231 229 234 233
3 228 229 230
1 233
6 235 234 237 236 231 232
2 233 232
1 234
6 234 237 238 240 235 239
2 236 238
2 237 236
1 240
6 239 242 236 238 237 241
5 240 245 242 244 243
6 244 245 240 246 241 243
0
4 242 245 243 246
4 243 241 242 244
6 247 244 245 248 250 249
7 245 249 243 246 248 250 244
2 247 246
7 252 251 248 253 247 246 250
1 251
7 255 253 250 249 256 252 254
1 253
4 254 257 256 255
4 257 255 256 253
4 252 254 251 253
8 251 252 255 253 258 254 259 257
5 258 260 261 256 259
1 259
8 263 257 262 258 256 261 260 255
1 261
7 265 263 266 262 259 264 260
0
2 265 264
7 267 265 263 268 262 269 266
4 263 262 261 264
7 267 268 261 263 262 264 265
5 269 271 268 266 270
0
9 274 265 271 268 270 273 267 272 266
0
4 268 267 269 270
7 269 270 271 273 268 274 267
2 274 272
2 275 276
7 270 271 272 277 274 276 273
1 275
2 278 279
8 274 281 282 276 279 277 280 275
1 278
3 279 278 281
5 278 279 277 282 280
4 283 284 280 281
2 282 281
2 286 285
5 281 283 282 284 286
4 284 287 285 288
0
4 286 290 289 287
6 287 284 288 286 290 285
1 291
6 294 293 296 290 292 295
4 288 290 289 291
2 294 292
5 298 297 295 293 296
4 296 299 298 297
2 295 294
5 298 296 294 299 295
4 296 297 294 295
4 301 300 297 298
0
3 302 300 299
7 305 300 307 306 301 304 303
2 302 301
3 306 303 305
5 302 303 306 304 301
2 307 308
4 309 311 308 310
4 304 307 305 306
2 310 308
6 314 312 311 313 315 309
2 313 312
2 310 311
6 318 315 312 314 316 317
3 311 313 312
2 313 314
9 317 311 315 313 314 318 319 320 312
6 321 316 320 319 315 318
7 320 321 319 317 314 315 316
2 321 320
6 321 317 315 319 318 316
4 322 323 319 320
5 324 321 320 319 323
8 319 324 318 321 325 326 320 322
0
4 323 326 324 327
2 328 327
6 329 330 328 331 326 332
5 325 323 326 324 327
7 324 326 328 331 325 330 327
2 328 329
4 335 333 334 332
6 331 330 333 336 334 335
0
5 336 335 338 337 339
5 336 334 339 337 338
2 337 335
8 332 334 338 333 336 335 340 339
6 334 337 339 340 336 335
3 341 338 340
4 342 341 343 339
8 339 343 342 345 338 340 337 344
2 343 341
9 339 344 346 345 341 348 342 347 340
8 341 343 347 349 346 345 342 348
5 347 348 349 346 350
6 347 343 345 344 348 342
0
4 346 344 347 345
2 351 350
3 348 349 351
3 352 354 353
6 347 353 349 351 350 348
4 352 351 349 350
6 353 355 350 351 352 356
7 354 352 357 350 353 356 351
7 360 353 358 354 357 359 355
4 355 354 353 356
3 355 356 357
0
4 363 361 359 362
4 359 357 358 360
2 361 360
6 364 362 368 366 367 365
8 366 359 361 362 365 363 360 367
5 361 362 366 364 363
8 362 364 370 365 367 368 363 369
5 365 366 364 363 362
1 367
6 367 371 372 370 368 373
5 367 365 368 369 366
2 373 372
4 371 370 369 368
6 377 371 376 375 372 374
0
4 378 376 374 377
3 377 375 374
0
6 373 379 376 375 377 374
8 383 377 378 381 376 382 380 375
6 382 378 384 379 383 381
2 382 383
5 385 387 386 384 383
1 382
7 385 389 382 383 386 388 387
9 382 381 384 388 380 387 383 386 389
3 387 388 385
9 386 389 383 390 388 385 391 392 384
2 387 386
4 390 387 388 391
7 388 386 385 387 391 389 392
5 389 392 387 390 388
6 393 396 397 394 395 391
1 392
5 389 390 392 391 393
0
7 400 394 397 395 399 393 398
2 395 396
3 400 397 399
4 396 398 397 395
6 398 399 395 401 397 396
4 402 403 400 399
6 401 405 400 406 403 404
5 406 405 404 402 407
4 408 406 407 405
2 404 403
2 407 408
0
2 409 410
4 406 407 405 408
7 408 409 415 413 412 411 414
0
3 410 413 411
1 412
1 415
3 417 416 418
4 415 418 414 417
8 414 413 418 420 421 416 415 419
4 422 419 421 420
4 418 420 417 421
8 424 421 418 423 416 422 419 417
2 419 420
5 424 425 427 426 423
2 421 422
5 426 425 427 429 428
8 422 428 421 427 429 423 426 424
3 423 425 424
3 426 429 428
4 429 432 431 430
4 426 425 427 428
5 433 434 435 432 431
1 430
1 431
9 437 435 431 432 436 434 430 429 438
6 435 433 431 436 437 432
7 430 436 431 437 433 432 434
8 439 431 434 433 437 432 438 435
0
6 440 437 436 441 442 439
2 441 440
2 439 438
6 443 440 442 439 444 445
5 443 444 441 445 446
2 442 441
1 443
0
4 443 444 447 445
6 446 445 449 443 448 444
4 444 445 447 446
2 451 450
4 448 447 449 446
4 449 452 450 453
4 450 449 451 448
7 450 451 449 455 454 448 452
4 452 453 455 451
6 454 458 457 456 459 460
0
5 458 453 454 456 455
4 462 459 460 461
6 458 461 456 457 460 455
1 459
3 459 458 460
4 463 466 465 464
4 461 462 460 464
2 465 466
2 466 467
5 463 464 468 467 465
4 468 466 465 464
3 469 467 470
8 468 465 467 472 466 471 473 470
1 469
3 473 472 470
5 475 473 474 477 476
2 472 471
4 475 478 476 477
7 478 479 472 474 476 473 477
1 475
5 473 474 476 478 475
4 480 479 482 481
4 481 483 482 480
0
4 479 480 478 477
10 483 480 477 481 487 484 478 485 486 479
2 485 484
4 483 480 481 482
4 486 483 487 484
4 487 485 484 488
5 491 490 488 489 486
3 489 486 487
5 491 488 490 492 493
0
0
4 489 488 491 490
5 490 494 492 491 489
2 496 495
1 494
5 497 495 493 494 492
4 499 500 496 498
5 494 495 497 496 499
1 500
2 499 498
