320
2 3 2
1 3
5 4 8 5 6 7
9 8 2 9 6 10 3 5 7 1
0
2 7 8
6 6 5 3 2 8 4
9 7 3 11 10 9 5 12 4 6
7 13 14 7 8 12 10 11
6 12 13 11 15 16 14
3 8 9 10
4 10 14 11 13
8 12 17 14 9 15 16 11 10
3 13 15 16
5 19 14 16 18 17
1 15
7 15 18 16 14 20 19 13
10 17 10 11 13 19 16 14 12 20 15
9 15 22 21 14 20 16 23 17 18
2 21 19
4 23 22 25 24
10 24 23 26 19 28 29 21 25 27 20
9 24 19 22 17 20 25 18 26 21
10 26 32 23 22 30 28 31 25 27 29
14 17 19 30 21 20 23 27 26 29 24 31 18 22 28
5 28 27 24 23 25
5 29 24 25 26 28
0
4 28 27 25 26
12 29 27 35 28 25 32 37 33 34 26 31 36
0
7 33 35 36 39 38 34 37
4 30 32 29 31
2 35 36
2 34 33
7 35 30 34 33 31 29 32
0
7 35 41 39 37 34 36 40
7 43 44 40 45 41 46 42
6 37 39 42 38 36 41
3 38 40 39
14 39 46 38 47 43 44 41 40 34 36 45 37 35 48
2 45 44
6 47 45 48 43 42 46
3 46 47 48
3 44 45 47
4 51 49 48 50
1 47
3 51 48 50
0
2 52 53
10 47 48 49 51 55 46 50 54 53 56
2 51 52
0
2 53 54
10 55 63 59 53 58 54 62 61 60 57
7 55 54 52 56 51 53 50
4 57 55 56 59
5 57 56 55 60 58
13 59 65 66 58 57 61 68 62 67 63 56 55 64
1 60
10 55 56 65 57 63 64 61 59 58 60
8 59 64 62 67 65 66 61 60
0
9 69 66 70 67 72 64 68 63 71
7 70 73 72 68 67 69 71
6 68 65 70 71 66 69
4 69 72 71 70
10 73 77 67 70 72 74 75 68 71 76
4 71 73 74 72
4 74 72 73 75
7 66 71 69 70 65 67 68
6 68 70 71 72 69 67
7 80 76 78 81 75 79 77
8 77 76 79 73 72 78 71 74
10 78 69 75 73 68 70 74 72 77 71
6 80 82 81 79 78 83
6 76 77 82 81 80 79
8 84 87 81 85 83 82 86 80
12 82 78 79 77 85 75 76 81 73 74 83 84
8 77 74 79 76 80 82 78 75
4 83 81 79 80
3 85 86 84
11 80 86 81 78 79 88 82 85 87 77 83
7 90 84 88 89 87 83 86
10 82 78 85 80 79 88 87 81 83 84
7 85 82 81 84 80 83 86
4 86 85 87 84
9 93 87 92 88 90 95 94 96 91
2 88 89
6 95 93 94 92 96 97
6 88 87 91 89 90 93
4 90 92 89 91
9 101 95 96 98 93 100 97 102 99
6 99 96 98 97 94 93
2 95 97
5 93 94 95 98 96
7 97 102 103 100 101 96 99
7 93 94 98 92 95 97 96
9 102 101 95 96 103 104 98 99 97
8 98 100 104 105 102 97 99 103
2 101 100
7 104 99 105 100 106 101 102
10 102 108 101 100 99 105 106 107 98 103
2 104 103
2 105 107
7 105 102 104 108 109 103 106
12 109 105 112 110 116 106 115 107 111 113 114 104
6 112 115 111 113 110 114
11 111 107 106 109 108 114 113 112 105 115 104
1 112
9 110 114 111 115 108 117 113 109 116
4 114 115 111 112
1 113
3 116 114 117
2 117 118
8 121 118 115 120 116 113 114 119
10 119 120 115 124 114 121 122 117 116 123
6 113 115 118 116 114 117
7 115 121 114 118 116 117 119
7 118 120 119 114 116 117 115
8 126 119 125 124 121 118 120 123
3 122 120 121
14 128 130 118 117 127 129 125 121 119 123 120 131 126 122
8 123 124 127 128 122 121 129 126
5 128 127 131 130 129
0
5 129 130 132 127 131
6 131 132 133 135 134 130
1 131
8 125 127 129 124 128 126 123 130
5 136 135 134 133 137
5 134 135 136 132 131
8 135 131 129 133 130 128 136 132
2 136 137
4 137 140 138 139
0
4 136 135 134 137
0
10 138 133 142 134 141 132 135 137 136 139
8 149 148 147 143 145 142 144 146
14 148 145 144 138 134 137 146 135 139 143 141 140 136 147
7 146 144 148 145 147 150 149
0
5 142 141 140 144 143
9 149 150 147 143 151 145 144 142 148
0
6 149 153 151 152 150 154
10 153 147 148 154 150 152 151 155 157 156
9 152 157 149 151 154 155 148 156 153
8 157 154 153 158 159 156 152 155
13 145 156 158 150 151 154 147 153 155 148 146 157 149
2 154 152
0
6 160 157 156 159 158 154
7 159 158 155 157 152 154 153
2 159 158
1 159
9 160 163 161 166 165 164 162 158 167
13 153 162 156 165 158 159 166 163 164 155 157 154 161
8 162 160 158 159 163 166 164 165
10 161 155 157 158 163 154 164 160 159 156
7 169 167 170 168 164 165 166
1 165
15 171 157 159 168 166 170 158 162 161 167 164 160 169 163 172
3 165 168 167
1 166
5 171 170 173 169 172
2 167 168
1 169
7 169 172 170 173 176 175 174
0
9 172 176 171 175 179 174 178 177 180
10 177 175 173 181 176 179 178 172 182 180
7 173 178 177 179 176 172 174
6 172 177 175 174 178 173
4 175 173 174 176
4 179 182 180 181
13 186 182 185 183 184 178 180 176 175 177 174 181 187
6 183 182 179 181 184 178
2 182 183
6 177 179 180 181 183 178
8 180 179 187 182 185 184 181 186
4 185 186 188 187
3 186 187 184
8 188 194 190 189 191 193 187 192
13 180 183 188 191 182 192 190 186 181 184 193 185 189
3 187 189 186
4 187 188 191 190
6 188 186 187 185 191 189
4 187 189 190 188
0
3 194 195 196
4 192 191 193 190
9 200 194 199 193 196 201 192 197 198
9 198 194 197 200 201 199 195 202 203
3 195 196 194
7 202 201 197 199 196 203 200
9 204 195 196 203 197 201 200 198 202
2 199 198
8 203 204 205 198 200 202 197 199
2 200 201
1 204
2 203 202
4 202 204 203 206
7 204 203 208 202 205 201 207
10 209 211 205 210 204 206 208 212 203 213
0
2 211 210
8 213 217 216 211 215 209 214 212
8 205 207 212 209 210 208 213 206
3 209 210 211
1 212
4 213 216 215 212
10 213 218 216 211 209 217 208 210 212 214
0
0
3 217 219 220
3 217 216 218
8 221 215 216 219 223 218 217 222
14 225 222 218 215 217 220 219 216 214 227 228 223 224 226
4 225 223 224 226
15 225 229 226 217 215 219 218 221 216 220 222 224 228 230 227
10 221 218 217 222 220 223 219 225 226 227
9 228 224 230 233 226 229 227 232 231
8 229 230 231 227 233 232 234 228
6 224 226 230 225 229 228
15 227 229 230 232 235 222 231 220 224 221 225 226 223 233 234
5 227 230 232 228 231
2 228 229
12 223 232 228 230 235 233 234 227 229 225 226 224
2 233 231
1 234
8 231 227 226 233 232 230 229 228
7 237 232 236 231 230 233 234
7 233 231 232 237 235 238 234
9 243 240 238 236 234 235 242 241 239
6 234 239 236 240 237 235
4 235 237 236 238
5 238 236 235 237 239
0
0
5 245 247 244 248 246
0
6 244 241 239 240 242 243
4 250 249 248 247
12 241 244 240 243 248 250 239 249 251 246 245 242
3 249 247 250
0
2 252 251
6 253 249 252 248 250 247
3 250 251 249
3 254 255 252
4 252 251 253 250
9 252 248 253 249 251 256 250 257 254
0
3 256 258 255
2 257 259
2 258 260
3 263 262 261
2 259 260
9 256 264 259 258 257 260 265 263 261
4 266 267 264 265
0
11 267 260 261 259 262 264 266 270 263 268 269
7 261 260 264 259 265 263 262
1 266
1 267
2 268 267
7 272 266 271 265 268 267 269
3 272 270 269
8 274 273 267 268 269 266 271 270
5 274 278 275 277 276
9 275 282 276 278 280 273 281 279 277
2 274 276
8 278 279 283 277 275 282 280 281
5 280 278 279 276 281
12 276 284 273 279 282 280 277 274 275 281 283 272
0
2 282 281
7 285 284 283 279 280 286 282
2 283 281
5 279 278 282 281 280
3 283 285 282
2 284 283
3 287 285 288
7 291 285 288 290 292 289 286
1 287
4 288 291 287 290
6 293 294 288 289 292 291
2 290 289
1 293
5 295 292 297 294 296
4 297 296 298 295
5 294 292 293 296 297
7 290 295 291 297 293 292 294
10 293 302 294 298 296 301 292 295 300 299
8 300 293 299 294 292 295 296 297
6 298 297 295 300 301 296
1 301
8 304 306 307 305 308 302 303 309
6 305 304 303 308 306 307
9 301 308 306 302 299 307 304 305 300
11 307 303 296 301 302 297 306 299 300 298 305
8 307 299 304 303 300 302 301 306
15 301 311 303 308 300 310 302 299 305 313 298 304 312 307 309
3 309 308 310
9 304 309 310 311 303 306 307 312 305
6 307 311 305 306 310 308
13 305 309 302 314 311 306 315 313 303 304 307 308 312
8 307 308 305 306 309 313 312 310
3 314 315 313
11 319 315 312 310 316 309 317 318 320 311 314
4 315 318 317 316
5 311 313 314 310 312
4 312 314 315 313
3 320 319 318
9 316 317 315 313 311 319 314 312 320
6 315 314 316 318 317 320
4 316 319 317 318
