40
1 2
2 1 3
4 2 4 5 1
2 5 6
2 4 3
4 5 8 7 9
6 11 10 8 6 5 9
5 4 6 5 3 7
2 10 8
1 9
2 12 13
6 13 8 9 10 11 14
6 12 8 9 11 14 10
5 15 12 16 13 17
6 18 17 13 14 16 19
5 18 15 19 20 17
6 16 18 21 19 20 15
6 22 17 19 21 16 20
4 20 17 16 18
6 15 18 19 17 21 16
4 19 17 20 18
6 20 25 24 26 23 21
3 25 24 22
4 23 26 25 22
3 26 24 27
2 25 27
7 29 30 28 25 32 26 31
1 27
5 31 28 32 27 30
1 29
6 32 28 29 33 27 30
0
3 35 34 32
6 38 36 35 39 37 33
2 37 36
7 35 38 37 33 32 31 34
2 35 36
4 40 37 39 36
3 40 37 38
1 39
