500
2 3 2
3 1 3 4
1 2
6 8 2 7 3 5 6
0
5 9 8 7 10 5
4 11 8 9 10
9 6 10 5 7 4 11 9 13 12
7 12 8 7 11 10 6 5
2 11 12
2 9 10
3 11 14 13
1 12
4 16 12 15 13
1 16
4 18 17 19 20
5 19 15 16 18 14
2 16 17
4 21 22 20 23
1 19
3 20 19 22
5 23 19 20 21 18
6 24 27 25 21 22 26
4 20 22 21 23
2 26 27
1 27
2 26 28
5 27 26 24 29 25
4 30 32 33 31
3 32 29 31
2 32 33
6 27 29 33 30 31 28
1 34
6 33 35 32 29 31 30
1 36
8 38 35 34 33 39 37 40 32
3 35 36 34
5 39 37 41 40 42
6 37 38 41 40 42 43
4 36 38 39 37
2 43 42
6 46 47 43 45 44 41
2 42 41
9 47 43 42 46 49 41 40 48 45
8 48 41 47 42 44 43 46 49
2 47 45
3 45 46 48
1 47
6 46 48 51 50 47 52
4 51 52 53 49
0
2 54 53
2 52 54
5 52 51 53 55 50
6 53 54 59 56 58 57
4 55 53 54 57
0
8 61 55 54 60 59 56 57 62
4 60 61 58 57
5 56 58 55 59 57
7 63 62 57 58 59 64 60
3 60 63 61
4 61 59 60 62
4 67 65 63 66
5 67 70 66 68 69
3 64 65 63
1 68
7 72 70 69 65 67 71 66
6 71 70 72 68 73 67
7 72 68 67 69 66 71 73
2 70 69
3 71 70 73
2 74 75
3 76 75 73
2 76 74
6 73 77 74 72 75 78
4 75 76 73 74
9 80 81 79 73 76 82 75 74 77
0
7 83 82 78 81 85 79 84
0
10 77 79 78 80 84 85 86 81 83 87
1 82
5 85 82 86 83 87
1 86
1 87
5 88 85 89 84 86
3 89 91 90
8 94 91 90 88 87 92 93 86
0
6 93 89 94 90 95 92
3 89 90 91
1 92
1 93
4 96 97 93 94
2 97 98
2 95 96
5 95 96 97 99 100
0
7 105 99 104 101 98 102 103
2 99 100
2 103 104
1 104
8 108 100 103 107 101 102 106 105
7 109 103 104 108 110 106 107
2 105 107
6 111 110 109 108 106 105
0
0
9 114 105 106 108 107 112 109 113 111
4 109 113 112 110
2 110 111
3 116 115 114
7 112 113 118 119 117 115 116
7 119 116 112 114 113 118 117
2 114 115
4 120 118 119 116
2 119 120
0
2 122 121
4 120 117 119 118
3 125 123 124
4 120 119 122 121
2 122 123
4 124 126 123 127
4 127 129 128 130
8 125 126 130 128 123 131 129 124
2 127 126
2 131 130
4 128 131 129 132
0
6 128 133 130 129 131 134
4 131 132 135 134
5 133 131 130 132 135
1 136
3 137 135 138
7 135 140 136 133 139 138 134
1 139
0
3 142 141 139
9 136 142 140 145 137 143 139 138 144
8 146 138 139 140 143 144 145 141
2 144 142
2 145 146
2 144 143
3 148 147 145
2 145 146
2 149 150
0
5 147 151 149 152 148
5 152 153 156 155 154
4 154 155 156 153
0
5 150 151 153 152 149
4 151 153 154 152
4 160 158 159 157
8 156 161 155 153 160 159 158 154
4 156 159 157 155
8 161 156 164 157 158 160 162 163
2 159 161
0
5 160 159 161 163 158
3 165 162 164
0
6 166 163 164 169 168 167
2 165 167
2 168 166
2 167 166
3 170 171 168
2 172 171
4 172 173 174 175
4 176 175 173 174
6 174 177 171 176 175 172
7 176 170 175 173 171 172 169
7 178 174 179 177 180 173 176
6 178 177 179 180 175 181
4 180 181 179 178
3 177 176 175
4 178 180 177 181
2 182 181
0
3 184 183 181
8 179 181 180 184 182 185 187 186
6 187 186 188 182 185 183
6 188 190 189 186 184 187
6 184 187 185 189 188 190
3 184 186 185
7 187 185 186 184 190 189 191
1 188
1 191
4 193 189 190 192
5 193 196 194 195 191
4 196 195 192 194
1 195
8 199 191 194 192 196 198 193 197
6 197 193 195 191 194 192
4 201 199 198 200
9 194 199 203 200 195 202 196 201 197
4 202 200 203 201
1 199
5 199 196 197 200 198
7 203 200 204 207 201 205 206
1 202
5 203 201 202 200 205
6 204 210 209 208 207 206
8 209 203 201 202 204 208 207 205
2 205 206
1 209
4 208 207 211 210
6 213 212 211 209 208 214
1 212
7 213 211 216 214 217 210 215
5 214 217 218 215 216
5 213 212 215 210 211
4 212 213 216 214
9 218 220 211 217 215 213 219 212 214
2 218 216
7 219 215 216 214 220 217 221
3 220 217 218
2 221 222
7 219 223 220 217 216 218 222
5 220 223 218 219 221
5 224 222 226 225 227
0
4 229 227 228 226
4 225 227 224 228
10 230 223 231 225 228 224 229 226 222 232
2 227 229
4 230 233 231 232
2 231 229
5 233 229 232 228 230
1 233
5 229 232 231 234 230
4 235 232 233 236
1 234
2 237 238
2 236 235
6 240 236 235 234 237 239
0
6 238 236 242 241 237 239
3 239 238 240
5 246 245 243 244 241
1 242
9 246 240 241 247 242 243 248 245 249
9 246 249 244 250 242 243 241 248 247
0
5 246 245 243 242 244
2 246 247
6 251 246 247 248 250 245
5 253 254 251 252 249
1 252
2 250 251
3 254 251 252
3 255 252 253
3 256 257 254
2 257 255
5 262 261 259 258 260
3 256 255 257
0
1 259
1 260
6 259 263 260 261 264 258
3 262 264 261
2 266 265
2 263 264
5 268 267 265 264 269
0
3 267 269 266
4 268 267 270 271
6 273 271 275 274 269 272
1 270
2 270 271
4 276 274 277 275
1 273
7 276 273 279 278 272 274 277
0
4 274 276 273 275
4 275 276 279 277
4 278 280 277 281
0
4 284 285 282 283
4 283 279 281 280
3 282 281 284
1 283
2 284 286
4 288 284 287 285
1 286
4 289 286 290 287
9 288 285 286 287 293 284 290 291 292
1 289
4 287 289 290 288
1 293
5 296 295 294 291 292
2 295 296
3 296 297 298
9 298 297 299 291 292 300 294 293 295
2 299 298
5 297 296 300 299 295
2 301 300
1 301
7 300 303 296 302 298 299 297
2 301 300
4 305 304 301 302
0
2 307 306
5 309 308 307 310 305
5 303 308 305 304 306
5 305 307 306 303 304
4 307 311 310 308
4 308 306 309 307
5 310 308 313 309 312
6 316 315 310 311 314 313
1 314
1 313
2 316 317
8 318 313 312 317 314 319 320 315
4 313 314 315 316
3 319 316 317
4 318 316 315 317
5 319 317 318 321 322
5 323 322 319 324 320
1 321
2 321 322
5 321 325 322 323 326
9 323 326 328 324 320 327 329 321 322
2 324 325
3 328 329 326
2 327 326
2 330 331
0
5 329 332 333 328 330
1 333
4 331 332 335 334
2 333 332
9 336 332 337 331 339 338 340 333 334
5 334 332 337 333 335
6 341 336 339 340 335 338
5 336 335 339 337 334
9 340 336 338 343 341 342 344 335 337
2 341 339
3 344 343 342
2 343 344
2 344 345
6 341 342 346 343 340 345
2 344 346
3 344 347 345
3 346 348 349
2 346 347
6 348 353 352 350 354 351
3 351 348 349
7 350 352 355 353 349 354 356
7 354 355 349 351 353 350 348
9 350 348 355 352 351 356 349 354 357
5 352 351 353 355 356
7 354 352 353 357 358 356 351
7 351 354 353 358 352 357 355
6 358 359 361 356 360 355
4 360 361 362 359
2 361 360
0
4 359 358 357 360
5 365 366 364 363 367
2 362 361
0
4 368 366 369 367
5 367 364 369 365 368
5 364 368 366 363 365
1 367
2 370 371
6 374 373 369 372 368 371
5 376 373 374 372 375
4 374 373 370 371
3 371 372 374
4 372 371 375 373
4 379 376 378 377
6 377 374 379 375 378 380
1 376
5 376 379 375 374 377
3 382 381 380
5 376 377 375 378 379
1 382
7 380 379 384 383 378 377 381
8 385 380 386 381 382 387 384 379
7 383 382 389 387 386 388 385
1 386
5 389 390 388 391 387
4 384 385 386 383
4 390 386 387 389
5 390 392 394 393 391
6 394 391 393 388 389 392
8 392 394 390 388 395 393 389 387
4 390 391 394 393
4 392 396 395 394
9 390 398 397 396 393 395 389 392 391
0
4 393 395 392 394
5 401 396 400 399 398
5 394 393 396 397 395
2 398 397
0
4 399 400 402 403
3 403 401 400
4 407 406 405 404
4 401 403 400 402
0
3 404 407 405
6 405 406 408 404 403 409
5 409 411 406 410 407
1 410
2 409 408
1 412
3 414 413 415
8 416 417 412 410 418 411 415 414
1 413
4 417 418 416 419
1 417
0
4 417 414 415 416
2 420 421
4 422 421 424 423
0
8 424 426 425 418 423 420 421 419
6 424 422 427 425 426 421
5 423 422 425 427 426
3 424 423 422
3 423 424 425
2 429 428
2 427 429
7 424 428 426 425 430 427 431
5 433 434 431 429 432
1 430
5 436 433 431 434 435
3 431 432 434
1 435
4 432 434 433 431
6 433 437 434 435 438 432
9 435 436 432 440 433 434 439 438 441
7 439 436 442 435 441 437 440
5 443 442 438 440 441
0
3 439 442 440
3 444 441 443
2 444 442
7 442 449 446 448 447 443 445
5 448 447 449 450 446
3 443 444 445
1 448
4 444 445 446 447
0
6 448 451 453 452 454 449
0
3 453 451 450
4 456 457 455 454
0
0
4 452 454 453 455
2 459 458
5 457 459 455 454 456
2 461 460
6 464 458 463 459 462 461
4 459 457 460 458
9 457 460 458 461 463 459 466 465 464
5 462 460 459 461 464
7 460 461 466 463 467 465 462
7 467 460 461 464 463 462 466
6 468 465 464 467 469 470
3 465 466 468
4 467 469 466 470
8 468 472 470 471 465 467 473 466
3 468 469 467
6 467 468 466 470 469 472
4 476 474 475 473
9 476 474 475 469 478 470 471 477 472
1 473
3 474 473 476
3 478 477 475
5 478 479 480 481 476
2 477 476
6 482 477 478 483 480 481
6 483 478 479 482 481 484
9 483 485 482 476 484 479 480 478 477
7 480 481 479 484 483 478 477
6 479 485 481 482 480 484
1 485
7 483 484 489 482 486 487 488
6 482 483 485 488 487 484
2 489 488
3 489 491 490
7 492 488 491 487 485 486 490
3 491 489 488
3 490 488 489
5 491 490 494 493 489
5 497 498 494 496 495
4 496 495 497 498
9 492 498 499 491 493 490 494 496 497
9 499 495 497 494 498 492 500 493 491
6 496 494 500 498 499 495
6 494 500 495 496 497 499
4 498 497 496 495
4 498 499 497 496
