100 0 100
2 70
39 32
98 78
2 14
20 66
85 97
98 33
3 13
70 79
75 40
21 98
43 97
58 20
14 62
40 90
77 46
8 69
86 29
86 44
20 3
49 2
97 5
14 64
30 63
45 57
59 46
11 40
25 51
58 84
74 79
74 50
35 1
61 15
44 88
38 3
71 95
9 56
83 78
66 43
75 39
12 68
42 76
71 42
28 46
68 46
25 2
80 0
1 95
34 1
6 72
28 74
52 53
63 73
11 16
77 51
86 35
98 43
71 20
94 16
20 33
98 72
38 54
84 44
52 49
25 89
10 91
45 96
64 37
36 30
42 95
82 92
28 96
56 18
39 15
90 13
48 72
79 39
82 5
52 70
14 84
95 16
94 31
21 73
36 20
19 64
21 76
83 50
72 12
47 81
69 63
54 66
78 40
40 31
39 64
57 61
35 50
97 86
97 25
92 17
12 14
