100 0 99
59 17
28 99
11 52
48 29
64 28
4 77
92 56
67 22
78 31
6 32
1 41
30 90
83 44
86 79
29 49
12 86
99 40
73 44
15 69
55 82
13 16
17 83
96 65
56 48
71 56
55 52
88 32
49 41
4 30
92 61
89 73
67 67
99 86
52 49
2 24
45 51
97 11
65 41
56 68
92 20
87 7
24 85
92 43
71 34
20 76
3 51
54 11
56 42
41 3
62 0
42 84
94 69
75 47
13 63
75 87
38 26
73 32
79 29
86 81
28 73
24 96
55 53
11 87
37 2
79 63
56 97
14 49
91 0
14 35
23 16
91 33
20 5
47 63
13 61
40 44
61 6
89 71
67 76
52 25
25 68
40 40
63 91
81 12
76 58
28 36
7 17
62 10
64 33
33 85
26 83
99 6
64 45
16 86
6 21
36 97
32 79
72 33
3 32
61 16
82 43
