100 0 100
10 64
77 72
79 16
79 76
0 2
55 49
22 0
35 33
79 50
68 36
65 57
46 77
60 27
11 75
16 47
71 29
2 7
71 82
58 1
81 15
48 85
60 41
3 42
40 4
62 30
11 3
32 84
40 37
63 34
15 71
45 33
87 68
81 20
78 73
32 21
36 46
68 85
28 61
41 67
37 37
23 54
22 57
56 3
36 2
76 74
72 60
56 40
0 24
71 75
0 79
20 79
75 80
19 72
28 7
15 14
27 35
48 82
77 3
5 74
70 5
67 37
84 15
5 68
57 22
6 48
36 32
79 54
1 12
49 60
78 59
28 37
24 22
77 56
32 1
13 85
16 44
24 53
60 35
32 15
43 46
59 37
80 86
43 80
71 30
47 87
57 31
17 49
83 39
11 4
3 87
51 54
12 40
21 32
12 63
58 66
51 23
33 82
76 40
61 47
52 27
