100 0 100
2 16
24 4
65 18
24 27
39 61
36 2
28 35
23 64
61 35
61 29
2 27
53 15
72 56
71 13
43 25
48 56
11 3
3 66
74 19
71 46
36 23
19 34
60 9
33 19
66 7
1 10
0 25
6 77
19 73
0 16
22 75
35 54
4 27
52 49
52 46
70 74
50 46
48 66
73 70
37 74
22 63
72 69
23 26
34 28
44 71
74 3
6 49
37 43
48 24
68 23
46 36
31 44
54 12
67 75
7 57
2 39
45 62
11 68
5 47
5 76
70 12
48 30
75 47
30 70
6 21
43 77
76 19
42 38
13 30
53 27
66 32
28 8
49 41
66 35
26 58
0 31
51 39
2 25
34 8
53 17
77 62
59 72
9 40
27 41
15 56
42 62
19 33
72 68
65 6
74 48
36 19
43 41
76 43
11 51
47 32
0 45
37 70
7 17
35 68
53 33
