100 0 100
16 11
23 30
6 21
27 0
30 29
10 6
15 6
27 1
21 29
21 3
30 24
9 28
6 2
1 1
0 20
6 30
12 28
7 11
14 6
6 14
6 23
15 25
4 9
13 10
1 4
10 10
23 3
30 1
3 18
24 20
2 5
25 10
20 2
12 29
4 29
26 22
21 2
23 10
9 17
22 17
25 6
2 2
6 3
22 28
15 3
24 16
29 10
6 24
10 30
11 18
7 6
14 29
20 30
23 20
16 26
12 20
12 1
3 3
8 4
13 24
20 19
1 13
10 2
21 16
2 6
20 13
27 17
20 15
7 16
10 20
24 9
15 0
11 2
21 6
29 20
10 16
11 6
25 13
12 2
28 3
5 1
9 2
7 30
3 24
6 29
30 25
12 18
22 21
27 30
8 24
7 23
20 16
13 1
17 17
18 23
29 29
19 21
24 19
24 22
29 3
