100 0 100
56 56
60 60
64 64
54 54
77 77
8 8
21 21
89 89
57 57
46 46
29 29
50 50
98 98
15 15
28 28
19 19
44 44
68 68
74 74
0 0
92 92
9 9
48 48
91 91
20 20
72 72
82 82
17 17
86 86
73 73
12 12
34 34
90 90
31 31
85 85
10 10
83 83
11 11
18 18
71 71
66 66
47 47
49 49
13 13
4 4
40 40
75 75
5 5
16 16
99 99
87 87
84 84
25 25
24 24
1 1
65 65
7 7
95 95
23 23
32 32
37 37
52 52
30 30
96 96
2 2
42 42
27 27
62 62
53 53
26 26
63 63
94 94
55 55
93 93
3 3
35 35
78 78
59 59
22 22
80 80
43 43
81 81
36 36
67 67
79 79
6 6
58 58
41 41
33 33
45 45
69 69
39 39
88 88
51 51
61 61
38 38
76 76
14 14
70 70
97 97
