100 0 100
5 18
47 29
54 67
14 23
76 73
57 76
50 4
76 43
40 35
2 38
36 55
5 39
70 19
50 25
42 22
56 73
6 0
47 54
68 23
53 39
66 63
41 51
23 19
54 49
73 34
71 36
68 47
53 64
16 25
44 30
62 40
7 57
11 11
34 59
45 29
23 39
5 58
19 51
57 49
40 3
22 32
14 39
23 1
5 0
15 54
56 5
64 37
28 68
24 30
28 34
13 36
52 3
28 54
65 54
24 62
26 39
73 48
57 20
23 40
4 0
75 66
26 16
51 53
38 58
49 20
24 24
15 1
6 65
31 27
18 31
7 27
54 58
45 75
4 73
7 17
18 59
65 46
41 22
59 30
27 74
32 12
19 13
55 54
73 47
20 72
16 53
64 68
40 65
7 74
53 25
25 45
47 61
45 73
2 28
21 11
22 51
6 23
54 72
71 3
58 68
