100 0 100
3 14
29 16
8 3
4 22
20 19
29 0
20 27
23 4
16 23
3 21
2 20
23 24
10 10
6 26
6 24
26 23
29 11
23 0
23 7
9 28
5 24
0 17
15 8
7 0
10 6
0 19
28 25
12 4
11 25
17 10
19 17
1 16
19 8
14 22
24 28
15 13
21 12
21 30
13 14
4 1
9 9
25 25
18 22
3 16
3 23
26 4
26 2
11 3
20 25
16 7
7 9
8 12
25 5
26 6
25 21
7 19
11 13
6 15
7 15
22 13
0 0
4 28
8 26
9 20
12 18
16 30
7 26
26 30
9 3
12 2
16 14
1 25
29 1
22 8
4 5
18 13
17 20
24 1
12 28
6 20
13 7
12 10
4 16
22 7
1 15
7 4
10 7
26 16
6 6
16 3
5 23
2 22
30 6
18 26
4 2
17 7
14 24
10 20
6 17
22 16
