100 0 100
39 39
29 29
48 48
63 63
22 22
12 12
88 88
28 28
43 43
24 24
11 11
98 98
49 49
79 79
34 34
6 6
3 3
46 46
52 52
44 44
92 92
77 77
31 31
14 14
17 17
59 59
5 5
45 45
73 73
15 15
72 72
89 89
37 37
53 53
33 33
16 16
75 75
69 69
84 84
91 91
71 71
27 27
47 47
85 85
55 55
97 97
30 30
95 95
62 62
1 1
64 64
78 78
18 18
26 26
36 36
0 0
58 58
96 96
25 25
74 74
93 93
70 70
41 41
80 80
67 67
4 4
76 76
50 50
87 87
81 81
60 60
61 61
20 20
32 32
35 35
13 13
86 86
42 42
2 2
56 56
54 54
38 38
7 7
40 40
90 90
68 68
94 94
99 99
21 21
66 66
19 19
23 23
82 82
9 9
65 65
83 83
8 8
51 51
57 57
10 10
