100 0 99
2 65
23 70
22 14
12 71
77 11
3 55
33 34
7 70
45 76
74 66
87 12
71 46
26 86
24 22
0 59
61 82
81 15
18 81
50 87
37 6
27 74
71 27
58 36
38 54
93 82
88 45
90 55
22 42
5 75
48 86
85 80
81 81
93 3
37 51
97 78
32 97
86 21
25 66
92 58
99 98
86 44
60 60
0 8
21 0
33 44
86 61
17 6
47 80
59 44
42 96
63 57
78 18
64 61
70 43
37 85
24 88
23 12
65 42
25 87
57 65
85 59
34 94
68 71
46 27
76 61
8 5
35 42
72 36
97 65
29 25
42 21
20 40
23 25
26 44
77 70
26 16
80 98
77 3
13 38
43 90
0 95
97 11
93 10
67 82
54 63
74 26
87 17
18 28
26 6
28 97
13 87
1 81
25 50
69 25
61 15
15 9
40 96
17 21
78 80
2 63
