100 0 100
11 99
77 66
17 68
85 46
25 32
79 32
57 78
64 48
63 62
29 34
32 36
43 25
39 41
16 33
7 35
89 78
84 69
25 43
6 10
86 58
96 31
14 94
89 2
70 24
5 58
28 12
26 34
89 70
76 18
61 34
17 52
0 22
25 47
89 24
42 27
47 86
71 59
7 26
54 54
25 17
8 94
2 71
61 38
23 36
59 54
94 44
18 63
93 8
97 59
45 35
89 50
53 77
3 40
80 49
51 2
74 91
19 3
20 4
14 93
73 6
75 49
75 40
47 48
69 66
31 34
12 70
77 25
74 98
88 38
64 27
39 83
1 31
15 56
46 1
19 61
59 9
72 12
60 88
59 38
54 73
52 38
36 0
53 36
12 12
51 88
63 71
44 2
68 38
95 84
68 50
27 31
4 45
52 57
39 78
33 41
84 48
52 46
59 15
59 56
68 32
