100 0 100
61 88
48 65
4 30
79 18
54 0
86 63
50 76
69 54
27 69
61 55
37 2
6 65
61 44
88 31
33 62
42 1
60 4
23 55
58 27
87 18
74 6
1 74
17 79
35 41
2 58
42 43
4 81
58 9
39 39
71 7
85 1
56 16
70 34
28 69
7 54
23 17
31 46
83 64
59 18
17 65
67 24
16 56
28 79
22 36
39 15
52 27
27 66
53 42
61 34
3 18
62 21
67 85
4 61
40 79
3 45
74 63
85 10
75 37
0 38
50 26
79 77
2 47
79 33
27 75
14 81
30 33
26 69
18 61
6 58
12 44
86 70
56 75
65 19
35 74
71 76
7 37
21 36
79 59
37 17
77 78
32 79
58 23
16 31
82 11
24 70
2 71
10 33
58 37
30 19
41 79
59 22
88 36
20 63
44 28
34 61
16 50
42 8
26 84
79 39
88 29
