3
200 1 30
79
82
71
49
87
0
48
95
66
30
48
99
92
81
99
63
5
16
68
24
96
33
65
92
43
99
57
91
35
20
22
41
44
36
93
89
36
63
73
67
42
71
28
24
66
96
80
59
57
14
65
53
86
33
40
88
89
39
77
41
15
23
88
67
60
100
97
93
40
83
13
89
39
28
90
15
68
48
50
13
54
75
46
28
31
56
24
20
86
40
72
5
17
99
54
85
1
61
53
74
31
67
52
97
1
73
83
28
34
40
59
14
22
6
29
26
68
44
7
66
95
2
76
66
87
38
35
30
18
50
12
53
73
21
77
4
24
40
0
55
49
6
83
13
8
62
57
93
51
32
28
83
67
51
79
88
27
66
79
34
56
8
17
14
30
69
88
99
64
97
78
68
84
16
39
2
35
39
53
70
55
88
43
6
54
51
68
39
35
42
66
20
71
55
11
10
69
6
74
15
