3
200 1 30
64
91
15
54
71
71
6
18
79
13
77
45
52
41
69
1
34
58
13
63
69
74
5
47
85
65
59
30
1
59
94
56
96
76
57
69
11
30
7
90
60
86
18
73
14
60
47
58
19
80
94
94
24
8
41
93
51
68
78
85
94
26
80
26
45
39
88
37
89
47
14
97
64
97
10
68
6
72
84
77
87
77
10
26
54
27
100
46
25
61
72
58
33
62
71
89
12
68
67
57
69
6
2
28
61
85
27
47
51
48
89
9
0
9
92
51
3
92
58
56
28
7
5
64
2
5
18
92
41
68
63
17
95
12
5
20
1
74
27
19
90
38
48
21
62
49
52
86
38
11
64
85
80
83
43
7
14
54
80
53
96
34
77
29
29
29
75
72
13
62
97
28
96
66
95
54
9
35
92
18
89
70
37
9
83
31
70
13
27
83
1
71
5
21
48
32
97
78
30
15
