100
104 106 109 110 110 101 100 100 102 120 122 125 127 113 112 112 112 115 116 116 119 119 118 73 72 72 75 74 74 76 64 64 66 68 71 70 70 90 93 93 95 94 81 81 80 84 87 43 42 45 45 44 33 32 36 38 57 57 57 57 56 59 59 60 60 62 62 49 48 51 51 50 55 55 55 54 11 12 14 14 14 1 2 7 7 6 25 25 27 27 29 28 31 19 18 21 21 21 21 23
100
9 102
91 29
30 76
11 123
93 30
42 94
91 29
18 114
92 28
100 23
91 29
3 109
41 95
95 18
56 39
53 33
13 127
52 44
82 0
2 106
30 77
33 67
61 56
54 32
100 22
76 54
47 87
10 120
55 37
52 44
6 101
35 71
48 43
55 37
91 29
13 126
77 10
76 54
33 66
91 29
77 9
9 102
33 67
68 49
69 48
55 36
69 48
30 78
56 38
69 48
24 73
47 87
23 118
91 29
11 123
92 28
54 32
77 8
47 86
14 113
86 6
46 85
42 94
83 3
41 95
69 48
30 78
91 29
48 43
78 13
94 19
77 8
18 115
30 76
95 18
52 44
76 54
91 29
93 30
52 44
2 107
53 33
49 42
18 114
53 33
82 0
14 113
61 56
69 48
91 29
10 121
95 18
48 43
100 22
77 11
6 101
23 118
49 42
48 43
94 19
