500
458 304 348 367 284 184 114 379 264 60 431 252 354 118 169 279 458 421 345 238 43 429 417 131 172 20 60 183 105 283 178 276 2 498 307 127 276 352 375 280 339 317 321 285 415 337 438 278 341 403 22 308 39 315 344 273 44 7 374 306 39 302 142 53 434 217 197 15 43 103 279 158 171 2 207 356 180 128 336 251 306 52 229 381 187 297 78 216 74 357 305 188 494 486 45 121 85 194 231 466 433 323 342 45 261 88 106 36 439 243 313 493 167 74 58 126 455 103 320 428 21 247 473 296 79 465 118 320 474 503 375 360 327 177 73 416 41 483 409 101 96 429 258 270 389 174 375 60 138 182 14 426 343 208 486 335 153 252 220 356 132 459 299 481 42 138 483 350 401 182 506 119 103 84 249 498 88 55 347 482 358 464 221 424 365 225 39 58 100 279 437 490 59 316 406 67 46 284 460 24 121 147 237 460 487 339 441 51 294 72 448 363 146 432 103 167 472 12 36 439 475 118 154 208 425 505 424 485 399 23 442 11 271 242 334 502 261 277 267 374 261 319 251 175 278 195 182 55 450 174 307 89 52 362 266 400 74 42 448 287 357 281 250 452 116 67 71 112 13 221 353 485 22 209 392 478 140 357 198 87 195 92 135 56 244 239 225 376 482 470 448 499 198 160 283 372 446 466 452 467 357 462 395 82 139 238 283 215 261 288 396 391 184 324 413 386 468 218 259 166 226 80 266 250 422 210 67 332 130 406 39 102 212 16 127 192 327 176 342 248 419 379 234 471 211 406 21 332 236 49 296 43 161 112 367 113 136 277 76 127 306 229 214 493 300 274 219 296 286 452 435 98 456 325 353 396 483 242 371 81 243 107 53 500 249 180 9 506 432 204 42 330 236 18 291 445 480 20 70 31 68 335 422 511 160 310 219 292 437 297 419 22 281 475 511 227 500 66 329 307 198 355 373 290 457 369 283 226 411 125 414 110 440 268 115 493 298 15 205 292 270 340 173 216 48 151 200 198 239 286 66 499 213 372 164 374 132 454 462 458 267 58 353 409 5 30 330 216 194 35 366 295 151 199 238 93 343 193 244 351 380 441 156 492 94 421 66 170 499 277 325 394 130 186 376 495 227 441 36 280
500
429 457
288 355
228 403
29 258
136 333
109 451
263 109
205 334
57 491
179 269
10 196
402 175
42 123
383 168
202 403
197 176
68 22
38 64
254 17
412 280
387 21
485 444
328 440
67 498
85 18
369 325
262 65
407 389
7 485
362 325
423 420
14 92
421 423
55 101
234 27
461 318
364 434
423 397
35 31
407 310
259 157
216 486
315 105
91 396
129 323
279 218
148 498
238 456
296 189
113 18
49 498
400 437
364 98
479 374
145 483
110 347
71 461
226 303
347 382
106 258
310 214
459 423
42 187
360 309
237 407
318 391
406 469
245 188
354 103
346 439
88 323
115 159
337 481
82 353
346 447
202 41
201 221
228 493
483 65
456 226
332 117
490 260
489 4
169 147
334 0
303 144
258 127
178 325
366 281
129 186
258 364
325 320
82 409
332 490
314 196
266 271
382 407
371 202
71 191
270 378
168 366
290 66
218 472
131 394
493 438
481 380
81 198
402 136
41 328
35 480
163 130
210 509
146 318
475 280
47 71
290 434
241 239
79 268
157 396
199 431
174 503
436 486
37 11
133 63
211 44
83 14
411 445
337 490
120 424
149 46
217 219
361 377
236 197
475 303
417 477
61 501
65 27
233 56
445 381
438 167
195 132
318 181
40 180
298 280
25 280
357 77
93 187
469 273
229 304
300 233
376 266
341 155
375 101
37 179
326 348
174 511
477 144
339 20
444 424
9 455
88 459
200 436
424 39
112 186
416 110
69 124
425 340
371 482
119 274
38 406
286 486
464 136
201 145
442 106
30 215
327 53
69 3
160 163
484 352
353 178
306 193
155 39
436 250
308 8
197 100
462 289
476 349
112 129
88 198
11 506
83 131
42 164
332 510
467 346
339 165
336 315
121 104
135 42
370 59
455 335
61 154
176 404
320 0
126 41
89 367
251 257
342 235
172 339
109 510
285 25
405 54
338 148
151 419
466 198
446 346
136 502
412 500
193 304
258 15
471 451
164 204
389 449
251 79
133 130
161 67
136 289
388 83
90 253
116 178
127 58
216 148
235 62
9 179
131 52
251 459
150 396
266 285
73 121
238 240
495 113
171 267
414 177
398 317
252 183
22 470
23 198
84 43
65 101
352 277
424 224
250 370
287 454
397 163
56 361
427 269
296 353
483 152
390 265
170 307
168 1
203 334
144 170
123 94
437 173
205 348
275 372
51 326
263 176
215 413
488 209
499 230
15 401
314 297
56 106
128 117
151 283
438 346
376 39
144 365
83 341
105 456
409 49
318 391
268 138
336 76
467 242
9 187
368 321
295 255
201 274
409 323
315 69
336 58
78 379
75 408
39 157
331 151
332 342
492 115
264 404
414 238
121 11
21 205
240 178
270 88
96 323
216 478
242 447
71 47
346 232
372 288
178 198
375 11
302 291
348 76
106 15
379 453
464 92
192 347
5 34
183 374
277 317
29 133
384 458
473 376
217 174
344 68
215 15
57 99
30 472
282 337
435 58
182 272
10 38
212 165
125 467
106 152
348 318
8 376
155 165
173 85
262 267
410 324
378 184
338 479
105 438
402 450
273 85
155 271
166 423
447 235
292 5
472 511
493 392
417 247
73 144
347 262
265 65
314 97
367 257
397 191
153 252
241 480
138 160
238 3
112 289
9 110
112 246
88 489
401 90
201 323
329 460
228 460
446 143
464 473
95 299
486 324
224 490
158 489
14 348
168 42
348 211
28 364
303 232
310 152
147 500
87 155
391 152
91 230
386 54
153 494
493 373
41 429
166 192
425 31
111 200
344 455
207 254
226 39
268 26
251 75
63 151
384 319
264 308
500 148
332 372
235 224
269 31
347 58
401 447
151 194
255 292
110 279
76 480
2 223
27 204
66 323
202 129
414 367
79 480
279 279
172 139
153 237
211 361
31 300
111 294
74 16
149 176
343 91
207 443
232 466
277 318
147 446
111 500
303 364
36 221
173 173
206 442
456 87
448 404
289 194
286 309
336 75
181 429
469 468
361 207
372 322
384 433
334 510
442 304
342 373
183 105
388 408
295 321
170 349
142 223
257 316
165 44
68 434
19 90
222 449
116 346
147 366
414 100
327 66
331 115
115 458
257 198
214 23
318 353
245 63
80 394
304 218
33 76
335 133
436 247
421 98
82 414
52 151
62 407
15 202
423 511
431 172
481 52
451 107
311 89
463 317
107 469
477 476
500 468
363 261
175 452
55 504
59 474
447 251
149 395
409 471
176 19
397 89
459 241
