0
0
4
4
4
16
0
0
64
64
64
0
0
0
128
128
0
8
8
8
0
0
0
0
0
0
0
0
32
0
0
0
0
0
32
32
0
0
0
0
0
0
0
0
0
0
0
0
0
8
0
0
0
0
0
256
256
0
0
0
64
0
0
0
16
0
0
64
0
0
0
0
0
0
0
0
8
72
8
8
8
0
0
0
0
0
0
64
0
1
129
128
160
32
160
32
0
0
0
0
0
0
4
8
8
0
0
0
0
0
8
0
0
0
32
0
128
0
0
0
1
1
33
1
1
1
1
0
0
0
0
0
256
4
4
4
128
0
4
68
64
320
80
64
64
72
8
0
0
0
0
0
128
4
4
256
256
0
16
16
0
0
0
0
64
64
0
64
64
64
0
0
0
256
256
256
256
0
0
16
16
0
0
4
4
0
0
4
4
4
0
0
0
0
256
288
48
16
16
0
0
0
0
0
0
0
0
0
32
0
1
1
1
5
69
68
4
8
0
0
0
0
0
0
0
0
0
1
1
9
41
33
289
257
257
257
257
5
69
65
1
1
1
0
0
0
0
0
64
0
0
0
16
80
64
0
256
0
8
8
8
0
0
256
256
0
0
0
4
4
4
0
0
0
16
0
0
0
0
0
8
0
0
0
0
128
0
0
0
0
16
16
0
16
16
17
17
16
16
0
0
0
32
0
128
256
0
0
0
0
0
128
0
0
0
0
0
256
0
0
0
0
0
0
0
16
0
0
0
128
0
32
40
32
32
32
48
32
0
0
0
0
0
0
256
256
0
1
1
1
1
257
257
1
1
1
1
9
9
9
1
5
4
0
0
0
256
0
0
128
128
160
32
32
0
0
0
0
4
0
32
64
0
0
0
0
0
0
0
0
256
256
256
128
0
0
0
0
256
4
0
4
0
0
0
0
128
0
0
0
0
0
0
0
0
0
8
0
0
32
0
128
0
0
0
4
0
16
0
0
128
0
0
0
0
0
0
0
0
0
0
32
0
0
256
16
16
16
16
16
0
0
4
0
0
0
0
0
64
0
256
8
40
32
0
1
1
1
1
0
0
0
0
0
0
0
0
0
64
68
64
0
0
0
0
128
8
8
0
16
256
256
0
0
0
64
68
64
64
0
0
