500
97 97 97 97 97 97 97 97 97 97 97 97 97 97 97 97 97 97 97 97 97 97 97 97 97 97 97 97 97 97 97 97 97 97 97 97 97 97 97 97 97 97 97 97 97 97 97 97 97 97 97 97 97 97 97 97 97 97 97 97 97 97 97 97 97 97 97 97 97 97 97 97 97 97 97 97 97 97 97 97 97 97 97 97 97 97 97 97 97 97 97 97 97 97 97 97 97 97 97 97 97 97 97 97 97 97 97 97 97 97 97 97 97 97 97 97 97 97 97 97 97 97 97 97 97 97 97 97 97 97 97 97 97 97 97 97 97 97 97 97 97 97 97 97 97 97 97 97 97 97 97 97 97 97 97 97 97 97 97 97 97 97 97 97 97 97 97 97 97 97 97 97 97 97 97 97 97 97 97 97 97 97 97 97 97 97 97 97 97 97 97 97 97 97 97 97 97 97 97 97 97 97 97 97 97 97 97 97 97 97 97 97 97 97 97 97 97 97 97 97 97 97 97 97 97 97 97 97 97 98 98 98 98 98 98 98 98 98 98 98 98 98 98 98 98 98 98 98 98 98 98 98 98 98 98 98 98 98 98 98 98 98 98 98 98 98 98 98 98 98 98 98 98 98 98 98 98 98 98 98 98 98 98 98 98 98 98 98 98 98 98 98 98 98 98 98 98 98 98 98 98 98 98 98 98 98 98 98 98 98 98 98 98 98 98 98 98 98 98 98 98 98 98 98 98 98 98 98 98 98 98 98 98 98 98 98 98 98 98 98 98 98 98 98 98 98 98 98 98 98 98 98 98 98 98 98 98 98 98 98 98 98 98 98 98 98 98 98 98 98 98 98 98 98 98 98 98 98 98 98 98 98 98 98 98 98 98 98 98 98 98 98 98 98 98 98 98 98 98 98 98 98 98 98 98 98 98 98 98 98 98 98 98 98 98 98 98 98 98 98 98 98 98 98 98 98 98 98 98 98 98 98 98 98 98 98 98 98 98 98 98 98 98 98 98 98 98 98 98 98 98 98 98 98 98 98 98 98 98 98 98 98 98 98 98 98 98 98 98 98 98 98 98 98 98 98 98 98 98 98 98 98 98 98 98 98 98 98 98 98 98 98 98 98 98 98 98 98 98 98
500
1 76
1 100
500 202
500 416
1 112
1 97
1 97
500 10
1 97
1 96
500 98
500 187
500 98
1 153
500 116
1 97
1 106
500 99
500 98
1 97
500 98
500 106
1 93
500 98
500 98
500 98
1 97
500 87
500 98
1 96
1 89
1 97
500 121
500 79
1 20
500 98
500 101
1 97
1 97
500 98
1 96
500 374
1 97
500 98
1 97
1 96
1 97
500 165
1 109
1 42
500 99
500 98
1 97
500 98
1 309
500 140
1 6
1 97
1 97
500 41
500 98
500 100
500 98
1 126
1 97
500 476
500 57
500 98
1 97
500 141
500 98
500 98
500 285
500 98
1 72
1 105
500 16
500 124
500 98
500 98
1 97
500 118
500 98
1 32
1 97
1 97
500 2
500 98
229 96
1 246
229 97
500 95
1 97
1 255
1 44
500 105
1 97
500 98
500 100
500 98
500 98
1 102
1 108
500 98
1 97
500 103
1 97
1 97
500 98
1 106
1 96
1 97
500 98
500 74
500 98
1 195
1 97
500 276
1 30
230 99
1 97
500 74
500 98
500 125
1 97
1 80
230 98
1 97
500 106
500 98
500 98
1 305
1 102
500 99
500 98
1 180
1 97
1 102
500 25
1 97
1 399
1 127
1 97
1 97
1 106
500 98
1 97
500 98
500 99
1 97
1 24
1 177
1 100
500 98
1 486
500 99
1 97
1 122
500 203
1 91
1 97
1 70
1 97
500 17
1 97
500 98
500 52
1 97
1 97
500 98
1 97
1 97
1 349
500 98
500 220
500 100
1 97
500 98
1 116
500 105
1 92
500 98
1 101
500 99
1 97
1 97
1 100
500 98
500 98
1 97
1 5
500 245
1 97
1 439
500 64
1 118
500 101
500 98
1 97
500 104
500 101
1 97
500 98
500 98
1 35
500 316
500 98
500 79
500 98
229 96
1 97
1 97
1 103
500 52
229 97
500 98
1 110
1 97
500 98
500 135
500 99
500 98
500 98
500 98
500 114
500 98
229 96
500 228
1 109
500 86
1 97
1 319
500 98
500 121
500 98
500 206
1 103
500 62
1 97
500 98
500 98
1 97
229 97
1 96
500 98
500 98
500 180
500 26
500 98
500 101
1 97
1 119
500 27
1 97
500 116
1 335
1 79
1 105
500 98
500 98
1 97
1 97
1 351
500 107
1 97
1 97
500 307
1 101
500 98
500 98
1 82
1 97
500 223
1 118
1 97
1 97
500 103
1 97
500 98
1 109
1 82
500 98
500 98
1 96
1 173
1 97
1 97
1 97
1 97
1 118
500 102
1 97
1 112
500 98
229 96
500 98
229 97
500 101
1 93
1 21
1 97
500 88
500 98
1 140
1 437
1 97
1 10
500 98
1 97
1 97
1 226
1 97
500 107
500 98
1 96
1 86
1 384
1 97
1 97
500 99
500 109
1 97
500 98
500 98
1 117
1 96
1 97
1 81
1 212
1 97
500 70
1 105
1 97
1 97
1 55
1 119
1 97
500 102
1 96
1 97
1 97
1 97
1 97
1 489
500 125
1 97
229 96
500 108
1 10
1 97
1 355
500 98
1 97
500 148
500 98
1 97
1 104
500 98
500 98
1 97
1 103
229 97
1 26
1 97
500 98
1 504
1 97
1 97
1 132
500 501
500 69
1 96
1 42
500 98
1 97
500 116
1 97
1 102
1 97
500 84
500 50
500 98
500 104
500 98
1 96
500 98
1 97
1 97
500 99
1 264
500 98
500 106
1 172
1 97
1 97
500 98
500 126
1 365
1 102
1 97
1 102
1 55
500 98
1 78
500 98
1 143
1 97
1 96
500 121
1 2
500 98
1 97
1 97
500 98
500 103
1 111
1 97
1 97
500 77
500 126
1 169
1 97
500 98
500 98
1 103
1 97
1 124
1 97
1 97
1 154
1 96
500 380
500 98
500 108
500 313
500 98
500 100
500 98
1 97
500 98
500 67
500 98
1 97
1 510
1 127
500 100
500 109
500 98
500 98
1 97
500 98
1 103
1 88
1 97
1 97
1 97
1 96
500 21
500 212
1 375
1 106
500 74
1 97
500 98
230 99
1 97
500 98
1 97
230 98
1 97
500 123
1 67
500 98
1 50
1 97
1 97
500 98
500 4
1 103
1 79
500 160
1 97
500 98
1 97
1 197
1 110
500 99
1 97
1 125
1 360
500 98
1 97
1 96
500 98
500 32
1 103
1 97
1 97
500 98
1 97
