2
423 375
500
2 99
1 441
2 344
1 145
2 109
1 183
1 240
2 106
1 11
2 67
2 297
1 400
2 500
1 458
1 78
2 193
2 329
1 181
1 21
2 235
1 243
2 430
2 81
1 312
1 19
2 339
2 335
1 44
1 277
2 424
1 120
2 348
2 454
1 476
2 208
1 148
1 156
2 155
2 429
1 381
2 478
1 169
2 257
1 395
2 176
1 482
1 132
2 220
1 65
2 363
2 64
1 370
2 144
1 458
1 494
2 423
1 278
2 498
1 508
2 52
1 428
2 454
1 310
2 289
2 185
1 390
1 61
2 65
1 343
2 375
2 4
1 92
1 236
2 472
1 349
2 502
2 232
1 288
2 291
1 174
1 0
2 440
2 475
1 88
2 111
1 496
1 157
2 239
1 103
2 399
2 411
1 184
2 337
1 398
2 345
1 380
2 351
1 377
1 21
2 40
1 482
2 143
1 203
2 497
1 99
2 500
1 266
2 247
1 439
2 418
1 324
2 52
2 100
1 307
1 73
2 232
1 50
2 433
2 25
1 411
1 445
2 80
1 427
2 219
2 315
1 462
1 317
2 136
2 380
1 319
1 352
2 111
2 47
1 405
1 495
2 359
2 126
1 307
2 384
1 495
1 364
2 347
2 510
1 257
2 276
1 318
1 465
2 29
1 77
2 112
2 278
1 170
1 400
2 355
1 490
2 413
1 20
2 107
2 317
1 22
1 420
2 487
1 262
2 364
1 335
2 9
1 78
2 404
1 402
2 283
2 278
1 157
2 231
1 89
1 194
2 222
1 451
2 470
2 351
1 1
1 480
2 82
2 427
1 265
1 138
2 444
2 256
1 384
2 157
1 238
1 300
2 223
2 447
1 66
2 258
1 497
1 380
2 420
1 495
2 109
1 375
2 476
1 166
2 336
2 205
1 497
2 1
1 108
2 380
1 487
1 56
2 423
1 349
2 488
2 55
1 340
2 52
1 414
1 66
2 29
1 169
2 80
2 0
1 188
2 15
1 24
2 439
1 502
1 483
2 272
2 376
1 227
2 231
1 151
1 484
2 219
2 348
1 136
1 101
2 0
2 384
1 60
1 13
2 366
1 486
2 461
1 227
2 397
2 427
1 497
1 310
2 262
1 394
2 271
2 177
1 193
1 499
2 263
1 409
2 482
1 277
2 481
2 77
1 397
1 424
2 355
2 270
1 46
2 431
1 16
2 225
1 228
1 169
2 128
2 415
1 381
2 310
1 388
1 203
2 412
2 376
1 157
1 258
2 35
1 67
2 210
1 146
2 70
2 206
1 310
2 439
1 390
2 382
1 396
2 60
1 147
2 262
1 69
2 169
1 108
1 484
2 146
2 283
1 391
2 280
1 428
1 333
2 301
1 289
2 446
2 170
1 65
1 281
2 511
1 200
2 170
2 182
1 263
2 350
1 483
2 75
1 215
2 457
1 285
2 301
1 4
2 354
1 109
2 483
1 106
1 414
2 239
2 331
1 35
1 129
2 124
1 8
2 312
2 361
1 277
1 140
2 75
1 139
2 453
2 321
1 31
2 270
1 181
1 94
2 243
1 252
2 323
1 339
2 345
2 335
1 26
2 350
1 176
2 454
1 5
2 287
1 260
2 460
1 317
2 78
1 263
2 116
1 216
2 341
1 423
2 304
1 292
1 500
2 182
2 97
1 38
2 216
1 368
2 474
1 269
1 213
2 375
1 276
2 402
1 62
2 367
1 120
2 177
2 290
1 29
1 510
2 102
1 224
2 449
1 282
2 500
2 16
1 155
2 298
1 16
1 506
2 8
1 45
2 46
1 439
2 68
2 263
1 394
1 81
2 158
1 91
2 426
2 257
1 326
1 276
2 437
2 185
1 152
1 333
2 301
1 421
2 7
1 375
2 150
2 190
1 135
1 100
2 332
2 485
1 323
2 44
1 313
1 28
2 459
2 320
1 344
2 80
1 350
1 129
2 486
2 333
1 41
1 181
2 4
2 405
1 446
1 287
2 98
2 58
1 196
2 172
1 405
2 483
1 419
2 506
1 306
2 147
1 244
2 500
1 224
2 168
1 255
2 133
1 430
1 4
2 118
1 370
2 360
2 37
1 238
1 182
2 265
2 473
1 413
2 135
1 314
1 145
2 180
2 480
1 35
1 465
2 104
1 179
2 28
1 141
2 253
2 225
1 336
1 167
2 262
2 469
1 358
2 338
1 503
1 510
2 233
1 145
2 149
2 78
1 428
