66
422 429 431 436 434 446 388 391 401 401 403 414 490 497 498 463 469 470 478 479 475 300 311 305 317 262 256 259 281 359 352 378 342 351 345 346 160 163 168 181 185 134 136 144 154 155 239 233 234 246 255 205 205 214 208 218 8 11 17 112 125 76 84 87 82 83
500
29 345
18 287
50 248
56 35
31 359
46 234
26 329
38 180
5 437
62 94
49 247
21 312
47 237
41 207
23 323
28 338
2 403
37 163
27 330
25 327
34 144
59 69
6 438
44 222
65 117
17 274
33 138
36 150
7 454
52 10
24 326
63 105
8 463
60 80
55 17
48 246
39 192
35 148
12 259
57 52
13 265
16 274
61 86
45 229
43 211
40 207
58 58
11 505
54 13
3 415
66 117
10 488
53 11
15 274
32 365
42 209
22 317
20 297
30 350
9 482
64 107
4 420
14 272
1 397
19 293
60 144
46 7
42 37
20 477
19 489
55 198
24 462
12 288
45 4
8 331
57 162
58 155
1 378
18 500
43 39
22 469
48 249
44 11
10 313
40 63
61 147
33 109
5 365
27 426
66 132
15 266
50 228
32 106
49 252
4 372
29 403
3 370
56 171
13 290
39 71
36 81
47 6
7 329
34 89
38 64
63 136
6 340
54 195
17 259
28 416
25 448
52 209
41 47
53 195
21 465
23 471
59 144
62 147
14 265
64 140
30 397
51 209
37 82
65 131
16 271
31 104
35 91
11 302
26 440
2 383
9 326
5 300
6 289
25 438
43 126
1 258
59 219
46 104
54 142
55 135
63 233
15 412
30 459
42 123
49 110
32 450
29 467
60 221
9 381
66 224
11 365
3 260
56 170
2 260
4 297
18 388
12 365
50 98
17 398
21 447
62 246
51 103
23 435
45 118
28 476
19 445
65 239
13 366
7 346
58 173
34 495
10 360
8 348
36 13
16 392
38 52
33 511
20 444
61 253
22 432
31 458
57 173
53 150
26 419
44 117
41 82
35 21
47 107
40 55
39 55
24 437
27 422
52 148
37 6
48 106
14 357
64 237
29 415
39 73
64 190
62 159
35 440
23 468
10 358
37 437
21 300
6 372
34 443
25 500
36 444
8 364
55 206
14 277
59 246
66 161
1 346
50 38
32 395
53 213
13 277
4 341
52 221
2 346
43 103
11 356
48 56
44 19
18 318
56 205
5 376
12 283
41 122
51 223
26 495
57 249
38 86
9 352
42 125
60 227
22 290
24 501
49 42
17 257
54 207
58 248
27 410
61 227
45 13
16 269
20 307
33 388
65 183
15 271
47 0
46 13
30 412
31 400
19 316
63 128
40 70
3 343
28 409
7 366
4 326
24 398
66 190
32 88
51 207
21 317
37 99
41 11
38 108
1 322
60 142
33 95
42 11
2 323
31 76
20 317
23 506
40 1
61 151
25 397
8 342
46 62
34 92
59 245
65 185
54 228
49 203
56 239
16 284
22 317
43 31
29 64
17 306
6 339
44 31
10 367
62 173
18 313
48 197
27 422
57 236
47 193
13 262
64 177
11 368
30 70
36 93
7 337
45 34
15 274
50 200
53 227
26 419
3 321
35 92
55 235
12 369
28 428
39 119
14 268
58 240
5 330
52 205
63 178
47 191
42 150
36 220
66 45
16 447
15 440
54 107
4 449
46 143
28 274
14 396
34 289
8 504
59 49
44 136
60 53
31 286
65 40
6 454
26 363
18 428
5 450
38 243
63 37
32 261
43 156
49 175
30 282
41 231
51 86
3 477
1 466
22 346
37 193
48 174
58 21
11 491
40 226
12 408
17 427
25 362
10 481
7 460
53 76
27 367
55 107
61 58
35 208
62 60
2 467
50 80
21 339
64 39
9 506
39 255
23 374
57 19
45 142
24 358
33 318
56 111
13 413
19 336
29 280
52 89
20 338
22 201
47 316
7 49
50 265
12 22
44 313
30 133
8 53
51 462
37 367
10 15
13 26
56 429
11 12
26 186
48 260
52 467
25 169
66 409
49 260
43 310
61 445
1 125
16 238
59 434
4 74
65 396
41 292
46 317
17 241
53 418
38 371
19 244
55 430
34 152
18 247
32 155
62 397
20 195
42 311
24 169
21 201
5 36
9 9
57 429
29 135
54 420
45 317
31 147
39 347
15 25
64 396
36 352
14 25
63 396
23 213
33 154
28 129
27 186
58 435
35 159
3 70
60 438
6 50
2 125
40 344
20 440
47 72
60 250
38 36
65 194
63 220
46 72
19 435
12 363
7 271
34 466
15 327
10 382
22 429
41 28
11 358
57 140
27 396
2 319
36 48
30 508
26 413
44 115
6 278
18 436
66 194
31 506
35 452
17 323
37 48
59 241
61 230
8 267
45 126
54 130
40 33
5 303
48 162
4 313
56 142
21 441
