249
146 144 151 149 154 131 130 133 133 139 138 138 136 143 142 179 182 182 180 187 185 184 184 161 168 168 168 175 175 175 173 213 212 219 223 223 223 220 195 193 193 192 199 203 203 243 243 242 247 245 250 250 249 248 255 253 253 227 226 226 231 230 230 229 235 237 17 17 23 20 27 27 25 25 24 30 3 2 6 4 9 8 51 50 48 48 48 55 54 61 34 33 33 32 32 40 40 47 47 44 83 82 82 85 84 90 89 95 94 65 65 64 68 74 74 72 72 72 72 78 76 114 118 123 123 122 103 101 100 100 106 105 104 108 403 403 400 406 414 413 384 389 393 393 392 398 396 436 443 418 417 417 423 427 424 430 429 429 428 467 467 471 471 469 475 479 451 454 454 498 503 500 500 506 506 509 480 480 484 491 493 275 274 273 273 282 287 286 258 258 256 256 256 263 260 266 265 271 269 269 268 268 268 307 310 308 315 312 291 290 288 295 295 293 299 297 303 339 337 341 347 346 344 348 323 322 320 327 326 325 330 334 333 332 369 375 374 373 382 354 353 352 352 359 357 357 367 367 365
500
3 8
230 478
88 168
55 107
41 80
201 408
210 436
99 214
50 98
39 85
122 251
132 275
211 437
34 67
38 84
137 294
184 384
157 335
29 68
52 109
30 69
224 470
43 94
48 102
104 216
185 384
242 498
16 36
113 238
237 495
221 463
54 104
115 235
63 135
114 232
12 25
183 377
249 504
86 174
14 26
186 387
146 318
96 202
47 101
24 53
202 410
125 264
1 4
65 128
11 24
187 397
35 67
66 130
196 402
129 276
130 278
139 291
58 126
216 452
162 350
220 463
70 142
145 304
159 330
94 204
178 372
165 351
123 263
152 321
219 448
26 50
177 363
77 152
213 435
227 465
101 221
181 383
21 47
176 362
97 203
106 216
56 116
142 298
46 91
198 412
90 176
111 227
128 267
160 330
138 295
7 23
134 280
131 273
140 302
215 442
248 511
127 266
61 133
174 360
40 86
156 335
209 426
103 222
225 464
175 361
207 419
235 482
102 222
228 465
33 67
217 453
4 11
246 509
197 412
92 187
149 327
238 489
195 400
119 242
27 60
5 22
57 115
85 173
234 485
158 328
233 484
60 133
247 509
212 432
226 465
245 508
82 160
167 356
169 358
80 166
76 150
205 416
147 325
95 200
206 416
240 500
8 16
107 218
192 393
133 284
51 108
164 350
194 400
15 36
69 142
117 246
120 253
150 327
25 49
179 374
170 352
83 160
23 42
173 366
231 472
64 135
143 309
105 216
182 383
36 74
200 415
98 213
124 256
193 404
72 137
87 168
118 247
188 398
84 161
236 482
172 365
31 71
189 392
89 181
153 321
109 224
180 375
218 454
204 416
17 38
32 66
191 393
126 266
67 130
229 465
241 502
161 338
42 82
68 140
93 199
163 350
190 392
81 160
168 357
148 326
62 134
71 143
214 440
244 499
59 126
136 281
203 411
73 138
243 499
155 333
208 424
135 281
110 226
13 26
75 148
223 468
18 44
154 332
91 179
53 109
108 231
239 490
151 320
49 102
79 165
9 30
45 90
19 45
171 353
100 215
20 46
28 59
166 344
121 255
222 459
6 22
144 304
22 40
199 413
141 303
74 138
78 164
116 246
2 12
44 89
232 475
112 238
37 84
10 31
115 474
39 354
226 241
201 135
227 243
108 457
213 239
133 50
168 87
130 59
82 399
182 161
18 261
195 142
134 12
234 192
222 249
188 182
159 121
173 174
145 17
95 484
110 458
157 126
26 277
61 350
238 222
50 371
180 165
71 421
247 208
219 225
233 197
144 26
179 171
224 244
63 344
120 466
60 349
113 450
13 307
209 155
125 37
202 135
17 260
2 293
70 424
83 392
44 379
112 449
9 317
38 352
192 141
191 140
181 161
119 465
249 209
123 43
156 125
127 61
7 316
129 59
243 218
175 175
23 285
225 244
37 359
69 431
241 223
221 255
89 493
79 439
246 214
141 2
230 201
40 381
197 138
46 379
105 461
8 316
80 435
165 65
140 1
57 325
36 357
92 490
161 113
114 478
124 43
12 305
183 188
29 272
220 227
216 228
248 208
4 290
106 461
178 171
218 224
99 501
68 338
86 413
196 136
21 284
93 491
31 367
126 32
3 294
187 187
131 52
51 332
94 484
19 256
231 203
62 351
85 388
96 482
43 377
6 316
186 184
148 104
121 467
77 443
24 287
27 278
52 333
237 195
11 310
204 131
242 217
20 259
54 329
240 223
153 102
236 194
30 364
48 369
59 349
118 464
200 133
87 402
135 6
15 266
72 416
142 26
154 97
74 444
34 361
162 78
132 55
235 193
170 81
42 376
56 330
33 361
151 107
28 279
107 456
167 94
198 138
66 346
75 447
100 503
146 18
84 395
193 142
210 148
67 336
32 360
158 121
184 190
35 363
137 0
101 496
239 222
104 460
128 62
223 244
176 169
90 488
215 235
45 379
55 330
212 236
136 7
171 81
217 231
58 348
199 139
185 184
64 346
98 501
205 158
81 396
155 99
169 81
189 178
164 71
245 213
76 440
207 152
10 308
53 328
97 500
16 267
174 175
22 285
5 290
47 374
88 403
214 235
111 448
1 299
149 106
102 498
143 26
41 383
73 416
49 369
163 68
150 106
147 111
91 489
190 178
244 212
211 146
160 117
232 196
203 131
228 243
152 100
25 276
109 458
117 470
208 155
65 346
116 468
103 498
78 437
122 45
172 174
166 93
194 142
177 170
229 204
138 0
14 270
139 0
206 158
187 376
60 106
