2
17 2
500
1 25
1 2
1 9
1 4
1 7
1 12
1 0
1 3
1 24
1 29
1 31
1 15
1 16
1 1
1 5
1 11
1 13
1 6
1 10
1 19
1 8
1 30
1 22
1 26
1 14
1 23
1 21
1 27
1 20
1 28
1 18
2 9
1 28
1 20
1 27
1 21
1 23
1 14
1 26
1 22
1 30
1 8
1 19
1 10
1 6
1 13
1 11
1 5
1 1
1 16
1 15
1 31
1 29
1 24
1 3
1 0
1 12
1 7
1 4
1 9
1 2
1 25
1 17
2 17
1 25
1 2
1 9
1 4
1 7
1 12
1 0
1 3
1 24
1 29
1 31
1 15
1 16
1 1
1 5
1 11
1 13
1 6
1 10
1 19
1 8
1 30
1 22
1 26
1 14
1 23
1 21
1 27
1 20
1 28
1 18
2 25
1 28
1 20
1 27
1 21
1 23
1 14
1 26
1 22
1 30
1 8
1 19
1 10
1 6
1 13
1 11
1 5
1 1
1 16
1 15
1 31
1 29
1 24
1 3
1 0
1 12
1 7
1 4
1 9
1 2
1 25
1 17
2 12
1 25
1 2
1 9
1 4
1 7
1 12
1 0
1 3
1 24
1 29
1 31
1 15
1 16
1 1
1 5
1 11
1 13
1 6
1 10
1 19
1 8
1 30
1 22
1 26
1 14
1 23
1 21
1 27
1 20
1 28
1 18
2 0
1 28
1 20
1 27
1 21
1 23
1 14
1 26
1 22
1 30
1 8
1 19
1 10
1 6
1 13
1 11
1 5
1 1
1 16
1 15
1 31
1 29
1 24
1 3
1 0
1 12
1 7
1 4
1 9
1 2
1 25
1 17
2 4
1 25
1 2
1 9
1 4
1 7
1 12
1 0
1 3
1 24
1 29
1 31
1 15
1 16
1 1
1 5
1 11
1 13
1 6
1 10
1 19
1 8
1 30
1 22
1 26
1 14
1 23
1 21
1 27
1 20
1 28
1 18
2 7
1 28
1 20
1 27
1 21
1 23
1 14
1 26
1 22
1 30
1 8
1 19
1 10
1 6
1 13
1 11
1 5
1 1
1 16
1 15
1 31
1 29
1 24
1 3
1 0
1 12
1 7
1 4
1 9
1 2
1 25
1 17
2 29
1 25
1 2
1 9
1 4
1 7
1 12
1 0
1 3
1 24
1 29
1 31
1 15
1 16
1 1
1 5
1 11
1 13
1 6
1 10
1 19
1 8
1 30
1 22
1 26
1 14
1 23
1 21
1 27
1 20
1 28
1 18
2 31
1 28
1 20
1 27
1 21
1 23
1 14
1 26
1 22
1 30
1 8
1 19
1 10
1 6
1 13
1 11
1 5
1 1
1 16
1 15
1 31
1 29
1 24
1 3
1 0
1 12
1 7
1 4
1 9
1 2
1 25
1 17
2 3
1 25
1 2
1 9
1 4
1 7
1 12
1 0
1 3
1 24
1 29
1 31
1 15
1 16
1 1
1 5
1 11
1 13
1 6
1 10
1 19
1 8
1 30
1 22
1 26
1 14
1 23
1 21
1 27
1 20
1 28
1 18
2 24
1 28
1 20
1 27
1 21
1 23
1 14
1 26
1 22
1 30
1 8
1 19
1 10
1 6
1 13
1 11
1 5
1 1
1 16
1 15
1 31
1 29
1 24
1 3
1 0
1 12
1 7
1 4
1 9
1 2
1 25
1 17
2 1
1 25
1 2
1 9
1 4
1 7
1 12
1 0
1 3
1 24
1 29
1 31
1 15
1 16
1 1
1 5
1 11
1 13
1 6
1 10
1 19
1 8
1 30
1 22
1 26
1 14
1 23
1 21
1 27
1 20
1 28
1 18
2 5
1 28
1 20
1 27
1 21
1 23
1 14
1 26
1 22
1 30
1 8
1 19
1 10
1 6
1 13
1 11
1 5
1 1
1 16
1 15
1 31
1 29
1 24
1 3
1 0
1 12
1 7
1 4
1 9
1 2
1 25
1 17
2 15
1 25
1 2
1 9
1 4
1 7
1 12
1 0
1 3
1 24
1 29
1 31
1 15
1 16
1 1
1 5
1 11
1 13
1 6
1 10
1 19
1 8
1 30
1 22
1 26
1 14
1 23
1 21
1 27
1 20
1 28
1 18
2 16
1 28
1 20
1 27
1 21
1 23
1 14
1 26
1 22
1 30
1 8
1 19
1 10
1 6
1 13
1 11
1 5
1 1
1 16
1 15
1 31
