3
171 248 248
500
1 483
1 299
1 248
1 280
1 313
1 120
1 466
2 299
1 120
1 313
1 280
1 248
1 299
1 483
1 171
2 483
1 483
1 299
1 248
1 280
1 313
1 120
1 466
2 171
1 120
1 313
1 280
1 248
1 299
1 483
1 171
2 466
1 483
1 299
1 248
1 280
1 313
1 120
1 466
2 120
1 120
1 313
1 280
1 248
1 299
1 483
1 171
2 313
1 483
1 299
1 248
1 280
1 313
1 120
1 466
2 280
1 120
1 313
1 280
1 248
1 299
1 483
1 171
3 299
1 483
1 299
1 248
1 280
1 313
1 120
1 466
2 313
1 120
1 313
1 280
1 248
1 299
1 483
1 171
2 120
1 483
1 299
1 248
1 280
1 313
1 120
1 466
2 466
1 120
1 313
1 280
1 248
1 299
1 483
1 171
2 171
1 483
1 299
1 248
1 280
1 313
1 120
1 466
2 483
1 120
1 313
1 280
1 248
1 299
1 483
1 171
2 299
1 483
1 299
1 248
1 280
1 313
1 120
1 466
2 248
1 120
1 313
1 280
1 248
1 299
1 483
1 171
3 483
1 483
1 299
1 248
1 280
1 313
1 120
1 466
2 299
1 120
1 313
1 280
1 248
1 299
1 483
1 171
2 483
1 483
1 299
1 248
1 280
1 313
1 120
1 466
2 171
1 120
1 313
1 280
1 248
1 299
1 483
1 171
2 466
1 483
1 299
1 248
1 280
1 313
1 120
1 466
2 120
1 120
1 313
1 280
1 248
1 299
1 483
1 171
2 313
1 483
1 299
1 248
1 280
1 313
1 120
1 466
2 280
1 120
1 313
1 280
1 248
1 299
1 483
1 171
3 171
1 483
1 299
1 248
1 280
1 313
1 120
1 466
2 313
1 120
1 313
1 280
1 248
1 299
1 483
1 171
2 120
1 483
1 299
1 248
1 280
1 313
1 120
1 466
2 466
1 120
1 313
1 280
1 248
1 299
1 483
1 171
2 171
1 483
1 299
1 248
1 280
1 313
1 120
1 466
2 483
1 120
1 313
1 280
1 248
1 299
1 483
1 171
2 299
1 483
1 299
1 248
1 280
1 313
1 120
1 466
2 248
1 120
1 313
1 280
1 248
1 299
1 483
1 171
3 466
1 483
1 299
1 248
1 280
1 313
1 120
1 466
2 299
1 120
1 313
1 280
1 248
1 299
1 483
1 171
2 483
1 483
1 299
1 248
1 280
1 313
1 120
1 466
2 171
1 120
1 313
1 280
1 248
1 299
1 483
1 171
2 466
1 483
1 299
1 248
1 280
1 313
1 120
1 466
2 120
1 120
1 313
1 280
1 248
1 299
1 483
1 171
2 313
1 483
1 299
1 248
1 280
1 313
1 120
1 466
2 280
1 120
1 313
1 280
1 248
1 299
1 483
1 171
3 120
1 483
1 299
1 248
1 280
1 313
1 120
1 466
2 313
1 120
1 313
1 280
1 248
1 299
1 483
1 171
2 120
1 483
1 299
1 248
1 280
1 313
1 120
1 466
2 466
1 120
1 313
1 280
1 248
1 299
1 483
1 171
2 171
1 483
1 299
1 248
1 280
1 313
1 120
1 466
2 483
1 120
1 313
1 280
1 248
1 299
1 483
1 171
2 299
1 483
1 299
1 248
1 280
1 313
1 120
1 466
2 248
1 120
1 313
1 280
1 248
1 299
1 483
1 171
3 313
1 483
1 299
1 248
1 280
1 313
1 120
1 466
2 299
1 120
1 313
1 280
1 248
1 299
1 483
1 171
2 483
1 483
1 299
1 248
1 280
1 313
1 120
1 466
2 171
1 120
1 313
1 280
1 248
1 299
1 483
1 171
2 466
1 483
1 299
1 248
1 280
1 313
1 120
1 466
2 120
1 120
1 313
1 280
1 248
1 299
1 483
1 171
2 313
1 483
1 299
1 248
1 280
1 313
1 120
1 466
2 280
1 120
1 313
1 280
1 248
1 299
1 483
1 171
3 280
1 483
1 299
1 248
1 280
1 313
1 120
1 466
2 313
1 120
1 313
1 280
1 248
1 299
1 483
1 171
2 120
1 483
1 299
1 248
1 280
1 313
1 120
1 466
2 466
1 120
1 313
1 280
1 248
1 299
1 483
1 171
2 171
1 483
1 299
1 248
1 280
1 313
1 120
1 466
2 483
1 120
1 313
1 280
1 248
1 299
1 483
1 171
2 299
1 483
1 299
1 248
1 280
