9
72 413 413 413 413 72 72 413 413
500
1 413
2 72
1 72
3 72
1 413
2 413
1 72
4 72
1 413
2 72
1 72
3 413
1 413
2 413
1 72
5 72
1 413
2 72
1 72
3 72
1 413
2 413
1 72
4 413
1 413
2 72
1 72
3 413
1 413
2 413
1 72
6 413
1 413
2 72
1 72
3 72
1 413
2 413
1 72
4 72
1 413
2 72
1 72
3 413
1 413
2 413
1 72
5 413
1 413
2 72
1 72
3 72
1 413
2 413
1 72
4 413
1 413
2 72
1 72
3 413
1 413
2 413
1 72
7 413
1 413
2 72
1 72
3 72
1 413
2 413
1 72
4 72
1 413
2 72
1 72
3 413
1 413
2 413
1 72
5 72
1 413
2 72
1 72
3 72
1 413
2 413
1 72
4 413
1 413
2 72
1 72
3 413
1 413
2 413
1 72
6 72
1 413
2 72
1 72
3 72
1 413
2 413
1 72
4 72
1 413
2 72
1 72
3 413
1 413
2 413
1 72
5 413
1 413
2 72
1 72
3 72
1 413
2 413
1 72
4 413
1 413
2 72
1 72
3 413
1 413
2 413
1 72
8 72
1 413
2 72
1 72
3 72
1 413
2 413
1 72
4 72
1 413
2 72
1 72
3 413
1 413
2 413
1 72
5 72
1 413
2 72
1 72
3 72
1 413
2 413
1 72
4 413
1 413
2 72
1 72
3 413
1 413
2 413
1 72
6 413
1 413
2 72
1 72
3 72
1 413
2 413
1 72
4 72
1 413
2 72
1 72
3 413
1 413
2 413
1 72
5 413
1 413
2 72
1 72
3 72
1 413
2 413
1 72
4 413
1 413
2 72
1 72
3 413
1 413
2 413
1 72
7 72
1 413
2 72
1 72
3 72
1 413
2 413
1 72
4 72
1 413
2 72
1 72
3 413
1 413
2 413
1 72
5 72
1 413
2 72
1 72
3 72
1 413
2 413
1 72
4 413
1 413
2 72
1 72
3 413
1 413
2 413
1 72
6 72
1 413
2 72
1 72
3 72
1 413
2 413
1 72
4 72
1 413
2 72
1 72
3 413
1 413
2 413
1 72
5 413
1 413
2 72
1 72
3 72
1 413
2 413
1 72
4 413
1 413
2 72
1 72
3 413
1 413
2 413
1 72
9 72
1 413
2 72
1 72
3 72
1 413
2 413
1 72
4 72
1 413
2 72
1 72
3 413
1 413
2 413
1 72
5 72
1 413
2 72
1 72
3 72
1 413
2 413
1 72
4 413
1 413
2 72
1 72
3 413
1 413
2 413
1 72
6 413
1 413
2 72
1 72
3 72
1 413
2 413
1 72
4 72
1 413
2 72
1 72
3 413
1 413
2 413
1 72
5 413
1 413
2 72
1 72
3 72
1 413
2 413
1 72
4 413
1 413
2 72
1 72
3 413
1 413
2 413
1 72
7 413
1 413
2 72
1 72
3 72
1 413
2 413
1 72
4 72
1 413
2 72
1 72
3 413
1 413
2 413
1 72
5 72
1 413
2 72
1 72
3 72
1 413
2 413
1 72
4 413
1 413
2 72
1 72
3 413
1 413
2 413
1 72
6 72
1 413
2 72
1 72
3 72
1 413
2 413
1 72
4 72
1 413
2 72
1 72
3 413
1 413
2 413
1 72
5 413
1 413
2 72
1 72
3 72
1 413
2 413
1 72
4 413
1 413
2 72
1 72
3 413
1 413
2 413
1 72
8 413
1 413
2 72
1 72
3 72
1 413
2 413
1 72
4 72
1 413
2 72
1 72
3 413
1 413
2 413
1 72
5 72
1 413
2 72
1 72
3 72
1 413
2 413
1 72
4 413
1 413
2 72
1 72
3 413
1 413
2 413
1 72
6 413
1 413
2 72
1 72
3 72
1 413
2 413
1 72
4 72
1 413
2 72
1 72
3 413
1 413
2 413
1 72
5 413
1 413
2 72
1 72
3 72
1 413
2 413
1 72
4 413
1 413
2 72
1 72
3 413
1 413
2 413
1 72
7 72
1 413
2 72
1 72
3 72
1 413
2 413
1 72
4 72
1 413
2 72
1 72
3 413
1 413
2 413
1 72
5 72
1 413
2 72
1 72
3 72
1 413
2 413
1 72
4 413
1 413
2 72
1 72
3 413
1 413
2 413
1 72
6 72
1 413
2 72
1 72
3 72
1 413
2 413
1 72
4 72
1 413
2 72
1 72
3 413
1 413
2 413
1 72
5 413
1 413
2 72
1 72
3 72
