500
198 279 279 279 279 279 279 279 279 279 279 279 279 279 279 279 279 279 279 279 279 279 279 279 279 279 279 279 279 279 279 279 279 279 279 278 278 278 278 278 278 278 278 278 278 277 275 274 274 272 284 287 280 267 267 266 266 266 266 266 266 266 266 266 266 266 264 264 264 264 264 264 264 264 264 264 264 264 264 264 264 265 265 265 265 265 265 265 265 265 270 270 270 270 270 270 270 271 269 268 262 260 259 259 259 259 259 259 259 259 259 259 259 258 257 257 256 256 256 317 313 309 293 289 288 288 291 290 298 301 302 350 350 351 348 348 348 348 348 348 349 349 349 349 349 349 345 345 344 344 344 344 344 344 344 344 344 344 344 344 344 346 346 346 346 346 346 346 346 346 346 346 346 346 346 346 346 346 346 346 346 346 346 346 346 346 346 346 346 346 346 346 346 347 347 347 347 347 347 347 347 347 347 347 347 347 347 347 347 347 347 347 347 347 347 347 347 347 347 347 347 347 347 347 347 347 347 347 347 347 347 347 347 347 347 347 347 347 347 347 347 347 347 347 342 339 339 339 339 338 337 337 337 337 336 336 328 328 328 328 328 328 328 328 328 328 328 328 328 328 328 328 328 328 328 328 328 328 328 328 328 328 328 329 329 329 329 329 329 331 330 330 330 330 330 330 330 330 330 330 330 330 330 330 330 330 330 330 330 330 330 330 330 330 330 330 330 330 330 330 330 330 330 330 330 330 330 330 330 330 330 330 330 330 330 330 330 335 335 335 334 334 334 332 332 332 332 332 332 332 332 332 332 333 333 333 333 333 333 333 333 333 325 327 323 321 320 360 367 364 358 370 370 370 370 370 370 370 370 370 371 371 369 368 368 375 375 375 375 375 375 375 375 375 375 375 375 375 374 374 374 374 374 374 374 374 374 374 374 373 373 373 373 373 373 373 373 373 373 373 373 373 373 373 373 373 373 373 373 373 373 373 372 372 372 372 372 372 372 376 377 379 379 379 379 378 383 381 431 425 426 419 417 421 438 441 447 389 390 391 391 387 398 410 401 475 471 464 464 464 464 464 464 465 465 465 465 465 466 467 460 456 451 449 449 449 449 448 455 455 454 454 454 454 454 454 454 453 452 505
500
270 363
372 22
57 302
267 363
319 140
419 13
318 142
176 377
107 307
489 74
109 304
31 429
275 361
43 289
478 65
173 376
266 363
458 71
277 360
404 12
106 307
123 283
261 363
409 12
334 147
443 93
369 30
346 63
500 122
186 379
330 159
450 69
54 300
257 362
93 306
66 313
14 434
383 19
377 20
307 184
74 308
120 281
412 12
161 383
269 363
100 306
140 285
153 260
417 13
293 342
194 368
428 15
350 60
469 71
210 373
393 3
497 124
390 2
51 297
308 190
343 227
181 379
494 99
83 310
17 420
491 75
154 260
52 301
415 13
24 425
8 438
300 321
380 18
413 12
112 304
136 284
76 308
183 379
274 361
447 82
144 287
462 71
216 357
90 306
292 340
312 132
163 383
191 378
71 308
436 9
158 271
198 375
345 59
230 355
35 496
139 284
195 374
150 286
433 10
340 220
263 363
281 360
127 284
101 306
128 284
299 321
84 310
180 379
105 307
389 0
243 367
157 256
418 13
339 222
472 71
27 425
30 424
137 284
337 219
276 360
454 69
341 203
453 69
89 306
108 304
360 45
132 284
353 39
355 38
220 358
97 306
34 430
171 376
487 74
367 28
247 362
378 18
200 375
226 353
476 71
385 17
56 302
305 186
75 308
449 69
69 308
19 417
328 153
245 362
233 364
10 435
384 16
229 355
224 353
196 374
125 282
7 438
495 116
439 88
391 3
303 164
133 284
287 346
426 15
445 93
87 310
85 310
365 27
331 150
206 372
64 303
273 361
215 357
297 329
167 381
42 289
217 357
197 375
33 431
410 12
370 23
55 300
309 191
258 362
60 302
63 302
18 419
147 287
149 286
162 383
240 365
126 282
381 19
314 135
13 434
354 38
23 425
193 378
117 276
236 365
3 440
235 364
444 93
182 379
327 136
188 379
356 37
170 381
335 209
260 363
256 362
442 94
460 71
122 283
177 377
102 306
320 140
48 288
455 69
237 365
481 79
70 308
364 46
311 133
26 425
94 306
92 306
202 372
474 71
268 363
488 74
81 309
451 69
440 91
212 356
16 423
185 379
184 379
77 309
251 362
234 364
160 382
232 354
466 71
151 286
241 365
448 68
130 284
39 292
416 13
58 302
285 360
463 71
371 23
496 115
457 70
290 351
250 362
219 358
20 416
464 71
104 306
279 360
490 75
332 149
99 306
246 362
131 284
189 379
91 306
148 286
116 273
12 435
294 337
483 76
310 188
80 309
203 372
301 323
72 308
475 71
406 12
213 356
398 12
471 71
2 446
425 15
392 3
103 306
289 345
338 216
499 126
45 289
190 379
199 375
115 274
446 92
344 251
59 302
465 71
438 8
401 12
204 372
249 362
32 428
397 12
25 425
146 287
394 12
382 19
168 381
21 426
280 360
41 293
207 372
420 13
254 362
358 36
129 284
484 77
461 71
159 382
79 309
492 111
477 71
298 320
166 380
244 366
452 69
324 141
262 363
155 262
407 12
175 376
437 9
211 373
95 306
118 278
248 362
323 141
169 381
333 144
192 378
156 258
456 70
373 21
278 360
435 10
145 287
388 5
421 13
361 45
9 439
178 379
479 64
50 290
351 55
98 306
134 284
366 25
73 308
252 362
205 372
467 71
348 62
376 20
110 304
264 363
121 280
65 317
44 289
470 71
201 375
46 288
485 77
352 34
468 71
282 360
322 140
316 143
441 90
283 360
218 359
165 380
411 12
368 29
321 140
272 361
498 127
86 310
187 379
164 383
96 306
61 302
304 176
271 361
400 12
459 71
315 130
395 12
227 353
259 362
1 413
284 360
434 10
231 355
214 357
317 142
179 379
288 344
174 376
326 139
114 305
223 358
386 17
424 13
221 358
402 12
357 37
408 12
172 376
40 292
135 284
62 302
88 310
362 44
374 21
414 13
429 14
225 353
375 21
119 281
4 436
265 363
143 285
359 40
342 234
228 352
403 12
29 425
67 308
313 132
430 11
286 347
302 325
291 341
363 44
349 62
242 367
6 437
387 7
295 338
480 67
15 432
36 295
486 72
296 339
473 71
53 301
493 105
11 435
78 309
239 365
141 285
68 308
238 365
22 427
208 372
432 10
396 12
253 362
431 11
209 373
347 62
427 15
255 362
113 304
152 261
37 294
482 78
422 13
325 141
28 425
423 13
5 437
336 214
138 284
38 292
124 282
329 154
142 285
49 291
405 12
47 288
399 12
111 304
82 311
306 185
222 358
379 18
