500
0 511 0 511 0 511 0 511 0 511 0 511 0 511 0 511 0 511 0 511 0 511 0 511 0 511 0 511 0 511 0 511 0 511 0 511 0 511 0 511 0 511 0 511 0 511 0 511 0 511 0 511 0 511 0 511 0 511 0 511 0 511 0 511 0 511 0 511 0 511 0 511 0 511 0 511 0 511 0 511 0 511 0 511 0 511 0 511 0 511 0 511 0 511 0 511 0 511 0 511 0 511 0 511 0 511 0 511 0 511 0 511 0 511 0 511 0 511 0 511 0 511 0 511 0 511 0 511 0 511 0 511 0 511 0 511 0 511 0 511 0 511 0 511 0 511 0 511 0 511 0 511 0 511 0 511 0 511 0 511 0 511 0 511 0 511 0 511 0 511 0 511 0 511 0 511 0 511 0 511 0 511 0 511 0 511 0 511 0 511 0 511 0 511 0 511 0 511 0 511 0 511 0 511 0 511 0 511 0 511 0 511 0 511 0 511 0 511 0 511 0 511 0 511 0 511 0 511 0 511 0 511 0 511 0 511 0 511 0 511 0 511 0 511 0 511 0 511 0 511 0 511 0 511 0 511 0 511 0 511 0 511 0 511 0 511 0 511 0 511 0 511 0 511 0 511 0 511 0 511 0 511 0 511 0 511 0 511 0 511 0 511 0 511 0 511 0 511 0 511 0 511 0 511 0 511 0 511 0 511 0 511 0 511 0 511 0 511 0 511 0 511 0 511 0 511 0 511 0 511 0 511 0 511 0 511 0 511 0 511 0 511 0 511 0 511 0 511 0 511 0 511 0 511 0 511 0 511 0 511 0 511 0 511 0 511 0 511 0 511 0 511 0 511 0 511 0 511 0 511 0 511 0 511 0 511 0 511 0 511 0 511 0 511 0 511 0 511 0 511 0 511 0 511 0 511 0 511 0 511 0 511 0 511 0 511 0 511 0 511 0 511 0 511 0 511 0 511 0 511 0 511 0 511 0 511 0 511 0 511 0 511 0 511 0 511 0 511 0 511 0 511 0 511 0 511 0 511 0 511 0 511 0 511 0 511 0 511 0 511 0 511 0 511 0 511 0 511 0 511 0 511 0 511 0 511 0 511 0 511 0 511 0 511 0 511 0 511 0 511
500
302 511
203 0
49 0
420 511
472 511
266 511
124 511
497 0
496 511
90 511
446 511
305 0
332 511
97 0
87 0
391 0
187 0
111 0
461 0
447 0
22 511
496 511
431 0
58 511
122 511
108 511
17 0
438 511
190 511
165 0
435 0
105 0
223 0
105 0
499 0
127 0
111 0
98 511
453 0
26 511
305 0
119 0
186 511
119 0
1 0
434 511
216 511
372 511
494 511
450 511
238 511
437 0
93 0
496 511
493 0
268 511
61 0
239 0
431 0
367 0
498 511
461 0
356 511
83 0
399 0
190 511
5 0
472 511
366 511
393 0
196 511
89 0
25 0
416 511
447 0
138 511
192 511
298 511
317 0
70 511
287 0
148 511
474 511
453 0
155 0
43 0
436 511
112 511
98 511
434 511
370 511
121 0
184 511
54 511
166 511
290 511
426 511
402 511
436 511
127 0
71 0
301 0
215 0
382 511
79 0
392 511
332 511
415 0
354 511
95 0
327 0
470 511
251 0
343 0
384 511
82 511
307 0
334 511
447 0
353 0
437 0
452 511
198 511
369 0
298 511
318 511
85 0
487 0
379 0
234 511
400 511
367 0
355 0
471 0
202 511
68 511
124 511
312 511
410 511
94 511
499 0
226 511
90 511
112 511
450 511
361 0
378 511
53 0
355 0
293 0
131 0
64 511
411 0
366 511
282 511
378 511
301 0
409 0
92 511
285 0
51 0
498 511
249 0
109 0
434 511
122 511
346 511
480 511
127 0
176 511
61 0
94 511
230 511
30 511
53 0
295 0
195 0
146 511
112 511
30 511
268 511
59 0
48 511
329 0
228 511
483 0
363 0
333 0
88 511
272 511
255 0
261 0
302 511
121 0
162 511
20 511
431 0
208 511
243 0
121 0
250 511
331 0
348 511
4 511
111 0
301 0
433 0
8 511
123 0
372 511
240 511
172 511
309 0
149 0
313 0
63 0
300 511
480 511
408 511
450 511
69 0
411 0
84 511
239 0
415 0
245 0
235 0
213 0
462 511
310 511
333 0
396 511
394 511
34 511
396 511
327 0
484 511
255 0
234 511
306 511
477 0
424 511
128 511
348 511
16 511
267 0
166 511
79 0
166 511
205 0
270 511
412 511
328 511
18 511
417 0
134 511
15 0
339 0
369 0
348 511
317 0
223 0
395 0
381 0
174 511
293 0
380 511
257 0
191 0
494 511
291 0
178 511
474 511
309 0
48 511
17 0
41 0
436 511
397 0
341 0
91 0
394 511
161 0
128 511
391 0
476 511
250 511
155 0
357 0
37 0
200 511
388 511
270 511
484 511
13 0
487 0
432 511
195 0
377 0
299 0
388 511
116 511
61 0
284 511
58 511
345 0
313 0
84 511
190 511
193 0
380 511
56 511
218 511
334 511
280 511
26 511
288 511
461 0
324 511
321 0
422 511
223 0
460 511
382 511
145 0
81 0
433 0
95 0
329 0
133 0
291 0
116 511
485 0
177 0
192 511
51 0
32 511
301 0
83 0
289 0
53 0
485 0
31 0
292 511
436 511
165 0
320 511
189 0
151 0
363 0
47 0
101 0
474 511
129 0
416 511
302 511
47 0
393 0
105 0
4 511
40 511
454 511
117 0
82 511
272 511
74 511
487 0
92 511
253 0
268 511
290 511
496 511
226 511
301 0
320 511
7 0
116 511
72 511
473 0
386 511
217 0
316 511
314 511
495 0
328 511
454 511
281 0
91 0
448 511
193 0
425 0
187 0
426 511
103 0
492 511
393 0
357 0
471 0
98 511
475 0
121 0
415 0
361 0
56 511
438 511
337 0
449 0
483 0
396 511
295 0
146 511
212 511
130 511
152 511
74 511
494 511
293 0
103 0
66 511
478 511
300 511
500 511
346 511
268 511
146 511
264 511
95 0
103 0
249 0
63 0
427 0
407 0
59 0
94 511
24 511
217 0
477 0
392 511
490 511
184 511
294 511
258 511
56 511
464 511
86 511
1 0
303 0
251 0
260 511
403 0
112 511
50 511
38 511
112 511
48 511
395 0
153 0
360 511
467 0
9 0
224 511
331 0
172 511
241 0
332 511
360 511
5 0
220 511
290 511
31 0
484 511
371 0
170 511
108 511
322 511
346 511
496 511
112 511
300 511
158 511
266 511
335 0
119 0
448 511
75 0
334 511
319 0
43 0
39 0
136 511
384 511
114 511
345 0
479 0
21 0
332 511
87 0
110 511
94 511
29 0
