100
2 107 18 96 25 8 7 89 8 110 18 18 90 115 91 51 13 8 74 98 26 98 23 75 58 118 120 1 51 5 53 112 54 12 80 44 74 5 46 23 44 121 127 62 34 70 17 79 51 23 104 110 66 78 63 16 5 104 31 125 125 13 8 94 80 35 98 34 72 28 5 82 117 44 91 76 12 111 124 44 54 52 82 114 103 2 41 89 110 47 84 57 123 62 115 92 17 12 103 68
100
93 102
47 8
88 64
66 43
3 55
14 29
52 14
24 44
67 59
18 24
82 105
26 21
47 118
17 77
8 118
81 92
82 46
39 82
15 25
46 53
20 103
66 124
95 121
62 21
30 103
47 95
63 122
26 49
58 50
18 81
18 65
79 126
88 13
69 103
70 50
63 50
6 126
48 118
60 116
5 65
31 73
25 18
57 106
60 96
38 116
96 17
82 59
63 4
12 68
79 8
87 74
29 98
61 60
7 75
14 61
10 112
98 36
52 112
12 122
6 98
84 126
88 76
14 36
12 45
81 17
31 116
25 33
32 6
37 98
55 60
34 22
63 98
77 53
97 58
13 104
35 119
3 15
89 66
56 60
51 57
51 54
28 107
44 119
69 93
18 47
5 8
86 62
54 88
54 61
70 46
27 118
48 96
31 104
27 52
87 68
82 104
14 114
19 45
97 13
35 39
