500
362 360 365 365 364 364 355 355 355 354 354 354 353 353 353 353 352 352 359 358 357 357 356 356 379 379 377 377 377 376 383 383 371 370 370 369 375 375 373 373 372 329 334 333 333 333 322 322 320 327 325 325 325 324 347 345 351 350 338 338 337 343 342 342 342 341 340 299 302 300 300 291 290 289 295 294 293 315 315 312 312 319 318 316 307 306 305 304 309 309 308 267 267 266 264 264 264 271 270 270 269 269 269 259 259 257 256 256 256 256 262 261 260 260 283 283 281 287 285 285 285 275 274 272 279 277 276 491 488 488 495 495 494 493 493 483 482 486 511 510 510 510 509 509 508 508 508 508 499 498 496 496 502 502 500 500 459 458 457 463 462 451 450 450 449 448 453 452 475 473 473 472 479 478 476 465 465 464 464 470 468 424 431 431 428 417 416 416 423 422 422 421 442 441 441 441 447 446 444 435 433 437 437 437 395 392 392 392 398 397 397 396 396 396 396 387 384 384 391 390 389 388 388 410 409 409 415 414 403 401 400 400 400 406 404 404 107 107 106 106 111 111 110 110 108 99 98 98 97 97 97 103 102 123 122 121 121 121 120 120 127 127 127 126 126 125 124 114 113 113 112 119 118 118 118 116 75 74 73 72 72 79 79 78 76 76 66 65 69 69 91 90 90 89 88 94 93 92 82 81 80 87 87 86 85 42 41 46 45 45 45 44 33 33 33 32 39 38 36 36 59 58 56 63 63 63 62 61 60 50 49 55 53 53 52 52 11 11 10 9 9 8 15 14 13 13 13 13 12 3 3 3 0 7 6 6 26 25 24 31 31 30 28 18 17 23 23 22 21 20 20 20 20 235 235 233 233 233 232 239 238 238 237 237 226 226 231 230 230 230 228 250 250 248 255 255 253 253 253 242 241 241 241 240 240 247 246 245 245 203 202 202 201 201 207 205 205 205 195 195 194 199 198 197 197 216 222 221 211 209 213 212 212 169 168 168 168 173 172 163 163 160 167 167 166 165 165 165 164 187 187 186 185 191 191 191 189 188 188 179 178 176 176 182 182 181 181 139 138 138 137 136 136 143 143 142 142 141 130 128 128 135 134 134 132 155 154 154 153 152 152 152 158 157 157 156 146 151 148 148
500
306 43
106 257
301 80
308 46
167 453
161 462
87 305
118 286
165 449
50 327
429 210
438 173
149 499
426 219
330 51
127 276
86 306
126 277
230 401
300 81
394 249
158 458
33 371
364 19
430 208
298 92
88 304
288 64
471 137
294 89
138 486
125 278
380 239
150 498
87 305
77 293
296 94
216 387
252 103
349 12
423 198
67 340
271 112
318 38
173 479
127 276
19 359
449 164
209 398
133 494
199 444
434 169
284 78
19 359
277 75
453 184
77 293
167 453
439 172
267 124
498 150
497 147
74 289
266 125
169 475
124 273
127 276
192 420
205 394
387 231
296 95
74 288
380 239
332 55
228 414
288 64
69 303
449 164
489 153
445 166
229 403
254 123
86 306
276 116
322 58
106 257
271 112
306 43
19 359
288 65
379 232
149 499
357 27
318 38
362 30
415 206
461 178
453 185
75 295
91 308
166 448
284 78
84 316
363 29
74 288
349 12
161 462
43 334
94 266
268 114
379 232
76 294
181 469
300 81
394 248
328 61
98 271
166 448
199 445
342 8
359 24
75 295
316 32
124 273
478 140
122 275
68 299
228 414
94 266
111 263
438 173
1 362
400 242
216 387
430 208
246 99
229 403
365 17
461 178
496 156
489 153
493 159
85 307
216 387
331 49
58 350
200 434
157 459
327 62
58 350
150 498
67 340
323 57
157 459
363 28
308 46
461 178
173 479
277 75
410 203
294 89
294 89
359 24
322 58
434 169
197 447
125 279
438 173
124 272
457 189
193 443
161 462
318 38
304 86
76 294
364 19
332 55
438 173
230 401
123 274
75 295
461 178
468 139
406 247
50 326
76 294
133 494
162 451
339 10
1 363
439 172
219 391
180 470
364 19
157 459
493 158
308 47
287 66
364 19
182 426
88 304
216 387
209 398
344 14
193 442
224 410
266 125
245 109
363 28
497 147
445 166
276 116
220 390
365 16
162 451
298 92
174 478
72 291
486 155
209 398
268 115
254 123
391 228
159 457
321 59
139 511
365 16
209 398
2 360
429 210
449 164
449 164
478 141
358 25
387 231
33 371
296 94
137 482
20 358
479 130
331 48
157 459
169 474
294 89
111 263
253 102
343 15
427 223
175 477
394 248
271 112
368 22
227 415
83 318
369 21
329 60
323 56
98 271
219 391
296 94
354 7
434 169
422 199
486 155
83 318
139 511
271 112
387 231
88 304
20 358
253 102
54 324
180 471
66 341
449 164
400 242
173 479
149 499
496 156
328 61
245 108
133 494
438 173
193 442
98 271
74 288
300 81
278 74
66 341
76 294
227 415
468 139
220 390
1 362
137 482
192 420
291 91
255 122
489 153
430 208
175 476
158 458
493 158
193 442
165 449
321 59
434 169
318 38
497 145
427 222
182 427
192 421
489 153
327 62
406 247
306 42
301 80
391 229
2 361
406 247
328 61
457 189
267 124
278 74
209 399
254 123
77 292
317 39
343 15
67 340
498 151
316 32
245 109
209 399
294 89
19 359
161 462
288 64
353 1
230 401
328 61
84 317
54 324
33 371
294 89
295 88
149 499
489 153
287 66
391 229
246 99
111 262
328 61
287 66
445 166
306 42
297 93
295 88
122 275
169 475
276 116
30 376
493 158
266 125
445 166
55 347
72 291
192 421
125 279
87 305
42 330
342 8
181 468
307 40
76 294
368 22
20 358
364 18
330 51
428 220
291 91
86 306
169 474
173 479
380 239
407 246
276 117
192 420
331 48
479 131
354 7
220 390
175 476
301 80
201 433
138 484
428 221
57 351
493 159
137 482
198 446
305 84
68 297
234 407
252 103
304 86
316 32
434 169
75 295
201 433
123 274
169 474
308 46
42 329
91 308
297 93
294 89
66 341
149 499
66 341
136 483
391 228
224 411
166 448
76 294
168 452
461 178
185 429
321 59
369 21
410 203
354 7
124 273
485 133
323 56
209 398
123 274
122 275
327 62
359 24
426 219
185 428
299 82
68 299
182 426
54 324
50 326
161 462
172 472
485 132
330 50
430 209
246 99
442 160
169 474
199 444
327 62
339 10
365 17
205 394
128 490
368 22
43 335
197 447
72 291
331 49
400 242
460 179
332 54
299 83
199 444
431 213
118 287
344 14
173 479
358 25
391 228
224 410
306 42
224 410
124 273
136 483
358 25
193 442
327 62
62 343
246 99
321 59
36 368
117 280
216 386
33 371
478 141
460 179
84 317
56 344
308 46
332 54
429 210
312 44
