0
256
256
256
0
0
0
4
64
0
0
0
0
0
0
8
0
0
0
1
1
1
1
64
0
0
0
0
0
8
64
64
0
0
0
0
0
0
0
0
0
2
2
2
2
2
32
32
0
0
0
0
16
0
0
0
0
32
2
2
2
2
2
1
0
0
0
2
0
128
132
144
16
0
0
0
0
4
64
0
0
0
0
8
64
64
0
0
2
2
1
1
4
4
0
32
2
0
0
16
16
16
0
1
0
0
0
0
0
0
0
8
8
8
1
256
0
0
4
0
0
0
64
2
130
2
0
0
0
0
0
1
1
4
0
0
32
0
2
2
256
0
0
0
32
0
2
0
0
0
0
0
0
0
0
0
0
0
1
1
1
1
1
1
1
1
0
0
0
0
0
0
0
0
0
16
1
1
129
130
2
4
0
0
0
0
0
0
0
0
0
1
8
0
0
0
4
64
0
8
256
256
0
1
0
0
1
0
0
0
4
4
0
16
0
0
0
0
0
32
32
0
0
64
8
8
8
0
0
0
2
0
0
16
0
128
0
0
0
0
0
32
32
32
32
0
0
0
0
0
0
0
0
0
0
0
0
2
16
32
0
0
0
2
64
0
1
0
0
0
0
0
0
0
0
0
0
16
16
16
0
0
0
2
2
2
32
32
0
0
16
8
0
4
1
0
0
0
0
8
0
0
0
4
64
0
0
0
128
128
0
0
0
0
0
0
0
1
0
0
0
0
0
8
8
136
144
192
128
384
128
384
256
256
32
0
0
0
8
8
2
2
16
16
0
0
0
4
132
128
128
0
128
129
132
130
128
128
128
0
64
0
0
0
0
32
160
32
2
2
2
2
2
2
4
0
256
0
0
0
0
0
256
256
16
16
0
0
2
0
0
0
0
16
16
16
0
0
0
0
64
0
1
64
64
0
0
0
0
0
0
0
0
128
0
0
0
0
0
8
32
4
4
256
256
0
2
0
16
0
0
0
0
0
0
0
0
0
1
0
0
0
0
0
0
4
4
0
0
2
0
0
0
32
0
0
16
0
4
0
0
0
1
4
0
0
0
16
16
16
0
64
64
0
0
0
0
0
0
0
0
0
0
0
0
0
256
256
256
256
16
16
16
0
128
0
0
0
0
128
0
