500
128 128 128 128 128 128 128 128 128 128 128 128 128 128 128 128 128 128 128 128 128 128 128 128 128 128 128 128 128 128 128 128 128 128 128 128 128 128 128 128 128 128 128 128 128 128 128 128 128 128 128 128 128 128 128 128 128 128 128 128 128 128 128 128 128 128 128 128 128 128 128 128 128 128 128 128 128 128 128 128 128 128 128 128 128 128 128 128 128 128 128 128 128 128 128 128 128 128 128 128 128 128 128 128 128 128 128 128 128 128 128 128 128 128 128 128 128 128 128 128 128 128 128 128 128 128 128 128 128 128 128 128 128 128 128 128 128 128 128 128 128 128 128 128 128 128 128 128 128 128 128 128 128 128 128 128 128 128 128 128 128 128 128 128 128 128 128 128 128 128 128 128 128 128 128 128 128 128 128 128 128 128 128 128 128 128 128 128 128 128 128 128 128 128 128 128 128 128 128 128 128 128 128 128 128 128 128 128 128 128 128 128 128 128 128 128 128 128 128 128 128 128 128 128 128 128 128 128 128 128 128 128 128 128 128 128 128 128 128 128 128 128 128 128 128 128 128 128 128 128 128 128 128 128 128 128 128 128 128 128 128 128 128 128 128 128 128 128 128 128 128 128 128 128 128 128 128 128 128 128 128 128 128 128 128 128 128 128 128 128 128 128 128 128 128 128 128 128 128 128 128 128 128 128 128 128 128 128 128 128 128 128 128 128 128 128 128 128 128 128 128 128 128 128 128 128 128 128 128 128 128 128 128 128 128 128 128 128 128 128 128 128 128 128 128 128 128 128 128 128 128 128 128 128 128 128 128 128 128 128 128 128 128 128 128 128 128 128 128 128 128 128 128 128 128 128 128 128 128 128 128 128 128 128 128 128 128 128 128 128 128 128 128 128 128 128 128 128 128 128 128 128 128 128 128 128 128 128 128 128 128 128 128 128 128 128 128 128 128 128 128 128 128 128 128 128 128 128 128 128 128 128 128 128 128 128 128 128 128 128 128 128 128 128 128 128 128 128 128 128 128 128 128 128 128 128 128 128 128 128 128 128 128 128 128 128 128 128 128 128 128 128 128 128 128 128 128 128 128 128 128 128 128 128 128 128 128 128 128 128 128 128 128 128 128 128 128 128 128 128
500
1 380
500 147
500 137
1 128
1 118
500 181
1 132
1 246
1 128
1 107
500 128
500 130
500 407
1 128
1 137
1 128
500 128
500 128
1 129
500 128
500 135
500 128
1 204
1 128
1 128
500 129
1 128
500 396
1 137
1 245
500 151
1 128
500 128
500 128
1 128
500 128
1 25
500 142
1 128
500 133
1 130
500 128
500 128
500 129
500 132
1 169
500 504
1 128
500 128
500 181
1 128
1 145
1 128
500 128
500 248
500 128
1 170
1 131
500 129
500 128
500 128
500 128
1 129
1 128
500 130
500 128
1 130
1 128
500 51
1 134
1 144
500 128
1 128
500 483
1 128
1 128
1 134
1 251
1 128
1 128
500 128
1 128
1 143
1 234
500 171
1 128
1 128
1 130
500 205
1 129
500 128
1 134
500 128
1 128
1 167
1 131
1 128
1 128
1 154
500 202
500 128
1 128
1 129
1 128
1 128
500 136
500 128
500 179
1 128
1 128
1 136
500 310
500 128
1 129
1 424
1 128
500 128
1 133
1 128
500 292
500 128
1 239
1 130
500 89
500 128
1 128
1 128
1 128
500 144
500 128
1 129
500 128
1 133
1 22
1 128
1 167
1 128
1 131
500 134
1 322
1 128
1 128
500 138
1 185
1 128
1 130
1 128
500 128
500 133
1 128
500 221
500 162
500 128
500 128
500 264
500 128
500 178
1 129
500 128
500 233
500 128
500 132
500 128
500 140
500 163
1 128
500 128
500 128
500 213
500 144
1 128
500 128
1 128
500 128
1 154
1 129
500 128
500 36
1 131
500 218
1 132
1 128
500 128
500 128
1 128
500 146
500 128
500 128
500 191
1 128
1 129
1 138
1 38
1 128
1 128
1 135
1 192
1 128
1 142
1 366
500 128
1 128
1 129
1 128
1 128
1 129
1 124
1 128
1 128
1 133
500 263
1 128
1 146
1 128
500 128
500 265
500 128
500 142
1 173
500 135
1 128
500 128
1 250
1 138
500 494
500 128
1 128
500 301
500 128
1 131
1 128
1 128
1 149
1 128
500 70
500 129
1 128
500 135
1 128
1 128
1 178
500 130
500 128
500 128
1 128
1 2
500 208
500 128
500 128
1 128
500 158
500 129
500 128
500 187
500 128
500 128
1 131
1 154
1 173
1 128
500 203
500 128
1 130
1 196
1 128
1 129
1 128
1 128
500 167
1 128
1 10
500 141
1 128
500 129
500 250
500 128
1 158
500 128
500 128
1 128
500 134
500 128
1 130
500 128
500 128
1 182
500 235
1 128
500 128
1 152
1 143
1 5
1 132
1 129
1 128
1 128
500 128
1 128
1 137
1 128
500 130
1 128
1 134
1 255
1 128
1 128
500 176
500 74
1 128
500 128
500 128
500 128
1 128
500 133
500 130
500 460
1 129
1 128
500 128
500 145
1 128
500 128
1 138
500 128
500 111
1 146
1 217
1 128
1 300
1 128
1 407
500 131
500 128
1 181
1 128
1 128
1 128
1 139
500 128
1 131
500 133
1 144
500 128
1 128
500 128
1 128
1 133
500 46
1 128
1 128
500 128
500 75
1 129
1 134
1 131
1 128
1 128
1 128
500 147
1 234
1 128
500 128
1 128
500 414
1 188
500 60
500 128
1 130
500 128
500 128
500 140
500 129
500 128
1 134
1 128
1 369
1 128
1 128
500 134
500 255
500 144
1 482
500 128
1 156
500 128
1 128
1 84
1 131
1 128
500 128
500 129
1 128
1 146
500 128
500 128
1 72
1 128
1 128
1 128
1 219
1 128
1 129
1 241
500 180
1 128
1 128
1 128
500 142
500 145
500 128
500 128
500 132
500 34
500 128
500 128
500 452
500 131
500 128
1 139
1 167
1 134
500 129
1 324
500 128
1 128
1 130
1 128
1 158
1 128
500 173
500 128
1 128
500 131
500 306
500 128
500 128
500 128
1 129
1 128
500 355
500 128
500 129
1 42
500 128
1 134
500 128
1 128
500 215
1 131
1 128
1 128
1 128
1 161
1 128
1 38
1 156
1 128
1 133
1 128
1 128
1 18
1 129
1 133
1 128
1 128
500 137
1 152
500 129
500 128
1 128
1 195
500 130
1 29
500 389
500 132
1 128
1 128
500 128
500 217
1 128
500 128
500 152
500 139
500 128
500 128
1 327
500 128
500 128
500 142
1 153
500 128
500 130
1 128
500 47
500 176
1 128
500 223
500 128
500 100
500 128
