500
106 106 106 106 106 106 106 106 106 106 106 106 106 106 106 104 104 104 104 104 104 104 104 104 104 104 104 104 111 111 111 111 111 108 108 108 108 108 98 98 98 98 98 98 98 98 98 98 98 98 98 96 96 96 96 96 96 96 103 103 103 103 103 103 101 101 101 101 101 101 101 101 123 123 123 123 123 123 121 121 121 121 121 127 127 127 127 127 127 127 127 127 125 125 125 125 125 125 125 125 115 115 115 115 115 112 112 112 112 112 112 112 112 112 119 119 119 119 119 119 119 119 119 119 119 117 117 117 42 42 42 42 42 42 42 42 41 41 41 41 41 41 47 47 47 47 47 47 47 47 47 47 44 44 44 44 44 34 34 34 34 34 34 34 33 33 33 39 39 39 36 36 36 36 36 36 36 59 59 59 59 59 59 59 57 57 57 57 57 57 57 63 63 63 63 63 63 63 63 63 63 61 61 61 61 50 50 50 50 50 50 50 50 50 48 48 48 48 48 48 48 48 48 48 54 54 54 54 54 54 54 54 54 52 52 52 203 203 203 203 203 203 203 203 203 201 201 201 201 201 201 201 201 206 206 206 206 206 206 206 206 206 206 206 205 205 205 205 205 205 205 205 195 195 195 195 195 195 192 192 192 192 192 192 192 192 199 199 199 199 197 197 197 197 197 197 197 197 197 197 197 219 219 219 219 219 219 216 216 216 216 216 216 216 216 216 222 222 222 222 222 222 222 222 222 222 222 220 220 220 220 220 220 220 220 220 211 211 211 211 211 211 211 208 208 208 208 208 208 208 208 208 208 208 208 214 214 214 214 214 214 214 214 214 214 212 212 212 212 212 212 212 212 212 212 212 139 139 139 139 139 139 139 139 136 136 136 136 136 136 136 136 143 143 143 143 143 143 143 143 141 141 141 141 141 141 141 131 131 131 131 131 131 131 129 129 129 129 129 129 129 129 134 134 134 134 134 134 134 134 134 133 133 133 133 133 133 154 154 154 154 154 154 154 154 152 152 152 152 152 152 152 158 158 158 158 157 157 157 157 157 146 146 146 146 146 146 146 146 146 146 146 146 146 146 145 145 145 145 145 145 145 151 151 151 151 151 151 151 151 151 148 148 148 148 148 148 148 148 148
500
500 182
500 350
500 148
129 8
245 202
500 148
1 496
245 203
1 106
129 42
366 213
128 91
366 212
1 322
1 106
128 117
237 236
1 438
437 132
437 133
237 203
202 60
1 106
202 61
128 91
1 375
1 106
128 117
500 298
237 243
165 32
500 148
165 33
84 126
237 203
84 127
237 241
291 196
237 203
291 197
376 248
500 494
500 148
376 212
128 72
500 363
407 140
500 148
128 117
1 76
1 106
237 248
1 352
237 203
1 106
1 507
376 235
1 106
376 212
407 141
500 438
377 188
500 148
377 139
392 137
392 136
500 422
1 66
500 148
1 361
1 106
1 69
1 106
1 106
265 204
265 205
500 190
500 148
128 68
128 117
33 110
500 364
33 111
437 132
1 74
500 148
437 133
1 106
245 202
236 14
500 332
245 203
236 52
500 148
157 45
157 44
1 330
129 21
1 106
437 132
1 470
1 106
129 42
377 191
377 139
237 246
1 290
237 203
1 106
1 93
500 421
500 148
1 417
1 106
437 133
291 196
291 197
1 106
142 40
142 41
1 283
52 97
1 106
500 455
52 96
500 148
129 43
1 84
1 304
1 106
129 42
1 106
500 273
165 32
500 148
1 443
376 233
376 212
165 33
1 106
1 463
128 67
414 130
1 106
1 365
128 117
1 106
237 224
237 203
1 283
414 131
376 255
1 106
500 274
316 217
316 216
500 148
500 325
500 148
500 442
376 212
343 210
500 148
343 211
236 29
236 52
500 298
128 82
185 56
185 57
128 117
483 150
483 151
328 221
236 1
500 148
236 52
500 360
328 220
168 38
168 39
237 226
500 148
237 203
500 271
500 148
128 80
128 117
128 95
500 420
164 35
164 34
128 117
246 200
246 201
500 148
126 116
500 323
126 117
64 102
500 179
64 103
500 148
500 321
500 148
500 148
491 150
128 68
491 151
1 455
273 194
273 195
337 210
128 117
377 177
1 106
377 139
1 292
337 211
1 106
237 234
500 315
500 148
83 120
1 488
83 121
237 203
290 198
1 106
129 5
1 317
290 199
302 218
129 42
302 219
1 106
457 156
457 157
1 437
1 106
500 490
500 148
29 110
236 5
29 111
201 62
500 483
201 63
236 52
500 148
500 175
500 148
236 14
236 52
392 137
128 87
392 136
114 113
114 112
500 483
500 148
500 511
500 148
500 308
128 117
377 170
377 139
500 148
78 122
377 173
1 391
1 106
78 123
253 200
377 139
253 201
1 107
236 5
236 52
500 453
500 148
500 184
500 306
1 106
34 109
500 148
1 340
1 106
500 148
34 108
483 150
236 24
236 52
483 151
1 273
136 43
500 185
500 148
1 94
1 106
1 106
128 76
500 286
500 148
136 42
1 454
1 106
128 117
128 92
128 117
500 316
165 32
165 33
376 252
343 210
343 211
376 212
500 148
432 132
500 464
500 148
500 263
500 148
1 276
432 133
78 122
1 106
78 123
1 437
1 106
128 68
286 193
128 117
286 192
376 247
376 212
500 419
500 148
128 85
500 349
128 117
500 148
192 62
192 63
237 242
237 203
365 215
365 214
500 388
302 218
129 1
500 148
500 497
302 219
129 42
500 148
376 238
500 417
376 212
500 148
500 162
500 347
336 221
500 148
1 286
1 106
500 148
500 161
1 370
336 220
1 106
224 49
500 148
224 48
377 174
377 139
236 9
236 52
128 71
500 406
500 148
128 117
237 254
308 217
308 216
344 209
237 203
344 208
376 253
431 135
1 456
376 212
431 134
1 106
500 190
500 290
79 120
79 121
500 148
500 185
500 148
500 148
500 282
500 148
457 156
500 302
457 157
500 148
265 204
500 160
500 500
500 148
500 148
265 205
185 56
376 225
185 57
1 298
376 212
236 14
1 106
236 52
33 110
1 86
500 300
33 111
1 106
376 242
376 212
500 148
237 232
500 351
500 148
214 51
1 500
214 50
1 106
500 366
237 203
236 3
500 148
205 60
205 61
278 194
236 52
128 85
128 117
129 29
1 356
129 42
278 195
1 106
1 71
393 142
1 106
236 8
1 316
1 106
236 52
500 291
500 148
393 143
376 231
500 451
178 58
178 59
376 212
376 254
376 212
476 144
500 148
476 145
377 138
377 139
224 49
129 12
224 48
500 421
129 42
500 148
1 281
1 106
476 144
500 381
129 20
500 148
129 42
476 145
1 307
114 113
114 112
290 198
129 6
129 42
290 199
400 142
400 143
376 213
376 212
128 83
