500
174 174 174 175 175 175 172 172 172 172 172 173 170 171 171 171 168 168 169 167 167 162 162 162 163 160 158 159 159 159 156 156 156 156 157 157 157 154 155 155 152 152 152 153 153 153 153 153 150 150 150 150 151 148 149 146 146 147 144 144 144 144 145 145 254 254 255 255 255 252 253 253 250 250 250 250 250 250 250 251 248 248 248 248 246 247 244 244 245 242 243 243 243 240 240 222 223 223 223 220 220 220 220 218 218 218 219 219 216 217 217 214 212 212 212 212 212 212 213 213 213 213 210 210 208 208 209 63 60 60 60 60 61 58 58 58 59 56 56 57 57 57 57 54 55 52 53 53 50 51 51 48 48 49 14 14 14 14 14 12 12 13 13 13 10 10 8 8 9 9 6 6 6 7 7 5 5 2 2 3 0 0 1 127 127 124 124 124 124 124 125 125 122 123 123 120 120 120 121 121 121 118 118 118 118 119 116 116 117 117 114 115 115 115 112 112 112 113 78 78 79 76 76 77 74 74 74 74 75 75 75 72 72 72 70 70 71 71 71 68 68 69 69 69 69 69 66 66 67 67 67 64 65 446 446 446 447 447 447 447 444 444 444 445 445 442 442 443 443 438 438 438 438 438 438 439 436 437 434 435 435 432 433 433 433 398 399 396 396 396 396 396 396 396 397 397 397 394 394 395 392 392 392 393 390 391 388 388 388 389 386 386 387 384 384 385 385 510 511 511 511 511 511 511 508 509 509 506 506 506 507 507 507 504 504 505 502 502 502 502 500 500 501 498 498 498 498 499 496 496 496 496 497 497 497 462 463 463 460 461 461 461 458 458 459 456 456 456 457 454 454 455 455 455 455 452 452 453 453 453 451 448 448 449 449 302 303 303 301 298 298 299 299 296 296 297 297 294 294 295 292 293 293 290 290 288 289 289 289 287 285 285 282 282 282 283 280 280 281 281 278 278 278 279 276 277 274 275 275 275 272 273 273 382 382 382 382 383 380 380 380 380 381 378 379 379 379 376 377 374 374 372 372 372 370 370 370 370 370 371 371 368 368 369 369 369 350 350 350 351 351 351 351 348 348 348 349 346 347 344 344 344 344 342 342 342 343 340 341 341 341 341 341 338 338 339 339 336 336 337
500
466 353
466 369
285 420
285 433
95 224
95 240
385 476
385 449
356 469
356 462
318 494
318 510
500 320
500 337
95 230
95 240
286 406
286 398
184 101
184 127
218 100
218 113
385 477
385 449
96 203
96 222
155 17
155 14
154 42
154 49
183 22
183 1
286 415
286 398
154 36
154 49
127 201
127 209
1 177
1 174
218 104
218 113
385 477
385 449
95 229
95 240
409 313
409 289
355 492
355 497
127 193
127 209
317 408
317 385
254 420
254 446
218 98
218 113
155 24
155 14
500 324
500 337
409 319
409 289
356 465
356 462
410 269
410 287
410 267
410 287
285 420
285 433
65 237
65 254
433 268
433 273
219 90
219 78
254 421
254 446
318 482
318 510
64 142
64 145
386 318
386 302
218 99
218 113
356 472
356 462
410 269
410 287
285 423
285 433
127 197
127 209
254 424
254 446
410 268
410 287
433 262
433 273
434 354
434 382
155 20
155 14
26 177
26 160
317 404
317 385
95 236
95 240
1 190
1 174
154 42
154 49
95 226
95 240
254 431
254 446
253 85
253 65
318 485
318 510
184 97
184 127
356 479
356 462
27 137
27 158
128 34
128 63
433 268
433 273
218 110
218 113
26 189
26 160
433 267
433 273
184 109
184 127
466 367
466 369
466 352
466 369
155 24
155 14
317 412
317 385
183 16
183 1
409 304
409 289
254 418
254 446
218 102
218 113
500 334
500 337
183 21
183 1
410 257
410 287
433 263
433 273
286 410
286 398
64 130
64 145
65 230
65 254
183 20
183 1
27 131
27 158
155 18
155 14
127 204
127 209
219 86
219 78
184 107
184 127
96 206
96 222
26 178
26 160
355 483
355 497
466 364
466 369
254 420
254 446
154 42
154 49
218 111
218 113
500 320
500 337
434 367
434 382
96 200
96 222
466 366
466 369
317 413
317 385
154 39
154 49
95 233
95 240
318 480
318 510
386 315
386 302
64 129
64 145
285 425
285 433
434 366
434 382
27 134
27 158
65 226
65 254
127 197
127 209
154 42
154 49
286 415
286 398
218 110
218 113
183 24
183 1
386 306
386 302
26 191
26 160
317 400
317 385
466 366
466 369
434 352
434 382
318 489
318 510
385 472
385 449
466 360
466 369
317 402
317 385
410 265
410 287
254 430
254 446
184 109
184 127
64 132
64 145
355 488
355 497
155 22
155 14
65 236
65 254
26 191
26 160
184 107
184 127
318 480
318 510
96 198
96 222
1 189
1 174
386 311
386 302
500 321
500 337
286 415
286 398
355 492
355 497
155 28
155 14
385 466
385 449
127 196
127 209
409 304
409 289
254 426
254 446
434 358
434 382
386 304
386 302
154 34
154 49
184 103
184 127
183 27
183 1
218 110
218 113
128 43
128 63
433 260
433 273
1 180
1 174
26 176
26 160
318 488
318 510
127 207
127 209
286 408
286 398
356 475
356 462
26 183
26 160
155 26
155 14
433 256
433 273
466 357
466 369
27 140
27 158
317 410
317 385
409 312
409 289
467 327
467 350
95 238
95 240
64 130
64 145
318 487
318 510
409 304
409 289
467 321
467 350
355 494
355 497
467 328
467 350
500 333
500 337
385 473
385 449
433 262
433 273
128 32
128 63
500 329
500 337
1 185
1 174
254 429
254 446
95 225
95 240
500 330
500 337
154 41
154 49
183 19
183 1
184 103
184 127
65 227
65 254
65 225
65 254
127 206
127 209
184 107
184 127
1 189
1 174
466 366
466 369
385 473
385 449
317 402
317 385
183 20
183 1
95 232
95 240
355 482
355 497
64 135
64 145
434 352
434 382
184 101
184 127
96 205
96 222
385 464
385 449
65 230
65 254
96 199
96 222
433 260
433 273
433 265
433 273
26 187
26 160
254 418
254 446
183 27
183 1
467 320
467 350
253 91
253 65
386 308
386 302
285 420
285 433
433 268
433 273
385 470
385 449
253 87
253 65
356 479
356 462
253 84
253 65
155 30
155 14
184 103
184 127
466 364
466 369
467 328
467 350
218 99
218 113
218 110
218 113
27 140
27 158
64 132
64 145
466 352
466 369
128 38
128 63
183 17
183 1
184 97
184 127
253 92
253 65
254 421
254 446
386 316
386 302
386 311
386 302
500 323
500 337
155 24
155 14
96 192
96 222
317 403
317 385
65 239
65 254
155 26
155 14
466 357
466 369
1 184
1 174
128 46
128 63
155 20
155 14
409 316
409 289
385 474
385 449
154 47
154 49
