1
289
500
1 270
1 264
1 134
1 351
1 306
1 499
1 167
1 107
1 442
1 494
1 263
1 426
1 365
1 337
1 143
1 407
1 341
1 181
1 105
1 233
1 187
1 244
1 509
1 154
1 296
1 294
1 246
1 483
1 101
1 164
1 314
1 61
1 123
1 263
1 244
1 352
1 436
1 41
1 141
1 326
1 151
1 33
1 173
1 40
1 494
1 331
1 61
1 126
1 194
1 61
1 103
1 259
1 92
1 466
1 148
1 174
1 70
1 289
1 108
1 185
1 71
1 390
1 473
1 157
1 105
1 151
1 259
1 18
1 246
1 47
1 84
1 274
1 117
1 102
1 116
1 470
1 432
1 405
1 77
1 215
1 433
1 86
1 263
1 206
1 447
1 384
1 12
1 179
1 356
1 46
1 260
1 448
1 106
1 441
1 473
1 366
1 216
1 440
1 179
1 373
1 249
1 6
1 508
1 464
1 340
1 187
1 92
1 182
1 180
1 49
1 189
1 161
1 32
1 255
1 71
1 73
1 227
1 0
1 100
1 169
1 132
1 76
1 189
1 248
1 206
1 317
1 314
1 176
1 456
1 107
1 4
1 394
1 445
1 431
1 389
1 382
1 308
1 290
1 101
1 198
1 248
1 285
1 398
1 475
1 16
1 58
1 41
1 374
1 455
1 337
1 414
1 144
1 421
1 379
1 406
1 97
1 370
1 18
1 507
1 99
1 313
1 174
1 246
1 79
1 322
1 296
1 239
1 30
1 21
1 409
1 144
1 8
1 125
1 91
1 193
1 135
1 386
1 6
1 171
1 84
1 109
1 371
1 441
1 104
1 198
1 443
1 401
1 507
1 88
1 56
1 30
1 135
1 299
1 130
1 393
1 453
1 392
1 114
1 58
1 430
1 504
1 34
1 219
1 122
1 323
1 489
1 84
1 164
1 116
1 98
1 463
1 227
1 211
1 102
1 180
1 49
1 489
1 268
1 173
1 454
1 383
1 431
1 418
1 284
1 414
1 487
1 445
1 492
1 143
1 397
1 358
1 47
1 219
1 187
1 327
1 30
1 331
1 457
1 73
1 49
1 232
1 336
1 403
1 290
1 251
1 42
1 145
1 490
1 269
1 366
1 234
1 450
1 231
1 119
1 135
1 35
1 146
1 221
1 402
1 197
1 87
1 122
1 115
1 418
1 191
1 358
1 468
1 242
1 147
1 506
1 158
1 304
1 220
1 207
1 505
1 275
1 227
1 190
1 334
1 405
1 49
1 225
1 71
1 495
1 144
1 144
1 205
1 410
1 7
1 357
1 264
1 78
1 224
1 311
1 354
1 5
1 420
1 33
1 131
1 248
1 284
1 123
1 340
1 416
1 82
1 223
1 255
1 181
1 141
1 36
1 237
1 305
1 343
1 357
1 198
1 77
1 121
1 506
1 116
1 386
1 509
1 381
1 31
1 136
1 42
1 453
1 49
1 346
1 394
1 237
1 338
1 47
1 231
1 334
1 108
1 384
1 328
1 383
1 167
1 8
1 503
1 91
1 365
1 190
1 126
1 250
1 102
1 220
1 164
1 181
1 380
1 475
1 116
1 294
1 215
1 372
1 53
1 37
1 225
1 415
1 113
1 459
1 66
1 150
1 498
1 113
1 484
1 210
1 447
1 177
1 239
1 268
1 291
1 355
1 205
1 60
1 421
1 416
1 295
1 412
1 272
1 193
1 485
1 165
1 363
1 96
1 304
1 272
1 257
1 85
1 370
1 213
1 90
1 185
1 339
1 47
1 62
1 486
1 445
1 405
1 440
1 116
1 473
1 448
1 15
1 316
1 271
1 427
1 206
1 343
1 264
1 141
1 445
1 31
1 430
1 480
1 228
1 299
1 298
1 349
1 142
1 86
1 484
1 253
1 323
1 441
1 134
1 248
1 460
1 427
1 504
1 456
1 305
1 199
1 355
1 38
1 189
1 486
1 49
1 267
1 504
1 31
1 11
1 431
1 171
1 205
1 217
1 396
1 222
1 392
1 197
1 91
1 220
1 41
1 55
1 21
1 301
1 201
1 473
1 243
1 154
1 450
1 147
1 365
1 44
1 428
1 399
1 61
1 300
1 352
1 53
1 92
1 290
1 504
1 47
1 258
1 473
1 204
1 357
1 426
1 345
1 373
1 1
1 11
1 491
1 460
1 107
1 30
1 24
1 491
1 333
1 30
1 169
1 42
1 399
1 130
1 167
1 290
1 91
1 5
