500
163 162 161 166 166 166 166 165 165 165 164 171 169 168 174 174 174 173 173 179 179 179 178 177 176 176 182 182 182 182 182 180 185 185 189 189 131 129 129 134 134 133 132 132 138 137 137 137 136 143 141 141 141 146 146 146 146 145 145 144 150 150 150 149 154 152 152 152 152 159 158 158 226 231 229 228 234 234 233 232 232 232 239 238 237 243 242 245 245 244 251 249 249 248 248 248 255 254 195 195 194 193 193 192 199 197 203 201 207 204 204 211 208 215 215 219 216 223 223 223 222 222 220 35 34 34 32 32 32 39 36 36 42 41 41 41 40 47 46 45 51 51 49 48 55 55 54 53 53 52 59 58 58 58 57 57 56 56 56 60 2 2 2 1 7 5 4 4 4 10 15 14 13 19 23 23 27 25 31 31 29 28 97 96 103 103 101 106 105 109 108 112 119 119 119 119 116 116 116 123 121 120 120 127 127 125 125 125 67 67 66 70 70 70 69 75 75 75 75 74 74 74 73 73 78 77 77 76 76 76 82 81 81 80 87 86 86 85 84 89 95 94 93 418 417 417 417 417 416 416 423 421 420 427 425 425 425 425 424 431 430 430 429 435 434 433 439 437 436 443 442 447 445 444 444 387 385 385 384 384 391 390 389 389 388 395 392 392 399 398 397 397 402 402 407 407 405 404 411 411 409 408 415 415 414 413 413 413 413 412 412 412 412 483 483 482 481 481 481 486 485 491 491 488 488 488 495 493 499 499 497 496 496 503 503 503 501 501 500 507 507 507 505 505 511 509 508 448 455 452 452 459 457 456 463 461 467 467 467 467 465 465 465 464 471 470 469 474 474 479 478 477 291 290 288 294 292 299 298 297 297 296 303 302 307 306 306 304 310 310 310 308 308 315 315 315 315 314 314 313 318 318 317 317 259 258 257 257 263 263 261 267 266 266 271 271 269 273 273 272 272 272 272 277 276 276 283 282 282 281 280 286 286 285 285 285 355 355 355 355 354 354 353 359 359 358 356 356 363 362 367 365 365 365 371 370 369 369 368 368 375 373 377 377 377 377 376 376 383 382 382 382 381 323 323 321 320 320 327 326 324 331 331 335 332 332 339 338 337 343 340 346 344 351 351 351 350 349 348 348
500
33 23
64 113
178 141
176 129
468 489
147 148
429 397
348 345
23 37
275 284
274 287
136 160
289 257
48 6
190 250
276 284
255 289
437 500
349 326
221 197
118 190
55 15
427 399
458 482
359 330
356 322
333 340
330 343
59 116
491 448
20 36
16 57
183 244
222 197
340 337
303 372
423 386
83 87
206 233
165 155
89 81
132 162
80 108
7 51
451 486
460 483
470 470
116 177
19 39
81 108
57 13
198 227
49 7
175 129
398 407
51 2
331 340
328 361
196 229
265 279
339 337
70 122
186 241
485 455
166 153
164 155
101 66
84 87
192 250
329 342
151 147
447 506
352 324
461 480
137 160
115 176
74 99
124 184
363 328
465 495
390 426
18 38
167 134
246 313
344 346
208 210
415 408
44 26
10 63
77 97
421 388
231 201
237 306
251 291
486 452
286 256
455 485
493 463
145 150
113 181
454 485
388 429
28 41
497 458
316 357
179 141
464 494
219 216
114 179
177 129
396 406
229 202
381 418
438 501
131 162
169 135
403 401
14 60
207 233
50 5
405 415
309 381
87 82
416 409
120 189
104 78
43 26
249 293
91 92
263 278
490 451
435 502
148 148
414 411
256 303
337 336
107 79
68 127
32 23
350 326
212 208
299 264
369 437
448 507
52 0
39 17
391 427
12 60
495 460
126 185
201 238
408 412
310 381
199 227
440 496
420 388
387 428
63 115
489 451
449 504
383 416
439 498
105 78
474 478
297 264
25 43
433 395
488 450
40 30
498 459
410 413
182 246
22 36
459 483
308 368
205 234
478 476
62 115
78 97
35 21
269 274
149 148
191 250
15 57
4 53
496 461
499 456
311 379
139 175
271 275
412 410
103 65
184 240
389 426
292 271
404 401
401 404
100 66
291 271
17 38
73 99
457 482
419 391
434 393
162 157
135 160
185 240
75 96
411 410
29 41
82 109
180 136
472 464
305 370
160 158
243 314
241 305
334 338
215 220
298 264
346 344
273 286
332 340
181 137
343 349
1 55
226 193
234 310
335 339
384 416
6 50
272 273
36 18
353 324
402 405
417 409
53 14
319 353
34 23
368 437
370 435
239 304
11 63
325 363
21 36
86 84
492 463
106 79
357 323
431 394
301 372
13 60
45 27
66 127
210 208
278 282
227 206
400 407
277 284
98 70
247 313
367 438
487 450
130 164
142 173
253 288
395 406
290 257
393 427
432 395
220 197
108 79
364 328
307 371
258 301
452 487
281 262
95 90
317 353
238 307
342 350
90 95
500 456
47 24
202 238
476 479
466 488
158 158
38 16
92 92
257 301
128 166
159 158
327 360
197 229
76 97
156 145
127 166
267 276
312 377
188 252
242 305
279 283
232 310
65 126
284 259
240 305
143 170
479 477
394 424
41 31
211 208
270 275
314 359
380 420
133 163
300 265
392 427
194 231
193 230
397 406
94 90
96 90
134 163
477 479
27 40
88 83
282 261
283 259
42 28
230 200
214 223
324 364
262 297
428 396
446 506
382 419
203 236
378 422
69 124
138 174
144 168
3 52
473 465
93 93
295 267
268 276
102 65
189 253
471 469
163 157
235 309
288 257
386 431
304 373
426 398
129 166
172 133
216 220
37 18
450 504
58 118
26 40
259 301
99 70
355 322
385 430
313 358
213 222
441 510
376 440
97 89
245 312
30 22
24 37
141 172
123 184
436 503
481 475
366 438
475 479
323 364
320 367
463 481
336 336
170 132
187 241
60 116
480 474
244 312
31 22
354 322
79 111
296 264
121 186
456 485
482 475
494 463
153 147
462 480
377 441
254 288
360 331
112 180
469 489
150 149
140 175
302 372
146 150
228 204
168 135
444 511
67 127
56 12
54 15
61 114
174 129
195 231
375 440
9 49
362 331
280 280
373 433
72 98
345 346
223 194
225 192
171 133
264 278
445 506
266 279
442 510
306 371
467 489
204 237
318 353
413 410
119 188
424 384
374 442
351 324
2 55
443 510
5 53
347 345
252 291
322 367
155 147
260 296
152 147
372 433
46 24
358 333
200 224
173 128
371 433
250 293
236 309
71 102
409 412
484 473
287 256
248 295
422 389
453 487
425 398
218 218
406 412
85 87
261 296
109 76
338 336
341 350
111 182
321 367
154 147
361 331
125 185
430 394
110 76
209 211
326 363
365 329
294 267
224 195
315 356
407 412
157 158
418 390
161 156
399 407
483 472
217 220
117 190
122 187
233 310
293 269
379 420
285 256
8 49
