84
84
-1
-1
-1
-1
-1
-1
-1
32
-1
-1
-1
-1
-1
-1
-1
-1
128
-1
-1
128
128
128
128
128
128
128
-1
-1
-1
-1
-1
-1
-1
-1
52
-1
-1
-1
-1
-1
-1
-1
-1
416
-1
-1
-1
-1
-1
-1
-1
-1
400
-1
-1
-1
-1
-1
-1
-1
232
232
232
-1
-1
-1
-1
-1
-1
224
224
-1
-1
-1
-1
-1
-1
-1
-1
352
-1
-1
-1
-1
-1
-1
-1
-1
224
-1
-1
-1
-1
-1
-1
-1
-1
384
416
384
416
416
416
416
416
416
416
-1
-1
-1
-1
-1
-1
-1
-1
64
-1
-1
-1
-1
-1
-1
-1
-1
242
240
240
-1
-1
-1
-1
-1
224
224
-1
-1
-1
-1
-1
-1
-1
-1
504
-1
-1
-1
-1
-1
-1
296
288
288
288
288
-1
-1
-1
-1
-1
388
388
-1
-1
-1
-1
-1
-1
-1
-1
160
-1
-1
-1
-1
-1
-1
-1
88
72
72
-1
-1
-1
-1
-1
-1
-1
480
-1
-1
-1
-1
-1
-1
-1
448
448
-1
-1
-1
-1
-1
-1
-1
-1
344
-1
-1
-1
-1
-1
-1
-1
-1
422
422
418
-1
-1
-1
-1
-1
-1
232
-1
-1
-1
-1
-1
-1
-1
-1
192
-1
-1
-1
-1
-1
-1
-1
-1
272
276
-1
-1
-1
-1
-1
-1
12
8
-1
-1
-1
-1
-1
-1
256
-1
256
-1
-1
-1
-1
-1
-1
-1
-1
160
-1
-1
-1
-1
-1
-1
-1
-1
80
-1
-1
-1
-1
-1
-1
0
0
0
-1
-1
-1
-1
-1
-1
-1
200
208
208
208
-1
-1
-1
-1
-1
-1
0
-1
-1
-1
-1
-1
-1
-1
-1
192
-1
-1
-1
-1
-1
-1
-1
-1
272
-1
-1
-1
-1
-1
-1
-1
336
336
-1
-1
-1
-1
-1
-1
-1
-1
194
-1
-1
-1
-1
-1
-1
-1
-1
338
-1
-1
-1
-1
-1
-1
-1
200
192
192
192
-1
-1
-1
-1
-1
132
132
132
-1
-1
-1
164
164
164
160
160
-1
-1
-1
-1
-1
-1
-1
-1
328
-1
-1
-1
-1
-1
-1
-1
-1
4
-1
-1
-1
-1
-1
-1
-1
481
465
465
-1
-1
-1
-1
-1
-1
-1
88
-1
-1
-1
-1
-1
-1
-1
104
104
-1
-1
-1
-1
-1
-1
-1
-1
256
-1
-1
-1
-1
-1
-1
-1
-1
456
-1
-1
-1
-1
-1
-1
-1
-1
160
-1
-1
-1
-1
-1
-1
-1
-1
368
-1
-1
-1
-1
-1
-1
-1
372
372
-1
-1
-1
292
292
-1
260
260
260
-1
-1
-1
-1
-1
-1
-1
73
73
73
73
73
88
80
80
80
-1
96
96
-1
-1
-1
-1
