9
245 233 374 364 297 476 478 472 449
500
9 492
7 405
8 415
6 442
2 135
3 138
5 339
4 242
1 120
8 311
7 121
2 251
4 65
1 161
5 84
3 40
6 106
9 313
6 393
1 221
7 510
5 75
4 68
8 278
3 63
9 287
2 246
3 110
9 453
7 402
4 251
6 313
1 21
5 217
2 17
8 394
2 392
6 14
4 306
5 256
9 95
3 465
8 99
1 424
7 21
5 489
4 457
9 73
2 443
3 464
6 266
7 355
8 13
1 392
6 399
8 373
4 189
7 389
9 265
2 220
3 169
1 247
5 41
2 211
7 8
1 236
9 271
5 46
3 173
4 40
6 57
8 345
9 157
1 370
2 321
3 275
5 23
7 193
4 436
8 191
6 225
9 384
1 236
6 59
3 202
8 444
2 192
4 127
7 467
5 86
6 191
7 197
4 506
1 389
3 487
8 42
9 62
5 162
2 407
9 31
8 8
7 58
4 468
3 451
5 335
2 500
6 350
1 482
2 13
7 450
3 219
6 288
1 117
5 145
8 495
9 416
4 142
5 497
8 485
7 487
9 287
6 497
3 148
2 168
4 109
1 223
8 295
4 2
5 478
7 342
2 125
3 89
9 308
6 400
1 122
8 154
7 178
6 338
1 506
9 150
5 440
3 502
2 502
4 493
2 274
4 326
1 307
7 483
5 426
6 385
3 322
8 13
9 112
8 54
7 52
4 272
3 491
2 493
6 5
1 479
5 164
9 91
1 233
6 304
5 508
3 6
8 352
9 339
4 404
7 312
2 0
8 462
3 210
7 300
2 221
9 437
5 181
4 226
1 94
6 361
6 323
2 430
1 490
4 395
3 386
8 100
9 77
7 291
5 380
6 373
2 418
3 340
1 487
4 350
9 9
8 75
5 354
7 383
2 455
9 150
3 510
7 226
6 253
8 157
4 61
5 203
1 302
8 342
2 432
4 480
9 90
6 461
3 486
1 435
7 468
5 460
8 324
4 492
5 422
7 335
9 312
3 11
2 77
6 396
1 150
4 159
8 30
2 240
1 209
5 67
6 91
9 367
3 250
7 105
5 107
9 227
3 479
4 510
8 174
2 358
6 154
7 128
1 276
4 110
9 389
8 208
7 182
6 187
1 30
3 21
2 30
5 98
6 108
1 383
3 458
5 89
4 482
9 221
2 419
8 132
7 131
2 17
1 168
6 317
7 281
9 351
8 287
3 109
5 398
4 68
4 359
2 170
5 277
1 101
8 489
6 305
3 328
7 501
9 442
6 194
4 151
7 216
5 179
3 141
8 350
2 124
1 108
9 497
1 206
5 483
6 417
3 154
9 305
8 258
2 233
7 349
4 498
7 337
3 180
9 420
2 128
5 248
4 234
1 34
8 410
6 330
9 304
5 92
2 229
8 501
1 194
7 468
6 12
3 150
4 160
3 416
1 378
5 489
9 240
2 405
6 81
8 194
4 506
7 178
5 426
4 445
6 25
8 148
3 398
7 229
1 310
9 131
2 489
7 446
8 346
2 159
6 121
1 202
4 162
9 278
5 75
3 156
4 444
1 345
5 428
2 447
6 123
3 447
9 134
8 204
7 105
3 451
6 323
8 284
7 370
5 439
9 293
1 128
2 120
4 486
9 304
1 142
7 448
6 71
3 183
5 17
4 206
2 139
8 502
9 341
4 39
5 126
3 224
7 402
8 363
6 436
2 148
1 180
7 98
3 290
6 98
9 37
8 2
1 347
4 453
5 434
2 341
6 206
7 362
1 61
2 85
3 127
5 173
8 486
9 481
4 144
4 251
1 481
7 100
8 2
5 254
2 480
3 371
9 4
6 227
4 215
3 2
9 428
6 175
7 471
2 85
8 456
5 232
1 89
6 487
2 162
4 330
3 146
1 195
7 456
8 450
5 282
9 393
7 185
1 378
4 9
5 69
8 219
9 230
6 178
2 415
3 449
5 203
6 206
7 83
8 24
9 63
2 350
1 387
4 375
3 379
1 199
5 425
6 414
8 259
9 280
7 458
4 64
3 121
2 214
4 305
8 209
6 48
3 350
2 366
1 374
5 114
7 250
9 149
2 509
5 450
6 444
3 489
1 296
8 23
7 408
4 454
9 248
2 364
7 95
6 11
8 144
5 13
9 164
3 410
4 463
1 323
9 415
8 387
3 261
5 455
7 397
1 46
2 320
6 454
4 276
3 357
1 52
9 425
5 260
7 481
6 264
2 226
4 339
8 490
9 493
6 342
2 70
8 267
7 312
