0
256
256
0
256
256
0
256
384
-1
272
256
-1
256
384
-1
-1
256
256
-1
256
256
-1
256
256
0
256
256
-1
256
256
0
-1
288
256
-1
256
256
-1
256
256
0
256
256
-1
256
256
-1
-1
384
256
-1
256
256
-1
384
384
-1
288
256
-1
288
384
-1
0
128
-1
0
0
-1
0
128
144
16
16
16
16
-1
144
16
128
-1
-1
128
-1
-1
0
-1
128
128
-1
-1
128
-1
160
128
0
-1
-1
64
-1
-1
0
-1
128
128
-1
-1
128
-1
128
128
0
128
0
0
0
16
0
128
-1
0
-1
-1
0
-1
-1
0
0
-1
-1
0
-1
-1
0
-1
-1
0
16
0
0
0
-1
0
0
0
0
0
0
0
0
0
-1
0
-1
-1
64
-1
-1
0
0
-1
0
0
0
0
0
0
-1
0
-1
-1
128
-1
-1
128
0
-1
0
0
0
0
0
-1
-1
0
32
0
0
32
-1
0
-1
384
288
-1
256
288
-1
384
384
-1
256
256
-1
256
384
-1
-1
256
256
-1
256
256
0
256
256
-1
256
256
-1
256
288
-1
0
256
256
64
256
256
0
256
256
-1
256
256
-1
256
256
-1
-1
384
256
-1
256
272
-1
384
320
64
320
320
64
320
320
-1
0
-1
-1
0
-1
-1
0
-1
-1
0
16
0
0
0
-1
0
32
32
32
32
32
32
32
-1
-1
0
-1
-1
64
-1
-1
0
0
32
0
0
0
0
0
0
-1
0
-1
-1
128
-1
-1
128
0
-1
0
0
0
0
0
-1
-1
0
32
0
0
32
-1
0
-1
384
288
-1
256
288
-1
384
384
-1
256
256
-1
256
384
-1
128
256
256
128
256
256
0
256
256
-1
256
256
-1
256
288
-1
128
384
384
192
384
384
-1
384
256
-1
256
256
-1
256
256
-1
-1
384
256
-1
256
272
-1
384
384
-1
384
384
128
384
384
128
0
-1
-1
0
-1
-1
0
-1
128
0
-1
0
0
0
128
0
128
128
-1
128
-1
-1
128
128
-1
0
-1
-1
64
-1
-1
0
128
160
-1
128
-1
-1
128
128
-1
0
-1
-1
128
-1
-1
128
0
128
0
0
0
0
0
128
128
0
-1
0
0
-1
128
0
0
128
32
0
0
32
0
128
160
32
32
-1
32
32
160
32
128
-1
-1
128
-1
-1
0
-1
128
128
-1
-1
128
-1
160
128
0
-1
-1
64
-1
-1
0
-1
128
128
-1
-1
128
-1
128
128
32
160
32
32
-1
