100
236 224 226 227 227 229 229 229 229 229 228 228 230 231 248 253 254 254 255 246 245 241 241 240 240 243 242 242 210 210 210 210 211 211 209 209 208 212 214 215 219 223 192 157 160 191 71 69 66 72 73 73 75 75 75 74 74 74 77 78 85 82 83 80 92 95 94 89 90 114 112 117 123 125 111 3 15 15 15 15 14 13 13 12 12 12 9 20 21 22 23 23 18 19 17 16 24 32 53 60
500
94 31
55 95
97 46
85 126
93 27
60 94
15 214
27 198
87 7
19 223
29 198
58 94
9 213
52 93
66 91
63 88
79 82
14 214
54 95
75 85
4 211
20 222
11 214
92 18
21 192
74 84
95 58
41 159
2 255
59 94
98 47
48 75
7 212
37 138
65 89
88 10
72 90
61 94
23 199
84 114
17 216
68 91
30 196
78 83
47 73
96 43
25 198
18 221
53 92
22 194
80 81
62 94
46 79
28 198
39 147
64 88
71 90
8 212
16 219
13 214
73 86
32 197
43 183
12 214
76 85
33 197
42 168
10 215
89 20
24 198
69 91
49 70
82 80
44 77
99 45
3 224
100 37
34 205
35 202
70 91
6 208
50 64
81 80
77 85
5 210
57 94
36 201
1 240
38 135
86 109
83 80
26 198
40 155
56 95
51 93
67 91
45 76
31 197
8 255
59 24
86 70
91 84
88 80
41 172
78 74
10 235
35 189
42 169
60 25
87 83
85 69
65 20
33 189
50 53
19 199
36 189
75 100
77 78
32 189
39 165
100 94
93 93
89 81
81 68
97 92
92 89
5 249
15 237
99 92
22 208
11 234
31 191
64 21
56 37
2 245
9 235
40 162
43 171
38 176
90 86
13 234
61 28
82 68
23 211
68 17
20 202
71 2
62 31
73 119
84 69
80 68
34 189
70 10
52 61
21 215
46 151
44 145
94 93
53 56
57 46
4 249
95 93
76 77
28 218
96 92
72 7
45 149
30 186
79 67
18 226
7 253
58 26
27 219
24 222
48 138
12 234
37 188
55 38
29 217
17 238
54 33
83 69
16 239
3 250
66 20
51 48
14 232
6 248
63 22
49 54
47 155
74 107
69 14
98 92
26 220
67 19
25 221
52 165
9 210
95 65
51 165
80 103
66 49
10 214
41 188
71 55
26 196
92 64
2 244
58 50
94 65
79 30
18 222
97 69
81 106
54 167
96 71
91 67
39 148
67 52
37 147
59 50
93 65
46 169
55 166
74 15
23 198
62 51
73 59
90 67
4 239
100 75
27 195
36 144
31 158
57 42
98 68
85 92
60 50
20 199
17 223
75 4
99 79
8 208
35 144
89 67
29 157
43 170
78 0
6 225
86 95
3 249
28 156
14 220
88 66
32 153
16 223
34 145
15 223
7 228
21 199
68 54
42 171
12 219
5 233
19 206
87 66
56 163
83 81
25 196
84 88
64 48
11 212
70 55
49 172
69 55
65 48
45 169
24 197
33 155
30 157
72 61
77 6
82 117
22 199
48 168
38 146
53 164
63 51
1 241
13 221
50 165
47 169
76 5
40 143
44 169
61 50
30 174
2 209
77 38
84 55
16 142
11 139
27 156
90 96
33 179
19 152
80 43
9 137
22 158
1 202
35 178
14 138
20 159
64 15
72 3
89 58
40 177
8 136
18 155
82 46
96 112
23 158
86 63
46 182
87 61
15 138
76 1
47 182
43 176
56 190
13 139
17 154
69 5
36 178
6 239
34 178
94 117
51 181
3 218
74 3
31 167
61 10
92 126
83 51
28 144
26 157
59 27
99 115
97 113
62 9
66 4
29 150
70 3
44 176
67 5
81 40
12 139
4 251
10 137
49 180
75 2
48 183
58 21
41 177
32 179
57 16
21 159
42 176
100 65
50 180
52 185
88 57
78 37
93 122
54 191
55 190
71 3
24 157
73 3
39 177
25 157
53 188
95 112
7 132
79 34
37 178
85 62
91 125
5 226
68 5
65 6
98 113
60 30
45 176
63 8
38 177
76 118
4 190
68 113
69 114
3 174
9 133
98 25
36 69
96 0
92 13
58 95
93 12
19 71
37 69
85 117
47 77
20 71
79 116
27 68
45 77
31 68
5 183
87 45
24 68
26 68
40 75
90 13
100 18
86 117
46 77
67 112
94 15
51 81
14 65
13 194
64 126
25 68
43 78
48 76
95 9
53 91
59 105
17 64
63 121
91 13
34 68
23 70
55 92
78 116
29 68
83 117
73 119
80 116
57 93
12 148
6 181
38 69
8 177
1 167
39 73
10 130
49 76
56 92
84 117
97 6
16 65
62 120
18 67
71 114
32 68
54 89
28 68
2 170
70 114
74 119
42 78
60 100
99 21
89 13
72 115
7 180
66 112
82 117
81 116
30 68
35 69
88 13
21 71
41 74
22 71
50 76
52 86
61 122
77 116
65 112
15 65
44 79
33 68
75 118
65 78
95 156
32 104
94 158
