500
77 77 77 77 77 77 77 77 77 77 77 77 77 77 77 77 77 77 77 77 77 77 77 77 77 77 77 77 77 77 77 77 77 77 77 77 77 77 77 77 77 77 77 77 77 77 77 77 77 77 77 77 77 77 77 77 77 77 77 77 77 77 77 77 77 77 77 77 77 77 77 77 77 77 77 77 77 77 77 77 77 77 77 77 77 77 77 77 77 77 77 77 77 77 77 77 77 77 77 77 77 77 77 77 77 77 77 77 77 77 77 77 77 77 77 77 77 77 77 77 77 77 77 77 77 77 77 77 77 77 77 77 77 77 77 77 77 77 77 77 77 77 77 77 77 77 77 77 77 77 77 77 77 77 77 77 77 77 77 77 77 77 77 77 77 77 77 77 77 77 77 77 77 77 77 77 77 77 77 77 77 77 77 77 77 77 77 77 77 77 77 77 77 77 77 77 77 77 77 77 77 77 77 77 77 77 77 77 77 77 77 77 77 77 77 77 77 77 77 77 77 77 77 77 77 77 77 77 77 77 77 77 77 77 77 77 77 77 77 77 77 77 77 77 77 77 77 77 77 77 77 77 77 77 77 77 77 77 77 77 77 77 77 77 77 77 77 77 77 77 77 77 77 77 77 77 77 77 77 77 77 77 77 77 77 77 77 77 77 77 77 77 77 77 77 77 77 77 77 77 77 77 77 77 77 77 77 77 77 77 77 77 77 77 77 77 77 77 77 77 77 77 77 77 77 77 77 77 77 77 77 77 77 77 77 77 77 77 77 77 77 77 77 77 77 77 77 77 77 77 77 77 77 77 77 77 77 77 77 77 77 77 77 77 77 77 77 77 77 77 77 77 77 77 77 77 77 77 77 77 77 77 77 77 77 77 77 77 77 77 77 77 77 77 77 77 77 77 77 77 77 77 77 77 77 77 77 77 77 77 77 77 77 77 77 77 77 77 77 77 77 77 77 77 77 77 77 77 77 77 77 77 77 77 77 77 77 77 77 77 77 77 77 77 77 77 77 77 77 77 77 77 77 77 77 77 77 77 77 77 77 77 77 77 77 77 77 77 77 77 77 77 77 77 77 77 77 77 77 77 77 77 77 77 77 77 77 77 77 77 77 77 77 77 77 77 77 77 77 77
500
43 77
112 77
245 77
285 77
281 77
198 77
480 77
393 77
403 77
321 77
421 77
40 77
413 77
457 77
342 77
43 77
174 77
96 77
253 77
457 77
345 77
311 77
360 77
163 77
396 77
33 77
118 77
102 77
193 77
185 77
46 77
246 77
159 77
415 77
453 77
379 77
395 77
211 77
28 77
415 77
393 77
283 77
464 77
116 77
313 77
343 77
280 77
441 77
324 77
9 77
371 77
442 77
54 77
132 77
365 77
186 77
388 77
450 77
452 77
334 77
37 77
336 77
497 77
457 77
406 77
402 77
326 77
359 77
496 77
405 77
418 77
204 77
222 77
414 77
274 77
43 77
401 77
278 77
12 77
49 77
65 77
190 77
123 77
126 77
27 77
434 77
292 77
180 77
3 77
3 77
185 77
60 77
349 77
79 77
377 77
410 77
441 77
97 77
72 77
82 77
1 77
255 77
134 77
111 77
355 77
494 77
213 77
397 77
29 77
222 77
81 77
76 77
170 77
275 77
409 77
116 77
16 77
437 77
88 77
72 77
166 77
81 77
367 77
429 77
257 77
43 77
251 77
94 77
404 77
117 77
233 77
168 77
353 77
454 77
123 77
357 77
308 77
222 77
150 77
369 77
12 77
210 77
371 77
113 77
271 77
458 77
124 77
117 77
384 77
112 77
470 77
327 77
24 77
128 77
338 77
497 77
344 77
435 77
354 77
433 77
191 77
442 77
359 77
120 77
473 77
382 77
258 77
5 77
68 77
187 77
304 77
288 77
43 77
206 77
383 77
253 77
447 77
389 77
473 77
237 77
96 77
344 77
494 77
165 77
114 77
39 77
487 77
211 77
399 77
84 77
447 77
54 77
61 77
7 77
90 77
303 77
117 77
342 77
298 77
372 77
188 77
484 77
288 77
122 77
458 77
128 77
13 77
24 77
247 77
256 77
27 77
391 77
208 77
388 77
171 77
81 77
84 77
323 77
494 77
12 77
313 77
390 77
78 77
6 77
494 77
189 77
11 77
273 77
444 77
247 77
380 77
122 77
435 77
306 77
333 77
470 77
268 77
130 77
153 77
497 77
486 77
401 77
363 77
268 77
103 77
245 77
218 77
244 77
218 77
411 77
358 77
140 77
303 77
96 77
406 77
181 77
327 77
128 77
198 77
485 77
203 77
28 77
396 77
202 77
119 77
349 77
249 77
245 77
274 77
344 77
350 77
141 77
1 77
362 77
241 77
315 77
126 77
91 77
87 77
246 77
39 77
292 77
24 77
206 77
337 77
307 77
404 77
466 77
468 77
91 77
363 77
156 77
474 77
350 77
362 77
413 77
245 77
408 77
434 77
227 77
364 77
195 77
269 77
48 77
420 77
79 77
324 77
437 77
196 77
85 77
445 77
62 77
327 77
110 77
232 77
179 77
474 77
378 77
244 77
198 77
25 77
159 77
57 77
89 77
120 77
141 77
29 77
314 77
284 77
224 77
492 77
291 77
337 77
15 77
433 77
277 77
386 77
61 77
129 77
46 77
246 77
424 77
33 77
389 77
471 77
120 77
373 77
242 77
379 77
278 77
377 77
81 77
141 77
171 77
456 77
361 77
26 77
184 77
113 77
82 77
54 77
309 77
240 77
473 77
493 77
480 77
475 77
445 77
268 77
112 77
215 77
138 77
384 77
472 77
170 77
222 77
475 77
151 77
352 77
436 77
280 77
339 77
100 77
110 77
393 77
144 77
334 77
28 77
260 77
180 77
195 77
129 77
495 77
242 77
438 77
319 77
486 77
253 77
331 77
391 77
446 77
471 77
423 77
464 77
393 77
136 77
29 77
370 77
135 77
143 77
81 77
101 77
248 77
144 77
196 77
373 77
60 77
282 77
164 77
133 77
133 77
252 77
363 77
282 77
293 77
196 77
65 77
139 77
470 77
190 77
72 77
56 77
47 77
367 77
129 77
192 77
74 77
381 77
78 77
413 77
462 77
339 77
15 77
192 77
96 77
310 77
346 77
412 77
87 77
68 77
185 77
37 77
97 77
186 77
197 77
194 77
374 77
350 77
342 77
17 77
485 77
273 77
187 77
212 77
208 77
240 77
304 77
51 77
67 77
222 77
120 77
482 77
149 77
95 77
307 77
198 77
275 77
141 77
482 77
469 77
382 77
11 77
359 77
155 77
74 77
15 77
180 77
233 77
6 77
242 77
217 77
302 77
341 77
224 77
124 77
218 77
96 77
5 77
209 77
53 77
