1000 1000 2
7 443
4 611 473824276
238 724 87359659
575 455 365589717
414 256 225540015
893 672 590360653
543 878 17259192
543 996 869687225
952 994 522414906
731 938 87853955
856 79 144851971
546 218 453250814
698 781 856769197
347 702 275152141
979 595 291216988
427 787 425239530
415 922 592797828
582 276 117321584
941 705 388156637
796 67 733019227
290 547 589842284
745 786 124880755
268 144 968210340
983 238 722820004
145 488 455710464
245 139 368836747
842 961 726173758
134 962 983853160
238 552 246198576
417 920 857402485
342 796 113866717
352 911 551834499
918 162 606737524
200 121 779410226
252 610 395807270
405 100 29858780
615 952 17833388
926 416 253406350
960 783 5063711
97 570 844037042
776 661 161258134
427 422 481984010
145 502 862640281
753 773 622177696
136 9 995883833
785 145 192615378
704 943 407296854
390 814 907229890
768 58 817751219
652 731 955117097
628 291 878832606
229 108 809433499
964 832 953953357
300 219 561315378
564 211 534046978
650 967 480180354
542 433 699015606
248 974 715939023
484 137 138709795
344 62 635605508
895 11 112899769
486 748 76715471
741 379 67023744
437 623 725312495
481 991 29094154
37 890 697515787
390 328 474341285
117 847 113885723
564 436 26135940
851 163 247055872
782 862 284761579
669 602 796880379
706 334 205732596
542 90 610224301
260 959 909150604
813 92 849937474
570 741 866293853
892 669 242654610
211 149 527538579
701 414 303692968
520 277 483147715
161 861 753824469
920 819 977307772
697 790 169837581
441 826 312965244
547 622 597812985
98 490 645767943
704 168 177999729
641 599 225857610
705 247 898146133
752 280 618512067
266 694 766322076
390 791 319279459
208 543 691765129
709 54 230197604
106 178 674743280
240 208 617966184
66 113 359053149
816 977 129396863
237 666 587325001
189 625 319404906
847 937 20767
208 248 71725362
660 882 941585142
835 223 658589413
260 684 108532782
991 612 26420103
473 709 534378615
141 255 416990281
188 1 355669703
920 86 635941197
544 868 509678839
722 336 324676009
918 857 401009141
510 109 966613211
985 96 944342317
753 68 265758436
72 475 976657767
189 522 827329709
313 295 815938331
637 693 178093029
889 308 881475900
752 135 590947641
260 569 450530377
238 704 503089981
722 606 215537868
117 647 666483798
304 409 801927412
632 27 18569609
229 270 656412385
635 35 816028673
182 537 480662511
448 220 960987425
139 843 697886302
441 897 646033976
399 889 101015775
200 98 230998838
866 447 256383791
399 1000 94165226
512 605 332041363
886 431 241558788
167 364 449009058
281 926 789154483
704 885 342037819
805 641 161913621
626 164 311609151
941 893 233737250
689 880 536281574
907 105 124067642
233 720 451771972
809 944 502397972
74 778 33134599
73 254 166540242
771 19 371284311
826 753 936775609
32 288 257309882
29 451 467516830
877 957 142536579
327 725 711012262
268 751 640682406
574 881 403393752
738 26 36928659
73 264 1815408
805 903 247803932
812 335 844154015
65 816 128212426
734 93 16386446
715 740 517850594
344 934 290061512
856 369 731285741
568 134 505815040
286 572 555384612
520 339 886820024
273 97 867847833
423 412 65348184
857 747 101377759
959 141 171974761
158 31 969294036
445 810 222196885
266 83 974963652
918 29 751662682
168 39 929582014
189 583 882138939
507 478 388655801
352 50 435860467
786 716 59423671
249 402 105174636
516 5 466566872
519 993 831048187
541 852 51842356
189 985 902200017
637 325 263041897
522 715 399329455
313 869 127887438
660 756 642929137
139 523 180925306
331 978 338185748
520 229 661810064
801 442 204512646
793 671 790321932
699 89 975633404
250 645 542915218
557 202 137093633
249 415 880790530
542 332 41562263
2 643 387368818
110 71 239453850
925 446 659443599
66 689 190891094
559 692 394132926
207 439 203852585
67 553 127109329
580 63 611800
717 460 221226491
788 476 743014228
958 838 127141003
124 388 30751666
902 318 631611143
724 579 750206739
690 124 409666765
313 127 293786308
208 99 79188907
699 182 743309416
484 195 143864319
260 307 447552864
504 493 667115124
401 398 65859554
583 637 901589055
240 542 244230615
513 480 347766452
833 727 238484160
817 563 499533506
327 809 990663908
542 573 613747661
673 589 514006865
769 677 964543797
65 960 773166937
744 265 214632065
697 126 979609504
250 905 127739765
586 153 392633326
74 206 199830771
673 309 287726446
117 653 828467094
569 166 193343993
195 203 602314671
599 834 783025603
61 190 347021725
888 294 936700414
441 774 785924873
952 6 824142157
98 802 183420562
818 33 260920260
620 566 942992903
409 812 935269495
110 525 248355729
88 226 304376113
646 655 35151728
227 61 595714739
743 723 332613736
200 177 961919593
704 342 855514032
504 272 775911245
71 652 922375853
363 608 52689290
10 78 348218670
475 22 176200376
158 739 494037223
613 770 752885017
224 286 883238440
607 966 546784454
223 546 514788786
493 495 115017855
118 34 947999719
624 380 121781427
697 642 567921059
459 298 591587914
920 239 221122735
337 147 389507585
684 688 490905249
881 420 837377767
313 132 22989203
975 483 6039965
549 482 32823975
959 892 917722163
473 15 373166056
493 680 385926867
313 808 674639663
623 829 778659591
964 925 661795614
574 271 313896868
357 755 1476112
76 596 803469183
651 397 971282809
377 609 715268856
337 539 511475239
583 798 451127374
988 28 76763444
864 65 55038869
497 576 259564128
470 871 81189839
822 763 286676447
677 467 766590879
353 404 849085103
459 146 131125548
920 675 65945866
57 487 194215792
885 902 966432653
785 120 471023752
357 401 363402803
549 801 922394496
283 714 691983682
287 283 731856030
835 331 809697203
96 489 49503505
920 259 836768804
995 565 182237683
819 697 991408003
439 43 664044335
647 40 636555771
510 517 224019120
510 561 499514858
130 956 845363964
330 738 773642653
17 793 527288844
886 356 393641749
865 167 261886356
784 761 916186344
7 624 650679164
148 921 398823629
650 510 459781031
223 706 527205870
774 864 566984334
918 701 936199240
389 631 877485074
997 241 162668877
88 152 620660640
885 348 906426986
115 450 304566837
674 302 980104168
493 534 137914718
18 997 760375690
872 107 850105231
486 413 816828076
583 421 109664371
535 158 284453755
724 644 588588364
352 648 846792587
71 427 957373779
158 411 856573157
725 284 715392311
196 513 621248714
847 267 419801477
810 184 48569469
784 950 608120540
382 754 897126750
774 951 41740051
238 136 867477223
405 831 478058503
661 217 278063980
805 752 156838327
246 799 210763457
776 56 738982524
264 389 694543978
375 448 118879112
209 469 940996273
166 825 672787901
698 289 654444522
406 459 33825331
802 296 626887429
318 60 629960772
737 982 100280331
242 759 541895317
784 973 296510499
885 142 892997574
990 906 763136025
673 303 819869092
479 551 596463437
597 586 177151693
985 784 221099850
768 94 415901483
844 242 665952768
106 673 344487279
857 562 193930118
995 59 778318310
497 841 182087141
752 850 253961930
593 392 8343767
91 859 109325068
248 567 598165933
336 385 425402858
352 430 23010559
358 501 118143863
652 428 965792977
565 958 94971642
13 232 861945834
798 699 408460349
387 919 158802536
97 635 367893626
921 57 684253587
508 375 732505287
47 782 614061902
399 854 207101583
287 883 631307930
416 953 933727287
599 515 461840826
584 230 881684976
216 470 648564532
699 169 79796419
233 533 139922949
920 949 485335215
704 504 211916434
47 324 689074157
43 175 271865133
628 354 896484901
669 197 434891935
19 969 687673916
272 736 695112198
607 929 492250164
721 879 636889639
327 111 585394507
117 588 594971382
489 936 205448107
73 719 211213095
488 424 530366218
541 824 276452129
734 873 117088710
576 198 640947145
930 998 30054110
240 728 602120901
97 735 187217977
110 615 112707462
710 821 175314043
622 800 227555360
87 678 83490426
387 48 720628953
593 507 64513633
272 721 351209278
983 260 681750219
467 924 498978108
819 771 335132530
453 963 764058330
985 76 790884140
74 544 988633754
143 939 400013766
574 559 67523882
532 815 533225708
110 690 23490334
985 304 140913530
206 717 305962928
952 330 718356936
975 619 626928460
7 234 258483272
704 432 515639252
581 317 520478376
731 779 697597301
684 189 645383616
983 785 405211027
38 695 18551669
434 746 316349295
504 183 410072690
721 18 845994301
819 391 977568735
295 780 912494483
390 434 206631455
915 743 770206903
684 417 882857277
824 626 237337536
466 357 812997139
417 32 714655317
973 13 149123519
621 927 206494216
872 708 530138652
214 514 251205228
257 598 149916030
3 639 735456298
359 995 252806725
718 532 332922337
652 772 969360193
18 399 305617654
468 803 660010166
537 174 303183329
710 858 707277656
238 359 988113168
652 574 372312895
110 150 599088961
331 426 89385536
975 327 817995566
949 614 444377108
543 646 61401275
141 212 476328624
875 301 146180209
988 590 178596402
330 848 791231572
882 845 139271264
196 891 764161809
930 932 928123486
470 371 971499799
441 390 631690758
240 529 611812386
707 337 540645961
410 228 27770345
885 732 5859479
721 410 159625474
541 341 27683806
865 659 982416218
442 627 152707724
249 69 526947219
635 471 561971710
895 915 644346706
799 14 995860407
187 580 575567579
879 133 518734179
606 992 820633670
634 299 205847447
238 110 829477440
459 322 409511629
826 64 966309881
835 246 227511330
930 252 337435716
684 106 950408383
614 185 933240245
129 210 424430398
325 104 150144267
788 910 662499228
459 836 288672812
689 899 770275523
569 749 500526430
129 531 311027844
67 545 669825168
64 38 837112575
588 912 850668007
961 908 842386638
692 408 8351224
688 72 861540873
119 320 55726114
841 101 973716806
47 557 837368526
384 884 425420612
433 176 78005500
790 664 50026335
11 49 690447126
204 400 678900509
432 767 998306286
979 795 176980526
643 297 742286833
542 7 794343769
337 585 890738686
116 321 698516220
669 484 344359235
284 726 482241773
846 122 980492822
383 103 593095514
66 213 390252010
975 123 659575693
518 193 452194593
21 548 256887909
715 368 873036772
699 851 744426427
653 3 173288916
366 345 64493279
228 853 410482154
975 129 120046718
45 679 532102877
763 70 310389468
372 822 739205713
490 865 860530920
899 681 317904771
920 224 677146802
250 970 212174446
331 17 123090469
588 346 696265470
264 395 808513774
718 468 135558811
73 406 426366695
440 55 863622915
223 584 840735190
594 916 116230743
72 632 558905041
959 512 75834355
766 353 130439467
161 607 300671755
930 154 115440988
918 597 308397731
975 744 627809914
504 520 233543029
73 895 193207299
842 381 594697496
906 804 858482251
210 640 287981607
652 872 302640651
28 102 120939395
337 457 970639125
509 374 210512458
359 441 900664040
222 363 553789647
603 45 523330687
886 856 559085086
721 888 279208315
704 372 680509029
281 268 71164134
890 558 229607561
761 249 599897134
657 454 734475819
414 429 181794489
753 530 660770583
210 209 68828479
579 518 936243222
359 658 915536216
221 377 278069464
129 886 827228788
527 703 951730131
441 347 14154168
459 818 883758643
715 349 476305470
406 52 439776616
923 269 128395224
169 440 159269771
216 462 314153334
65 917 526587366
738 157 540290680
145 660 681236042
525 575 347193691
468 521 129098298
998 201 567267808
458 541 516871920
826 896 396827198
718 979 595236958
402 913 786448692
814 860 579127725
934 274 381215908
693 118 791686021
944 757 357064749
863 373 565410758
541 115 501914814
343 362 962127720
977 656 855804240
43 418 393923032
437 112 422414477
196 326 591032134
385 964 827766645
379 8 332688051
880 976 23065959
419 535 487213824
983 352 389847132
120 931 456820188
399 947 727462690
260 344 378705471
734 316 298804972
951 131 246617160
860 980 455366185
596 499 855983642
131 833 297212375
86 866 242901453
666 117 620286942
460 452 323571144
238 918 406135618
964 676 828637669
507 194 510066349
144 707 359640572
224 718 782920466
617 51 422720327
801 312 487539263
542 205 220938534
688 30 562023084
405 600 404084728
845 592 478756797
846 593 66499905
82 243 344855726
835 237 975944035
399 287 913389838
432 82 298863437
277 768 783952248
246 540 468608969
307 443 377881869
974 765 272904709
666 806 312307366
687 383 960876425
359 877 700891165
312 188 842171279
826 527 149678577
937 691 774360019
835 472 685282721
295 290 301164103
404 524 240297271
237 498 136346336
327 538 417985832
137 817 174935546
455 940 378070797
655 172 653518661
976 711 326135957
794 384 138136717
38 942 916109197
824 981 193506890
161 156 725255568
239 742 981788478
967 634 984790220
352 492 685306539
527 762 914759908
472 130 348513992
764 449 902886848
406 437 599037098
927 192 667898878
673 423 930244000
115 361 835400586
568 473 818611695
90 946 105087944
508 47 787091130
753 37 395283273
785 80 529372474
239 999 444237779
154 914 911148748
182 849 446405466
313 319 756901229
965 311 245776876
536 511 540396373
930 874 367079604
829 587 77289237
805 682 433260155
534 95 584522232
737 788 966891782
324 16 295804602
137 654 175882447
672 453 422598952
615 827 733207467
266 386 269562288
110 582 713271534
247 438 836506023
222 314 637878997
651 365 46587881
692 828 914933323
168 764 344866059
785 556 354922503
389 215 806285149
344 486 196566844
9 955 481186053
479 165 428074707
848 797 488811024
878 199 362853455
842 281 858469500
114 305 799013055
143 594 216548804
937 987 724026108
34 870 860949773
440 84 951594231
161 221 57040802
61 474 659522523
332 629 854255598
464 965 758993355
93 613 129937921
417 733 273801104
895 581 339389280
19 578 761134891
979 696 35880296
314 407 474460445
824 227 217782160
342 74 435494895
569 794 551618406
119 463 873353060
434 196 656508556
32 170 634683675
98 366 269781849
232 235 179756176
169 555 301892801
444 300 650498495
134 630 405627961
704 776 972062121
652 554 836128432
509 119 748078311
826 155 989464943
413 355 436979937
961 620 938495617
895 285 367951810
838 77 632888567
187 485 32570774
460 360 876106369
945 633 755695440
330 266 664037125
569 928 895186184
842 419 889766075
272 187 406863330
731 351 339970902
83 948 631157209
237 560 499835556
66 114 654324577
268 293 717987149
712 986 819656475
647 36 536192873
200 988 703934607
545 140 531072511
38 214 233551837
570 657 498341914
880 333 826275241
200 649 609176579
353 867 536956255
87 186 661769297
387 710 155389430
458 904 705397200
892 23 796975182
753 88 953651074
666 687 114346984
47 712 717001835
628 616 377906155
145 650 196607420
986 526 43214286
974 700 475100501
732 989 413054927
372 777 791025351
357 236 119657537
564 930 411310932
32 975 235924428
5 387 326475471
493 628 263794512
738 477 139137618
435 143 413636608
840 663 285634952
359 674 17279636
463 329 602889335
876 933 511645003
548 840 285814165
567 263 121688592
768 789 683986669
171 323 301406980
903 745 956503180
846 396 730858337
544 275 445311637
692 500 193507434
718 729 649798127
264 737 763884069
895 479 785738841
313 21 947661964
289 350 161307366
496 491 987031189
564 435 214698021
565 509 658054916
780 262 601234656
119 875 24237615
525 508 806291737
490 954 366652250
273 528 894463936
582 636 643303274
666 984 751399361
138 81 179247047
459 481 524711298
40 253 780989936
680 730 940515342
687 604 269184439
652 25 242086592
513 496 43509290
508 758 143679856
399 766 462516983
38 686 257519550
551 506 921326167
441 66 564667930
129 376 442389019
13 665 589700012
215 750 961980122
207 10 38231140
983 44 764353079
398 823 388713751
583 216 303773313
97 278 942399599
130 617 510318025
846 24 892580522
98 568 589663838
846 191 987648023
410 805 401378185
595 667 484739183
327 394 139228911
724 466 538632481
445 244 594071261
168 807 892898557
594 900 87437300
739 894 522538202
82 876 52839920
541 603 445184791
978 811 624300808
18 837 947075414
485 310 159025015
842 941 574457687
185 935 494931794
358 618 376485592
385 990 495446387
597 273 679470779
549 734 817968830
817 968 615591872
967 42 164944663
187 225 666721171
970 651 27770337
285 2 168099081
30 591 996819294
772 855 736099769
661 464 615258121
535 340 373135842
137 343 560394007
441 945 888283923
513 668 581487384
552 370 178104305
819 830 784555315
259 171 208506045
600 461 589982175
63 494 896797970
266 338 677433722
315 138 877248202
275 621 968051042
466 306 191505077
198 863 957425753
250 465 553671131
792 160 214530830
583 159 696675120
943 53 559972351
504 638 422860908
919 713 151012036
307 161 200534171
892 519 887970499
432 200 125750104
356 923 874037814
834 683 864723989
189 425 884147799
417 240 965982291
321 601 967514281
999 820 256255426
400 378 395704539
306 444 510754273
980 898 479183756
959 835 923112242
516 148 780188730
784 292 738581610
187 358 33249263
591 279 895924413
432 231 634784993
737 792 877909094
687 85 299044422
441 564 595310051
270 4 114222347
822 180 639643397
945 128 976048521
648 844 297479340
153 91 91770041
894 179 183895876
564 550 963063981
646 972 790016135
794 393 969864373
484 204 746598072
22 125 951350625
425 151 816027302
793 662 254087741
819 722 212757704
791 282 978115242
598 181 184911136
613 258 672732853
641 116 328904761
124 75 441270279
389 20 140506012
606 315 157919908
943 458 851352286
975 769 411831329
237 173 864517431
693 907 779835694
399 760 561793992
134 245 497723607
222 846 601964060
68 474 549469889
182 813 329909889
211 46 147718753
300 233 714333762
462 41 7262581
441 842 456116001
56 698 692844934
150 971 540986030
906 257 451460768
272 549 463140388
342 87 43496956
778 887 361174250
191 367 574414339
501 571 554805697
573 251 266992956
881 405 715962597
324 670 495808409
406 685 22307346
731 505 60758403
480 503 512531713
690 313 72621612
857 456 259435348
690 516 70125275
363 207 535303970
236 775 595057449
458 839 509457271
127 536 586071803
615 901 97550065
199 577 452468711
129 12 364088170
769 445 532820999
183 497 621336212
169 403 700400642
875 909 152425239
238 222 572614143
200 250 959625833
110 73 242299749
768 382 158000904
268 261 317379060
