1000 1000 5
692 772 286 795 401
6 612 625549125
646 284 390473799
270 866 179920278
443 810 363123122
170 187 988995910
20 544 501928875
211 902 353859432
853 786 670823935
725 265 614815046
796 396 978367470
782 132 704283961
244 182 742861768
299 843 67251865
845 737 251894626
250 658 490977959
496 572 930617532
134 873 734803817
180 705 187505260
910 880 211567552
705 857 359366646
779 971 26064537
194 588 2238378
789 817 774539565
205 617 246535396
197 431 251629813
411 694 343283385
615 224 276615239
598 650 228009100
176 980 175166192
411 562 981504003
926 230 144418582
676 5 140887292
919 851 167656887
217 134 664231834
725 216 657361910
866 693 754045638
292 1 702744792
428 502 740685100
821 784 631964244
215 595 279675401
854 435 881361767
676 193 565817002
787 806 14258384
589 82 949702971
389 63 580686916
78 633 192893561
561 314 755379373
472 97 234070985
496 852 267463258
403 775 901620568
842 409 171817135
589 292 224168950
904 400 145104170
378 515 590502565
82 141 9288277
865 315 841568989
142 427 9712308
301 673 261258302
347 707 551399093
243 823 856192048
861 986 73720594
195 891 685117108
109 259 177388815
577 934 114087235
697 830 496759060
37 937 746968633
626 336 99616876
65 355 884491370
618 209 724732715
399 169 627925308
178 664 886054647
472 787 229618641
490 98 938954025
424 203 60799058
652 647 843086626
432 960 223847452
332 168 488061074
197 577 641890560
178 981 3336812
219 59 427311150
402 549 870255621
467 494 924136423
398 501 812356355
613 525 228078216
244 27 666180939
770 623 859892521
664 386 622023415
470 890 691350285
735 594 351126943
678 586 810745256
219 740 893599970
161 348 775996413
489 944 66892803
163 249 207948699
995 534 226850841
611 471 71257035
832 449 897795049
875 729 616908585
380 85 520801592
120 936 793815317
399 260 790862940
736 832 345731742
413 972 140225972
762 411 617707861
313 517 209987500
618 601 153526330
184 632 39311766
605 860 867523490
375 824 7261359
608 268 9170326
506 834 191926544
851 41 425048465
534 185 74586628
900 189 195454790
752 950 549076011
467 509 331392423
671 121 804756018
485 96 186458500
214 734 469861987
915 335 81503391
259 663 617479237
625 318 996677416
308 394 492960075
215 74 169795728
51 889 496005744
205 202 293795887
144 157 235106494
608 210 766324825
806 6 269661549
684 39 18946790
476 570 747718527
623 270 69260865
36 33 607029399
852 158 839711694
429 481 257951773
771 620 305235683
718 313 205219210
692 401 679216433
830 275 74575884
664 735 964189341
836 881 324513603
774 752 97086883
941 69 204698053
995 885 864376896
381 208 235036122
664 296 29199527
810 465 260999686
765 584 79312859
232 802 937358694
581 327 77496312
548 855 126360457
470 607 852395854
159 600 106147874
358 864 746583909
821 552 175313530
617 165 487819069
865 73 338617040
568 563 371115534
725 628 91178945
212 263 866715963
431 878 414822310
683 283 201697397
252 455 249002860
65 546 771277544
939 599 903802335
363 412 938068417
232 279 269722745
331 153 183593579
109 242 984058049
84 783 889037754
217 196 109348446
752 559 25504297
569 350 755989692
308 145 762324211
813 204 493055395
334 985 676469542
316 416 746287917
751 30 868303317
756 80 217810315
12 212 156869208
676 136 644980993
225 462 904758397
108 358 384348621
119 875 492244376
168 461 40806043
93 399 766694550
572 645 387602505
865 115 134653728
618 418 602269698
29 340 989621003
652 805 591042038
690 89 533715662
75 688 437470703
723 170 374370413
876 40 231953485
16 597 750054488
838 116 314913268
501 510 478350027
853 392 362610339
986 37 244627350
468 376 47346820
987 206 562645083
618 112 833388049
968 139 127060971
331 821 74888668
802 883 353785380
900 198 914771293
456 266 140844681
310 307 666707259
122 580 277488798
192 708 739425705
538 722 96900280
626 829 630564493
702 736 225163873
51 483 809554491
993 143 787922035
316 674 963294727
729 357 305561414
812 133 945901574
568 702 113983084
903 508 615010154
795 772 985203715
177 536 130615913
871 519 677106187
684 648 880038750
890 379 543634523
657 304 844887857
891 839 23124667
494 271 488904917
585 144 294840144
4 440 414556068
99 87 550179697
205 589 475590623
267 368 675479757
65 477 444856002
562 487 678810328
542 375 630587951
56 137 30243686
329 200 572352238
99 908 973598492
230 962 929121736
334 888 139463461
986 207 392255258
982 441 339422863
124 241 387326076
427 408 370740970
543 228 832958259
34 233 506285307
710 214 114856580
380 486 975674971
828 748 753944365
361 342 701987124
670 478 132848868
706 528 258140145
872 432 326959671
613 965 584932889
80 904 924475250
618 868 774239038
393 422 218487048
814 822 138925739
230 54 599760444
954 309 186515733
445 579 18339569
866 316 186117716
18 499 609596954
280 106 470569434
11 610 963151860
275 463 891460999
175 669 803197779
475 338 16057472
968 312 923488512
407 808 450286662
700 480 878529468
830 792 35177802
378 397 644239923
300 575 122212772
267 127 508287071
475 152 767261192
626 521 840874021
948 20 704088412
948 232 499859821
988 798 379191769
808 676 552022956
319 88 984534430
244 778 902702345
153 611 888735976
608 215 70113609
619 507 305764623
250 953 519843700
702 176 231964309
814 659 203442530
859 742 642058304
471 716 919882325
819 758 523197171
968 657 736885655
913 19 173018077
11 226 995014754
496 819 442567484
659 45 507564258
617 791 971821807
52 83 460590507
568 178 281156290
296 4 594102665
905 364 850731735
313 818 463641137
268 560 322799380
452 303 581115864
496 813 231072514
219 984 675067778
178 764 715586078
399 154 525732336
933 147 597690648
988 989 238485692
830 538 297299954
72 235 452528143
278 131 649825992
611 1000 783191412
993 181 28503642
203 49 311623341
812 636 446052830
824 450 284192180
270 237 102490476
507 695 848105299
736 988 849483548
75 529 364126778
149 726 88622150
552 353 392808172
409 281 143186640
967 781 534442047
38 354 770102951
988 123 494535013
1000 788 870950649
145 177 655061091
628 76 922268749
968 869 309089094
881 92 909039145
623 387 269052226
133 470 539846384
723 991 264490858
696 690 992111149
676 81 461025999
221 583 367428087
133 68 589627817
193 738 44192122
259 670 602682851
945 378 837021898
190 234 400161432
930 539 251234579
952 797 423581021
707 243 645800814
938 760 943518030
969 872 81652633
655 339 934980862
333 426 97322848
313 251 624395427
948 221 529042071
119 191 808955353
588 913 698479385
219 253 9598208
57 684 458251445
840 518 502625327
649 925 885321281
150 186 410198510
722 244 379285604
853 105 49265531
467 723 759440660
153 762 293969000
259 569 802902031
802 928 704764294
527 725 768908471
718 329 333764218
787 174 135691764
134 438 569071546
133 982 300487540
734 404 714199245
697 543 49008685
334 947 572479827
194 305 902329008
322 504 758419385
598 978 934289511
129 34 905298506
642 686 702109090
11 968 538340151
294 863 846027282
896 25 730910575
477 456 924936931
908 114 926065683
407 150 629170917
736 424 479689935
230 801 513976838
710 553 631682699
964 854 40956022
731 803 692580177
725 963 61865695
858 91 604265375
256 884 904089520
644 22 110893717
73 9 986123331
669 294 199870903
475 587 219063912
108 278 356193722
255 727 927961091
948 142 375068731
712 771 647588688
61 55 667346861
74 99 469257030
538 425 494605803
560 16 434014225
761 317 814784882
807 939 601829767
919 903 269268031
659 564 987160677
154 146 889939130
294 768 377961953
35 959 380447604
321 474 306816113
221 816 707847048
252 526 64296869
598 402 544202708
725 530 131260255
832 850 402601094
770 267 948278626
476 755 803822491
178 362 40599011
485 842 336863557
764 948 15983658
10 261 557420267
153 918 921705512
186 300 793938018
321 646 422665800
858 113 611092895
731 393 886052217
859 56 334976717
215 566 626375279
250 159 692821572
270 606 977780692
700 171 907684320
4 865 107380050
562 691 511331868
877 909 31301180
948 23 461769194
496 942 662381315
459 591 920422023
212 252 609576068
65 619 7094547
82 820 782689851
814 671 896887108
676 398 397068297
105 124 295350162
793 351 184699723
689 743 361597520
703 899 123095816
683 951 495442460
467 308 754793076
422 654 105673696
173 274 888382832
763 975 837583784
251 373 902483767
717 662 290862128
899 639 276843409
862 101 489618725
836 492 535609147
845 785 181561964
644 43 814031700
534 466 12445052
901 739 32631121
583 442 371539709
485 57 684189372
561 66 214530807
127 236 74650848
996 227 351237052
409 475 489632275
160 75 859548439
311 997 694011643
869 135 548904939
73 190 850000379
414 938 180361112
242 118 963950482
574 31 150930323
807 655 464834645
190 811 441571013
903 877 376865712
723 871 341983285
529 896 900853064
741 922 881725144
587 836 331251762
910 970 896170757
526 964 803972902
178 714 786676096
969 61 252571157
101 333 761663647
714 625 537152260
93 107 151539574
314 302 691782088
607 38 891318214
11 614 774703255
80 812 897019504
737 923 593821026
493 395 238272787
662 287 672962999
587 603 33353104
80 910 944094907
773 130 834709683
608 321 283367511
935 914 987252091
424 943 363212916
289 870 175113334
37 732 126531218
421 567 436683243
617 789 529624908
919 213 86239083
538 548 472868078
176 460 479878117
713 238 528285430
250 222 956758280
983 484 810121903
29 192 237915825
142 161 500311632
199 940 262405105
116 558 23903476
142 365 592538511
885 491 277982278
324 649 362944650
830 793 165269413
175 667 624629590
987 273 16111136
52 731 346183205
145 935 745048334
245 520 246955775
821 12 839041671
741 954 426210981
306 576 115235865
972 831 803586480
608 407 29295647
175 172 787123545
103 685 160702031
361 451 475563255
740 867 854651385
87 297 918844893
702 93 884928331
213 668 281339720
35 733 927155405
941 535 512928948
933 828 288015248
647 420 904199858
906 992 747304924
547 417 729794353
661 879 174750443
769 119 549076690
503 999 911113386
629 698 279688093
353 459 717518565
381 447 519320078
978 109 564170046
562 498 384146402
912 643 67204085
92 179 684277983
340 531 448642751
388 372 306496165
459 72 793423830
534 180 829878942
321 347 982400208
945 218 924197549
380 631 548799251
835 547 768626312
2 473 928850508
44 299 6300031
334 769 348989144
533 615 207097828
142 724 94397562
268 476 746257679
63 718 743414448
275 13 686279330
211 799 554143335
669 746 893711168
285 532 139228720
10 323 94906865
396 155 925545128
321 849 908540300
232 652 929112222
424 334 62267833
553 687 665139385
324 773 769698187
689 706 116830532
885 916 848450862
409 160 181583996
542 675 170376113
648 833 294948327
243 545 155761226
725 605 57635091
74 840 354570655
518 777 460016765
741 405 469393640
319 419 818120146
245 826 188354189
905 847 207320301
933 920 900930561
967 21 509517943
108 382 663371812
128 974 379322497
328 248 752810949
206 859 61735367
421 841 139452895
650 759 947284977
408 979 278513954
621 927 625746667
47 3 986015751
969 414 554315307
857 876 650625419
336 239 774487515
449 704 841237127
413 593 575599692
776 747 445320709
361 129 54467000
410 370 361500420
497 555 722169281
54 930 276756652
714 293 655050965
764 240 286952753
969 495 910195571
331 527 565471453
608 717 871372881
489 924 944339657
676 128 513247727
933 756 185072615
275 745 725563138
101 377 442260146
331 78 230246788
608 754 992112839
332 48 882019539
795 990 617764000
643 537 815729680
900 126 229434031
821 328 496330594
656 634 725228737
908 656 784780141
211 369 970933422
123 894 984665785
20 36 220050310
962 155 783723402
369 901 510282240
445 15 547645244
959 983 957012149
120 741 258702499
29 666 292961226
299 998 883346270
862 448 21807343
802 996 896086332
181 62 478081698
165 429 485644127
862 582 860354582
398 436 632413793
332 689 758366479
342 497 854627447
779 356 568093205
11 680 699804194
64 391 452957378
744 955 956774063
556 682 815569679
477 700 460627922
319 556 718628800
386 853 264311396
418 574 170976266
309 827 282833011
476 117 373183369
613 533 69504870
764 493 74194869
442 71 907502898
480 635 290202597
456 291 388488508
99 779 317913459
761 848 636907032
550 721 964647514
926 14 368237160
623 272 568381758
101 838 147937560
472 100 607260162
479 67 799332724
77 490 682286368
666 24 2370598
145 26 674390048
322 367 796258867
170 774 230185436
29 346 635974065
676 524 734444222
989 966 984802213
495 993 644456748
608 120 352158119
659 366 174590963
844 573 327105540
587 254 282914086
240 800 800082739
109 330 906857922
308 598 581129393
776 250 257008709
296 626 609474746
589 479 60985837
297 807 164790956
187 977 84449968
354 453 860077653
96 627 179574710
322 413 928590792
424 380 756006772
250 837 258481039
634 349 136892114
652 795 1677670
93 713 246536150
764 331 968637784
280 359 769630406
779 874 816206214
226 765 883500634
968 269 611868873
159 906 531211238
192 637 969484936
632 433 144575061
411 825 969026547
439 505 620452558
814 969 173002174
492 444 949077126
443 711 126300307
472 319 419155267
814 489 383094486
646 780 878805806
443 782 207951711
862 917 741818630
702 389 872336199
644 110 606358388
624 858 111571177
386 205 967206539
512 511 52633736
449 750 153284145
61 53 11682533
353 651 120189981
570 911 648581174
616 276 522779598
644 624 5830324
959 846 580773200
546 596 600812531
161 514 626854385
534 217 87992293
490 2 795144445
97 469 637239132
948 197 427253444
770 7 356932818
193 665 242649139
976 277 655689402
296 383 340601551
538 488 988115622
7 295 38209233
918 794 70062434
9 430 740402528
377 907 941418526
125 410 956267914
653 701 23296991
202 108 641331759
798 390 69458256
72 257 601034413
161 225 307989742
68 929 976021509
891 343 578683688
595 835 931611135
924 220 761659505
451 609 486188600
684 464 829767947
710 437 273999110
916 188 479508692
462 264 627474039
120 472 326058774
751 512 986688492
358 895 93855424
270 122 954494107
667 728 573954636
948 374 507110143
391 434 952749344
608 467 688375283
63 8 87570873
286 692 951936547
4 622 297845032
255 223 469220292
556 994 774639018
874 949 78608965
995 862 991605895
832 46 229291517
361 256 472355077
625 79 747347601
741 381 636821759
324 428 376736105
736 18 911683119
667 678 265568748
669 683 453931713
378 523 17410462
684 468 421337760
678 602 101679729
681 554 708891972
219 60 98013452
247 679 26953953
532 247 892383977
608 52 652020915
203 932 547758564
284 757 223728352
809 298 125083330
402 973 380604745
941 311 459871768
83 897 342105884
54 84 604815557
55 332 480599619
43 976 414178007
821 11 968759068
808 211 208954358
383 94 628131968
646 886 225382872
555 744 505788468
458 540 664109781
995 941 643819559
16 660 651373159
116 720 446972407
830 613 545997342
853 581 860542852
697 892 408355363
195 921 248636742
702 933 378449432
11 95 378177347
334 445 809533078
174 482 512841461
424 592 695391210
974 956 48486892
480 288 682975937
273 638 677810124
838 246 979460624
439 542 488335689
938 35 400517290
885 551 226376631
952 629 66750393
527 946 619885824
980 900 681921971
836 931 653709207
995 162 538706625
534 345 486720315
785 753 451830506
378 672 197882499
51 195 818535512
449 767 136833531
560 681 501612222
644 522 111651771
764 219 819515803
77 44 594433005
361 199 351660103
215 485 30851681
548 856 160460762
215 245 678288175
479 809 588127343
507 102 653258149
798 86 559702719
468 500 644403952
821 17 626768808
666 458 427731463
447 149 804740033
215 320 326191520
915 65 467846536
728 766 889233661
429 371 412787376
386 618 139881368
311 167 485498360
852 550 689126762
86 229 673833293
501 952 76749788
362 173 658813083
120 361 546259797
168 699 867214596
669 697 786378772
264 590 175728236
52 415 728395629
934 557 562383434
798 282 397178714
840 58 301781179
652 845 919283377
653 513 906047781
320 201 580426286
850 452 11830917
120 50 893845120
212 164 705349388
548 421 487236393
150 967 356712598
365 163 659867547
322 140 688517660
217 10 618139490
938 138 469628984
806 571 214637380
703 385 863003869
457 677 700538998
82 961 854122271
853 406 641248632
942 70 284112000
63 905 20673075
521 104 189779444
436 506 927688023
819 341 844552858
750 898 702300342
772 194 890636121
849 42 66532201
88 503 89562887
451 763 994999551
491 815 3094009
21 882 281328452
414 703 312291463
472 324 333286042
556 814 51038426
683 796 495127455
196 443 212452195
530 653 791419974
618 280 312314704
8 352 367263990
780 325 978311640
980 326 157717870
409 310 61911194
296 710 208399130
736 90 580357882
595 28 573503397
944 166 740900013
253 255 825016026
430 661 420477597
205 496 664193249
54 761 860424688
296 919 692443168
917 151 783902580
707 322 390820300
424 516 972705784
365 945 557232105
772 286 435382095
221 111 783022348
268 446 857204000
374 926 317033292
64 640 971513428
723 457 39980113
714 337 121668383
120 751 342529545
278 887 192302818
350 912 368693926
889 258 617953854
449 125 289615280
814 285 729784295
608 861 807745735
77 262 824400942
342 51 317201784
638 844 165382959
342 642 588601923
510 148 594889967
712 565 876787653
996 403 796722614
296 958 567970308
368 360 706416142
639 749 606030595
628 957 420466903
938 730 547022712
199 388 677222267
864 561 911245590
334 290 834278526
496 77 741517770
178 608 332736299
381 439 839942060
382 604 946792378
993 641 609250906
194 306 542856920
664 770 665446078
181 32 155490808
490 709 964300777
705 344 825475121
391 804 571951600
471 289 305965870
606 715 74710112
693 630 815416227
902 384 268122312
667 231 970084018
958 578 968409945
57 790 61982723
489 29 841485292
472 64 372822446
728 616 703594240
458 696 87839728
821 644 314196329
886 47 556296630
861 423 501697538
585 776 663166600
200 363 680207068
568 915 819629510
770 184 907176656
623 712 783593467
967 621 808241323
543 893 657577907
684 454 748158690
438 183 455621235
195 541 761326115
821 987 511435438
608 175 742687142
625 156 924988923
865 719 618088363
202 103 759975434
667 995 338668960
458 301 544412276
219 585 398594960
