1000 1000 7
51 226 880 986 727 980 60
565 219 301390437
528 801 255026451
117 547 576078510
839 900 164846186
77 105 965225834
795 103 523036043
439 316 38273047
871 100 675948247
373 628 481845992
63 652 89317506
618 790 959443047
96 840 576808922
387 687 785420646
813 5 399067602
370 882 225825364
533 273 329126599
947 735 799035604
94 435 761482998
998 686 757235565
637 256 259895379
780 751 75166563
213 487 913700295
666 28 141843797
452 317 755495279
273 792 515289752
467 747 715110886
200 979 218063454
620 391 516204298
51 727 932421555
392 55 927930872
616 648 29659246
478 871 613686876
879 807 381748179
998 185 314560784
92 29 364366105
246 492 78319012
246 463 133134388
470 538 939316675
413 718 307140761
830 955 646215055
863 770 151928538
213 512 543879743
537 856 15593332
50 335 946046326
114 214 939984066
432 9 533082094
358 534 380067117
506 957 80105023
878 787 495835127
209 570 382926982
259 536 961721621
101 106 567584589
74 353 265758463
93 772 785153197
986 301 77320589
216 509 63391662
294 381 678830494
31 259 528489720
926 624 86783827
810 481 19516621
246 691 364359803
799 989 769114897
799 80 809942092
981 287 525408446
748 18 510534611
303 830 593279313
551 455 487434515
466 329 659600226
415 131 110252049
100 532 572372300
617 37 390343682
632 639 264102128
79 939 901987524
891 918 388660031
571 243 511889139
157 590 955027573
748 44 848495613
504 631 217532620
123 627 584185236
319 758 986418838
477 194 487612746
995 970 757443247
64 924 862964009
683 203 884427465
108 350 571715480
860 650 766782104
59 60 677742894
440 838 77997082
590 32 821246775
90 184 386673184
899 507 572735707
761 909 852497983
30 677 606141256
109 445 580854166
871 949 869746857
776 783 311908954
687 533 273513088
952 467 922964912
481 158 845949025
259 312 898661122
216 134 959319733
147 66 760646470
666 746 61018534
748 833 33887901
455 749 274943892
666 721 687389734
691 826 289997145
409 940 445768235
757 411 318606772
193 145 201210423
242 578 176997338
78 656 652566886
178 711 38235276
610 303 242117188
374 285 919023588
984 97 324500450
506 31 685896403
128 35 626272878
64 355 647685297
544 684 163889815
24 625 516258922
790 822 159801996
949 40 957771455
571 346 124157123
332 210 759307762
949 862 903314805
739 440 875425433
176 233 834252479
879 250 63092128
929 360 306434426
586 675 637567067
71 41 464756188
482 848 348406816
647 575 757551455
771 982 443325308
104 788 786667404
196 916 659662256
87 332 474666154
200 626 366717223
475 277 777677604
661 215 878208950
254 785 81129204
767 119 207109699
788 973 452670406
678 769 350528628
380 843 116794517
94 763 507395730
784 151 336699247
794 240 734327469
31 798 635122331
660 596 617189290
246 694 211724717
523 359 79387471
405 282 882296318
815 116 900024393
163 299 318860414
916 133 926672448
59 297 506051133
158 7 266900148
900 54 262479126
864 952 69085735
262 860 959715581
535 398 567870690
58 73 503064057
616 609 493068167
821 756 929122611
281 981 736571615
924 187 521025112
887 302 977599243
42 657 454601360
499 808 221335470
303 246 210091378
916 549 273777677
102 135 86087402
279 542 651622728
410 354 182369663
871 258 117764449
736 2 339303091
660 458 284407668
571 582 417495095
219 471 211348507
104 15 944362061
158 818 130498899
294 322 116946890
227 432 552928428
881 796 56195439
60 286 902455202
586 370 711422858
522 581 382863677
551 408 98502735
815 773 717781910
411 338 435658868
475 480 517553718
669 422 541657427
982 719 622114429
278 958 548824824
610 878 885285055
320 526 791512384
254 91 68616200
385 750 571540432
104 579 4651833
550 557 903271648
428 661 122460330
586 616 247610376
892 933 959734843
930 275 269638028
254 181 37452326
492 161 592523277
378 994 601700765
619 991 654773785
879 673 233993380
371 174 255791052
967 523 995879480
246 890 396651731
959 43 889832261
847 179 2728999
923 580 751977118
966 915 187551290
321 567 924598589
796 337 682494941
596 935 138792738
61 178 44374329
607 63 119762644
835 290 926019055
757 310 595851603
197 681 409252025
325 531 125966065
439 126 771180474
411 842 899609799
373 383 268185904
191 14 212678623
255 528 14264548
842 508 314683510
817 993 246749810
871 643 575171171
217 874 352898479
363 913 512465174
355 426 914545406
412 726 724398261
815 439 618405555
215 869 836570163
969 885 904522073
4 128 721118682
910 191 736689772
478 469 163223907
816 540 591140562
391 190 173701462
866 148 310388978
60 986 250644538
913 209 595508559
737 809 929117268
413 482 917530996
890 964 878937730
607 839 381377162
95 733 440541007
780 703 745406596
434 267 965070190
84 708 537555721
362 444 210697680
193 485 681568931
661 376 790585602
320 504 679155061
258 177 989988928
590 668 19166515
618 965 296675664
694 165 710762705
888 309 257804877
846 577 411170801
126 436 586434360
128 706 575900810
378 155 757686315
966 863 549747801
948 857 911087429
709 56 358700387
101 50 35004701
640 912 79606268
382 854 307083808
746 875 615506524
106 723 923166199
394 894 716928239
751 594 241576997
374 89 618733953
538 272 537719598
404 667 57969897
412 698 973705496
617 331 84723048
895 124 101434823
758 550 76483843
729 325 520707241
596 983 498805041
717 743 207935754
810 157 664362405
411 415 714340820
82 10 323651320
620 345 525410060
469 206 450373674
439 156 246282162
860 741 561106384
949 806 988459569
556 468 544909290
492 330 366969401
948 418 686162735
931 284 474376094
701 707 221654073
52 664 715346205
123 283 843530611
839 906 762127574
308 755 252933811
902 76 900024432
499 645 67079929
394 115 313247894
427 217 643333280
842 42 725261137
438 70 872765618
699 328 227616464
76 224 651754009
333 559 804106979
705 501 997705595
863 311 484404376
453 730 962612036
518 539 921760059
3 199 387006702
656 560 396030792
274 942 461403443
428 6 776476200
940 195 339890137
924 641 650763062
356 744 98450201
434 327 878146278
412 736 850986597
977 407 901031634
227 899 955286708
672 701 511844873
933 712 308792643
851 584 287546027
395 172 942672836
255 562 811298419
954 86 737144863
428 506 387429750
101 881 65430752
969 635 962736130
321 776 335607551
858 291 753817341
190 231 271449071
980 739 333254435
278 306 861540467
824 502 771516561
281 647 247815444
721 725 631774511
405 766 465636342
64 234 762925279
516 52 991687937
298 94 343429763
969 781 198440870
228 67 341548025
844 527 813190275
530 25 952785771
883 109 931436092
39 189 904475717
656 460 442853266
126 365 368020852
531 448 640149958
147 925 696975964
868 449 964601740
788 821 489629938
888 544 277257612
447 102 515143182
481 30 299685155
447 85 609594289
864 387 481827973
839 938 307680509
59 752 901766527
702 595 806346677
758 112 469763476
475 803 137117194
372 682 962569239
847 442 555867339
303 620 95890054
138 357 541244453
691 361 198502994
469 488 786889547
392 556 316308457
420 920 320231783
341 753 215299765
486 171 374133359
78 188 705616453
93 72 276764987
849 779 943342132
586 573 719801550
207 461 69764501
408 617 209610331
988 493 81173927
607 281 741745218
955 295 163362316
937 266 564462693
24 999 65908317
392 555 44055732
890 3 563238852
18 978 295727202
582 872 24929757
669 289 373272353
983 985 810180111
126 947 512006472
916 529 808031039
246 705 649195164
218 510 375572287
43 974 866811549
478 569 409657841
571 615 202688887
123 585 185754331
871 503 233508378
423 659 833353315
948 375 457354271
693 990 596386640
845 425 662109621
237 208 119761012
821 729 118149553
806 36 195341201
504 21 201868137
885 341 827708430
262 96 788003716
610 294 20474540
656 307 806025522
402 724 917210905
986 143 226840941
828 222 836160476
400 642 219101540
210 600 498615462
784 928 647614470
60 413 930958635
126 304 817162452
579 905 510458376
121 1000 467079469
900 159 26876793
607 16 231777714
63 68 30766352
759 688 40748325
356 568 529015090
506 101 445638191
298 99 757942566
492 367 833136569
593 47 489724066
77 173 908194855
651 943 192854599
871 437 247641387
380 90 752206407
101 829 179634249
583 546 106969694
864 795 967061635
979 388 351494074
747 654 289758659
748 238 832323418
794 844 367712280
396 564 373296843
780 700 834857298
373 385 657391679
158 777 421882551
978 543 855552338
404 907 16406248
46 139 790973382
361 794 776725958
80 936 965051486
333 424 131214618
546 193 143614077
304 634 611603220
865 118 293787401
63 948 201172051
214 490 428151270
165 198 196469639
360 334 527789811
610 931 265189091
213 247 711452924
157 697 7320841
129 454 858684278
989 825 551363487
906 553 587964160
859 149 945925599
314 276 844931434
356 69 335898003
362 505 853123081
493 144 319866857
60 226 222816516
539 814 697757271
321 87 937558478
247 962 306970210
332 499 196418903
718 419 682473974
383 162 79440531
780 186 65279116
548 180 925144565
863 748 203354546
376 20 600826894
232 320 471103395
391 976 111340615
303 870 65736421
108 778 835519662
40 866 640202931
635 797 285224270
726 98 159605485
516 717 495703501
714 799 180160252
223 61 310300177
185 525 816393814
806 138 335613174
164 574 72592564
81 827 330934851
620 607 768407106
158 416 757633880
753 605 132299500
240 921 629341668
896 927 372267256
414 220 341513954
428 478 659021377
771 589 772671641
337 82 387182128
666 380 449341935
374 552 636397135
394 841 282015087
955 715 250921763
190 363 2078685
947 908 851195888
59 237 83291190
54 205 205347458
126 802 475324131
810 396 55876635
527 120 906328136
975 500 553830644
414 754 499187286
432 13 693465152
620 586 747255743
87 714 424840933
843 614 614862477
602 767 73037177
613 166 385544435
232 636 588112494
964 84 187500441
628 160 334890778
473 45 283261250
669 516 210731108
15 835 691213698
153 300 557247496
974 683 720340005
685 213 906041390
270 599 639337082
352 858 349973195
732 601 465726726
470 244 647024847
428 610 649574690
303 255 613163003
478 666 102693556
974 640 206436974
751 892 144571169
48 81 634489361
455 163 900547668
17 382 793248479
809 230 358927967
746 347 941275319
506 315 272029031
746 611 152715886
678 48 804125015
963 623 694497331
380 851 272525929
340 474 299174152
718 393 306766983
794 953 611607208
905 653 373633527
942 479 934907866
73 110 815028142
977 817 307263337
794 867 62357342
636 305 641563710
400 930 852395009
413 452 250099565
270 992 268376361
8 343 411221410
21 53 444646526
596 898 211855928
50 535 227408006
404 669 87039130
303 362 950730035
982 944 24471861
995 662 214514305
420 314 815544018
199 183 270462109
640 167 449649787
572 665 133637094
846 812 60576922
948 450 213607537
964 514 748094707
385 175 705294884
210 269 905036020
905 409 1740253
979 845 609040036
518 430 825853049
58 815 925914279
219 248 902569580
719 75 141755766
972 519 229695193
332 926 167015044
461 34 469705781
860 655 211003865
926 597 622631438
408 123 212538051
311 545 945767824
794 447 392067097
289 853 354718203
889 932 323183659
582 453 921801558
857 477 675532459
472 587 98317466
804 57 694177122
875 996 904332696
319 408 13605607
523 484 104841621
512 270 323154510
473 491 882314071
323 11 713378628
673 521 94171417
370 954 666997376
506 207 551559656
519 340 355493536
557 22 322445890
331 125 573747725
993 384 885120265
851 79 51003169
162 371 320033754
277 245 842721887
857 963 901249844
885 71 861239986
383 638 602411387
321 558 204453013
497 740 157724085
675 537 334514516
475 497 862729738
478 608 439258101
777 78 401979150
577 142 517957163
87 279 948205383
395 420 147052220
972 127 449092984
215 423 959586690
600 113 432464117
428 405 47552690
493 121 992323116
785 412 604257998
159 170 579092008
571 235 263352282
916 253 998965704
721 496 801366286
449 861 74144117
413 476 952537272
612 451 776777246
610 980 691037428
524 378 362309941
157 886 482253496
985 130 401937659
810 658 626251822
746 810 699526770
81 261 840697118
338 88 99758790
330 352 685775404
274 793 83722955
691 117 73125678
652 472 222695666
356 880 721445909
774 92 861535729
514 649 762418462
298 59 288187401
84 83 979335852
243 154 551135920
273 713 130190455
914 441 777513270
310 836 560122862
885 784 220396422
142 742 778982431
888 397 577688422
439 164 489726861
760 593 936928831
243 865 260297973
878 893 316712997
13 265 38274344
708 271 147829313
489 132 931862556
174 901 432199778
905 200 744426204
662 24 817980086
277 819 293546173
550 868 805208190
926 975 336886054
583 824 348884051
71 897 935781836
948 218 246704660
530 227 188704295
726 197 112827583
164 813 582531130
411 216 749863456
590 211 277373995
27 465 349099077
583 326 820595173
458 518 693220229
279 674 591429608
458 572 882134475
759 702 671360785
31 27 533774590
752 762 785605628
277 386 212398930
772 592 124796755
640 903 599389118
780 728 270173932
441 904 969314142
425 692 762097579
558 268 191646245
459 201 260206091
983 646 379923875
613 722 208589925
620 864 180926889
405 745 843118419
127 46 206625761
31 402 566833628
373 232 559671789
604 313 496577572
219 49 4971274
394 946 169417132
411 434 656015624
372 602 784378533
415 941 550372841
428 169 949533310
356 759 912519390
582 296 369669339
875 563 76099033
888 576 984842004
910 202 49896946
667 761 455204568
804 196 516023330
173 389 695493055
607 551 375382010
866 699 2644601
596 606 882079625
462 849 188423785
369 987 896837786
426 26 823232966
524 511 310932562
169 984 10233969
720 732 632252941
851 672 693519151
638 828 249190400
226 489 765652912
298 774 610797376
73 780 99039930
411 530 502256309
106 111 621721379
156 910 10400459
858 515 433318652
186 524 411252309
922 176 615000995
766 888 641212590
196 850 226801858
629 417 323342189
104 879 735058543
230 464 898905702
215 182 5398727
439 945 50851936
620 298 807110500
666 618 787751281
985 4 907031580
819 541 605930169
453 820 194408071
906 473 173171598
358 443 904148892
537 782 261617199
652 690 331976392
851 107 688596572
96 548 447616225
255 392 776544438
643 789 854939829
709 264 970284249
356 604 586929628
737 969 984138007
568 855 560109577
239 140 753882826
763 621 604045943
610 104 820142751
289 566 428590401
610 242 910191390
892 470 359057599
883 38 500008694
669 520 699594417
944 431 458106621
653 764 410196419
646 390 72061520
964 613 890143697
643 804 205118439
290 342 606449039
635 257 489069712
529 456 503726642
459 137 847458253
565 39 521618406
500 710 722541899
450 288 530230882
336 150 579796977
729 633 249477229
87 622 207765774
871 757 855526916
87 998 685765469
439 950 620564787
769 278 401424682
931 262 980790841
228 483 549522734
30 816 692857498
316 129 175971498
126 228 579341357
416 771 83139963
685 696 147265678
14 630 490977399
843 738 329516663
628 308 806287040
892 153 136601257
73 433 587458086
956 934 370885344
303 400 326178617
607 632 853397010
319 660 396105843
311 775 263500632
736 399 324693701
677 446 858003264
717 887 970981696
827 77 830151315
61 971 639779544
577 414 559970957
59 679 832538217
274 336 584091303
804 513 713389536
284 554 603957360
765 239 769399066
954 937 110193432
935 859 263480098
249 324 270092331
823 805 35435455
952 716 693486342
478 95 234715203
540 225 75985574
186 637 859757684
162 368 235874964
579 967 42640943
399 263 806480599
164 241 61137063
986 51 56762518
985 896 14939203
374 995 14498868
371 966 750523848
427 136 92525429
922 800 457719033
957 229 445026546
763 846 666983570
126 678 28259308
804 495 863105406
834 486 781013010
931 366 800225652
50 351 458500716
169 12 241816697
279 517 780740332
679 956 471237469
804 339 624435652
276 891 488307765
796 260 568386525
178 236 605186240
864 462 333204600
344 689 776802202
983 410 927584826
478 64 616869906
760 603 443165385
517 961 111813510
900 889 5115435
58 847 239383738
361 293 652886688
973 522 769970113
579 571 705653271
90 65 974748854
558 364 204372230
239 192 899872066
460 421 398088059
48 251 745208829
57 832 809268587
106 737 420342705
87 651 692235056
473 583 676307124
358 321 655956807
139 680 196236017
73 403 677431575
666 58 859535041
812 19 229458238
52 8 998438333
15 369 699242041
933 765 42748335
810 146 878172595
114 356 775459275
952 459 48552662
709 670 660502672
776 292 626208298
94 374 546198470
63 438 927094023
310 168 17948295
352 122 168420648
824 852 530157449
395 960 774917252
780 319 658761206
321 404 803107471
998 349 84869919
391 914 327781188
66 786 675110733
286 33 495417868
900 344 41998847
116 427 174511192
892 923 959575554
416 837 507117371
319 358 263483624
562 141 852261994
886 372 874123295
839 997 26173858
458 972 549952800
721 977 180594680
892 565 156479411
122 323 970461598
371 731 155471539
330 74 482872591
374 204 248949539
440 591 992007139
771 922 270082552
774 695 394855712
983 685 314141860
428 254 774566171
571 629 58260950
661 93 609175375
362 401 540604064
774 709 434482855
905 223 529315334
957 212 848247555
222 877 171193589
842 811 655495135
579 406 47984675
705 883 294787366
164 876 746725905
439 902 738430535
7 379 451777939
871 760 983293408
50 768 180867006
77 791 691819632
621 249 40363535
777 968 892198517
878 1 72145115
756 108 118149950
325 152 148970818
402 676 428585738
895 348 177128371
945 318 268266513
363 911 1620076
895 917 728408978
258 988 266023382
7 494 614520284
646 619 417250001
883 951 339348646
842 959 481252409
189 598 757278189
892 561 608532090
721 693 829106701
735 612 619697973
833 720 719822098
979 734 459146039
619 429 925153843
81 498 623276163
106 114 905383092
443 333 575190602
504 395 172840536
915 929 99696147
303 873 328918466
106 823 666026920
866 457 328185020
205 663 163540844
998 394 321614327
640 23 576790594
788 377 543750041
428 373 867972167
738 895 343585119
659 274 720146591
481 671 977765249
575 252 732896461
736 644 824337183
517 466 916098176
977 17 621989400
374 919 167553917
107 280 879223549
638 147 685926325
333 221 564792709
156 475 873084034
815 884 310236662
363 704 987181876
333 588 955803364
694 834 852161650
542 62 714289345
713 831 462595700
