1000 1000 500
132 324 936 743 971 236 947 319 242 841 710 272 185 138 958 615 9 903 140 652 776 567 434 215 297 774 463 16 996 448 977 458 460 957 782 846 543 439 548 508 862 206 643 565 822 182 783 584 751 769 339 733 859 916 113 438 724 655 106 758 706 647 938 799 686 886 969 946 825 602 503 94 454 536 687 421 997 551 854 676 800 757 435 998 370 411 379 91 731 422 922 446 795 199 482 71 900 90 909 905 233 467 11 348 131 638 288 361 249 819 400 444 654 12 232 712 193 845 366 956 697 425 82 794 972 975 870 207 867 176 506 579 897 323 805 775 353 606 358 644 269 40 707 190 6 328 808 954 143 133 815 362 285 414 915 283 836 764 507 791 679 921 165 369 913 278 557 637 852 179 778 273 880 427 853 779 476 625 203 678 756 980 657 797 108 474 658 510 519 995 942 616 334 123 83 141 670 202 664 255 863 896 216 716 639 580 289 25 717 424 52 603 145 641 7 43 93 788 129 428 877 809 453 107 469 457 555 695 701 513 491 704 634 539 961 578 755 558 568 865 777 700 97 994 189 134 308 789 522 121 299 586 471 178 382 691 818 698 982 991 911 402 563 363 944 685 333 377 630 228 878 812 532 45 303 321 244 259 821 804 528 219 412 976 798 887 224 740 722 629 790 576 286 952 315 981 68 541 930 175 161 802 907 496 908 760 2 742 265 75 100 122 170 838 306 461 493 542 440 386 432 699 246 761 552 280 601 214 86 166 888 587 79 872 346 560 736 67 294 49 239 41 931 690 955 78 155 53 111 56 661 651 614 92 577 486 668 502 151 662 338 505 927 466 784 811 547 375 622 940 304 217 840 893 673 14 738 395 17 74 620 562 593 770 389 964 635 749 926 390 521 399 732 99 902 660 156 967 329 313 483 401 209 810 884 826 702 633 861 115 34 225 229 739 556 87 164 226 589 767 76 518 705 167 550 824 127 650 415 479 741 117 750 416 889 46 723 282 526 109 42 488 191 624 806 843 169 63 163 125 924 195 978 848 879 856 559 188 988 780 595 959 570 120 721 465 689 682 142 126 290 66 28 600 373 204 553 730 475 85 610 360 392 223 534 403 340 796 149 549 649 847 104 939 318 443 813 480 674 146
622 478 438900448
666 893 480613553
868 111 691062083
890 869 847429933
226 911 988706920
205 982 612730777
335 943 922343250
541 620 594724912
286 335 582945481
327 39 326074812
499 346 434583415
114 448 653983294
994 866 782801144
742 292 850066814
218 329 248161719
798 664 762473066
166 133 481525045
876 939 338568214
53 527 69695727
55 33 273828797
98 152 337971457
551 378 818320338
836 91 366914447
804 553 385483392
189 239 638122518
597 126 61877974
140 535 382052848
589 114 998951421
287 405 621893159
104 158 618549478
604 880 556467698
479 710 147530394
727 147 573427524
669 461 930070254
683 173 844048848
39 796 758827627
286 252 304868329
655 257 20278586
390 613 293385474
352 581 442983417
330 711 772000818
121 123 27610741
438 190 495817419
89 700 642522784
481 285 458764099
289 299 262640992
324 451 955919707
486 667 218218628
636 80 972878473
674 627 419816868
50 800 449051986
524 693 301190483
395 112 573017659
234 970 651256542
191 576 469153404
911 584 985023775
454 788 919610345
80 179 765493036
77 596 713311534
607 159 373974935
212 646 377137067
638 679 891162221
707 474 384993212
640 470 347234502
357 919 316403384
103 310 166100206
939 25 661482451
721 95 264127104
660 337 405589837
200 336 712979555
24 475 89274487
154 59 128105943
492 279 291026949
264 689 654295716
349 670 112624936
264 400 335961530
649 733 702632900
607 100 61123138
974 419 825016776
286 155 852026660
523 174 953432629
244 716 563020470
124 194 609430940
627 887 472766120
385 143 292060918
310 683 425309146
891 447 698736558
309 183 472247059
573 928 981463479
663 379 539874842
248 7 317309046
663 304 405102001
425 58 199400095
719 251 197952009
523 189 554145976
629 449 974301721
53 465 738788140
373 772 797917210
53 649 373514303
795 987 39068367
807 391 421394712
640 432 977940830
971 621 699172718
776 399 995022218
690 747 206546748
398 550 42302793
860 350 787070588
842 509 934830382
604 481 309251291
191 929 219804235
805 265 848569200
196 192 670106361
432 66 582132222
107 385 633610148
770 851 91549304
677 128 389229386
386 759 991538164
921 321 682388850
192 367 20110360
22 666 446541254
958 590 595841384
316 1000 42913385
548 720 670615743
657 6 722808495
399 702 836479291
260 984 566590704
310 248 353551530
627 60 150131659
829 13 995480977
698 917 659508416
468 17 420359694
369 457 507524537
135 915 526229639
589 360 641382154
236 77 919247341
687 373 824403488
662 34 48091814
971 965 332997745
110 549 103906194
698 129 517556916
888 452 476738313
563 994 777526016
811 537 300223597
355 136 441873792
835 861 84762841
418 949 153249631
738 200 401765860
746 482 804168000
352 407 419868834
103 731 450971568
438 697 248775201
286 76 791453957
523 817 130219600
129 756 593974922
314 366 306112575
286 415 578643373
399 332 166670259
976 74 130294742
616 645 950036572
288 124 259736955
382 511 235094405
179 936 778374161
738 237 40715596
689 908 771085053
925 573 80645498
37 8 765120621
872 347 590444511
683 359 848348091
529 468 561027447
559 477 556030528
61 648 933255766
310 652 474530799
600 230 154558545
604 671 682114169
921 739 690960993
755 582 30517009
379 273 764261250
911 803 765996514
860 444 589261421
418 622 387845459
327 644 321742296
958 484 247937714
731 372 468154231
294 775 579170851
225 892 930975305
710 19 947386273
859 899 17418926
390 206 712966124
798 115 547163684
476 624 617280515
39 505 669754609
425 259 276650267
745 42 77832719
690 680 211267190
86 813 542521039
366 229 662544392
968 767 407367949
130 208 157941901
898 493 690432993
506 469 388373005
173 403 789006182
352 498 419977719
635 161 660192275
536 313 672391588
226 231 865946828
89 855 320791207
701 935 838873032
632 518 811904914
490 831 363946434
746 877 180637579
498 513 487410485
86 495 62040162
506 578 966320926
79 656 269214775
115 479 56479096
289 780 89443253
683 218 337609322
367 68 120125509
770 433 87246005
170 238 653842375
798 816 642234208
804 120 170157666
138 322 12840178
482 357 455918598
505 538 544187615
657 781 364594179
179 249 747284591
920 28 639743117
921 623 898916443
700 201 399275462
950 172 140664289
49 408 913660846
822 916 965939496
158 187 21237123
523 653 974980537
663 102 919846675
631 471 174961143
791 829 922277607
275 569 204719431
597 502 991696036
657 300 261778744
326 998 165941671
620 103 610761517
855 889 856521047
303 221 625677367
674 637 386618628
76 633 868714737
152 678 88177466
167 900 553141237
862 924 534326875
633 815 586871459
144 828 170731784
763 951 818585512
82 413 617465223
171 713 502905065
808 422 324204810
188 605 910344916
103 714 637795739
723 4 332429271
318 661 10659382
844 440 288441670
665 923 324381814
610 628 409528305
844 442 607301016
564 956 36563114
110 896 889129960
833 762 89561450
604 11 220031341
397 501 855142263
855 850 470568559
243 556 340921380
245 178 588495179
912 489 563707379
573 601 56973957
632 957 850634104
725 777 634308698
560 952 979133292
666 351 416562516
180 560 952126931
839 955 237198187
547 410 778433379
741 675 76136065
591 564 729155223
40 741 618728514
878 214 541249869
526 308 861830535
55 236 915863086
306 868 424776439
141 35 225845759
545 483 934364617
623 30 138237328
641 546 569771475
309 953 117757224
92 989 154283561
158 992 233693617
354 436 442177962
610 14 826107856
78 272 191637600
163 727 51146996
982 730 510382961
107 575 3969659
824 439 916103025
698 797 317453164
673 722 8973655
159 69 228393226
815 38 846841704
319 963 965238946
923 127 385809416
26 256 673451847
55 945 300144623
758 832 53041950
753 67 310101951
978 363 653011836
895 515 115572022
607 37 725559947
100 339 431960880
369 958 148103742
103 24 73065693
203 361 508150616
482 593 851937633
976 163 725591664
636 153 741513924
423 316 719450395
842 418 503566579
115 3 431403818
899 261 57026874
252 138 253723632
102 921 460975221
109 566 899980640
23 125 70485752
470 748 840966406
256 151 615725764
579 434 1898817
288 993 280170982
389 750 616583774
79 634 339068855
700 500 808332263
166 726 185939854
609 602 430291251
164 107 721351475
785 195 672711150
491 794 244194939
26 944 784113389
565 210 208658233
352 303 54126626
53 763 493378224
516 966 497947250
838 894 522385133
597 665 534078205
203 521 151594270
565 903 456890061
832 374 853577796
50 202 539694488
50 826 681522620
586 824 784702302
200 10 110214545
719 226 665721251
529 610 789319140
248 154 988200693
389 293 33510158
294 349 602389859
612 512 337021289
663 694 385751879
197 117 769178755
736 728 821726848
832 559 821954442
817 96 716230082
908 770 81559422
387 827 615337064
67 462 909787828
967 820 966575295
518 617 359810218
989 805 386958956
89 909 246653054
628 197 161456287
459 849 165663624
954 884 738318110
410 262 257165342
552 244 702000024
497 520 513436790
236 40 422330981
734 171 675835342
141 364 178832500
287 629 281560700
699 757 702564965
635 401 368635371
372 139 41780877
826 630 405449367
239 177 302424098
77 232 844959299
156 467 59612175
579 586 611928621
828 409 570456069
464 222 571026957
94 414 449509038
37 971 936611459
53 196 725104184
317 223 814292419
547 742 915299760
75 371 169359603
138 29 579917013
747 393 224975956
114 54 521152706
847 46 617300146
375 284 502800588
592 766 941804513
998 774 790619153
278 878 315034877
454 2 153777779
144 786 661995854
134 20 246554642
886 496 325821420
811 552 939635474
65 980 645588061
565 674 425140842
638 389 506023246
910 660 548960043
432 973 503173408
393 49 311149001
949 109 540707112
770 721 890406125
190 487 556284900
386 437 164185350
479 188 222027295
882 536 448949929
399 802 990247956
167 779 956762001
673 446 194545468
855 972 738560185
286 524 812992510
702 981 937282777
677 98 543665012
80 979 304295326
294 323 849602946
710 315 924511113
719 381 931834248
842 882 237273148
997 184 297310205
108 825 850340119
610 758 504857887
130 673 792922815
428 778 461423102
982 848 115420904
471 344 392260449
734 79 761165444
574 298 967620446
671 554 164531768
200 334 22076339
707 131 112450377
335 600 958250737
35 804 520564791
673 22 928693177
129 167 93502145
399 233 939476420
802 64 620118067
182 224 691521925
751 84 255936139
285 990 61340743
506 78 888729643
437 9 515719836
344 557 637349043
745 631 755866264
413 789 708293927
758 135 789294264
311 340 17311053
252 976 160091881
692 47 247255837
529 213 368767255
718 754 570586225
600 843 370063158
715 744 198707225
304 464 730345931
950 268 301631968
233 905 331244765
580 686 350782752
450 839 25711560
310 441 727276941
132 32 53413146
875 885 55220152
491 318 153232595
506 287 252402373
86 737 834837454
949 282 739856454
103 751 558105061
256 71 423559558
755 913 21473459
649 753 849657169
549 317 546649107
763 56 569285801
628 735 422838053
616 255 996451395
72 108 622788250
613 142 45386787
482 425 79229925
671 782 65820690
304 681 822048723
124 445 463721122
18 370 390101594
710 922 973676455
778 840 113445871
709 242 598953034
130 320 913799495
574 362 228447591
130 859 492683663
159 193 773990846
372 704 94716132
182 358 759629950
523 940 694144727
10 454 800719874
372 986 293743285
325 999 129784042
115 144 325788070
588 768 615600992
902 662 264951606
546 63 635463214
310 423 547227658
631 314 469373600
546 684 727140486
755 764 761203638
614 784 384787608
9 871 813728155
636 609 98610683
647 615 942839619
42 289 44395024
674 616 755287254
123 283 537726007
746 961 715873474
34 16 753195572
706 260 815468511
736 632 697782627
253 514 480573482
78 725 876723735
604 5 157078626
234 169 974711624
946 812 904219870
607 603 23194916
692 504 419847751
490 398 284012694
524 910 527202758
844 653 733553014
652 526 850281112
497 765 852516674
310 876 431621108
24 104 595043809
976 669 71739395
107 604 729261586
7 476 571940847
555 18 766854686
594 636 377532705
523 404 250945903
273 342 882891511
840 978 818746941
479 933 183110937
721 585 331158305
223 307 837808931
227 295 573282049
717 650 434156766
609 875 112196780
42 327 275959984
750 651 782428133
292 523 596283679
974 356 576536404
864 834 839708464
855 808 421299472
776 806 79246744
516 898 141558157
645 845 976218363
767 897 867656846
706 657 106090663
461 856 423867247
533 118 808434828
629 383 538318070
130 870 740964903
811 912 162442299
803 312 851467903
715 792 966102130
553 879 937034579
821 186 752458457
8 703 996782805
551 823 699844376
382 36 371033018
78 48 357967742
616 946 22423304
454 691 201376842
927 507 64096936
794 75 460302217
956 443 559697656
710 411 551331611
653 331 401574302
794 137 467790269
498 902 617507847
83 592 24935409
773 459 914908784
559 577 855917890
524 567 915369931
913 203 190665837
80 572 786286131
437 579 296713534
636 598 77866913
491 250 77559517
978 761 790201261
50 353 932562603
390 424 231327435
594 278 761552371
120 377 198567205
957 807 709861349
437 343 450327851
896 773 881189306
774 494 430763048
962 134 74815500
583 296 501609345
570 93 8897999
2 588 704148050
620 534 880513889
506 516 823542989
306 707 727455628
846 799 538303285
635 625 391674141
738 719 365594705
603 355 717525864
750 61 778576786
919 170 447799836
641 931 72207424
128 240 144869183
110 519 182762902
735 907 882232160
525 463 58145658
597 387 344824717
148 597 949900664
437 690 325798662
998 140 911394631
465 302 156218539
536 456 607554527
495 165 756101390
361 466 232929518
234 150 928494532
117 696 1846389
24 838 763898170
774 215 895699139
110 503 554657213
309 995 460909742
604 619 981495365
272 92 248946007
780 841 754724860
504 533 177582920
129 890 862818211
103 306 305442734
479 148 251175271
278 245 1310531
551 81 801809059
580 294 407198462
417 558 123456629
808 297 907362818
287 23 26198460
785 801 126173284
78 55 675555882
509 121 59544993
319 264 63886126
452 253 173099835
976 709 399772407
166 647 638720889
208 455 685176504
730 540 323551658
153 228 424134141
503 991 18464019
446 247 989080061
56 216 659436370
196 638 592420362
658 906 529321687
437 809 50589759
528 937 485426953
921 611 345671777
636 110 731768987
704 706 120592071
818 964 463905334
974 927 994917809
491 842 85895033
683 847 415475310
719 490 700635942
330 580 778014739
927 858 546432859
628 846 103839969
979 895 862647080
854 934 140315741
406 883 137010979
33 345 366254094
425 480 157708871
684 426 913754915
622 301 909429319
10 181 705686242
418 791 810478041
776 918 394458439
725 872 609391434
757 185 1160581
164 352 841323658
764 837 161133512
361 930 690884101
42 864 846152991
603 116 426742932
245 734 569303173
452 309 408295613
719 325 665991517
976 266 347295672
100 755 240270862
123 749 719042313
682 830 295194872
438 787 93561180
794 326 198746151
294 692 199250569
570 836 923124094
534 614 277287404
338 386 518979233
782 149 689314072
738 947 630414892
533 44 892761044
844 395 924348758
52 384 852536418
457 654 952022778
324 82 976672403
699 99 471826542
704 157 12997240
327 717 314811238
148 881 883102053
785 288 299303679
136 160 405834859
640 698 865405650
187 402 904424767
294 191 979219177
393 486 577021357
194 988 615196193
386 873 699466424
104 835 151995213
203 522 38890598
222 428 882905077
473 392 697002682
817 146 633587315
918 517 361790483
665 368 424593512
608 643 143759435
759 269 540162622
546 274 139216659
270 555 550151193
687 164 401400059
446 254 403234874
714 852 863674628
816 641 104034866
795 65 856829282
929 699 439808921
278 568 972020258
524 612 114307102
314 97 403485119
462 267 123565802
776 235 481782278
474 562 186812761
962 162 748771105
620 736 378590328
266 113 341672211
298 492 737689599
330 539 136135225
801 354 471434917
627 375 304883695
470 227 131075712
860 886 233658148
636 563 577136799
924 974 943038257
2 530 715651387
745 541 295061863
107 798 182999108
808 473 24670325
76 685 964327368
603 819 75023965
40 983 700256369
837 542 16239120
751 571 426571624
390 718 74381137
751 752 645677169
743 548 356610868
588 867 213031653
62 529 621022743
53 286 667713789
547 243 579666661
516 618 572607181
310 570 541078892
550 941 288740833
516 544 679552417
245 565 67836733
327 783 462794433
140 833 312171230
158 545 507766580
693 740 563123154
724 914 769498049
622 246 913764142
620 682 937911554
304 43 568879740
736 15 284680171
624 985 601673086
536 219 792547443
286 795 941115595
821 328 798246679
37 729 275802680
278 89 941549086
459 175 147390124
533 458 664250108
180 311 128251301
518 658 52813877
344 270 960854505
751 769 858703130
745 785 925610795
415 241 167827275
417 180 638258100
192 599 377415872
904 977 63575170
471 997 358963615
858 396 693891615
591 531 851636360
272 811 97389547
994 453 192603019
713 207 825288400
460 380 487283804
594 738 301873410
626 814 684050940
687 105 352584568
888 488 988109913
616 406 657350361
798 86 679833133
153 822 171921431
682 348 56837782
438 281 52499962
578 472 695100271
353 145 366354831
330 491 739659412
241 427 489168368
665 844 968163370
913 932 159073531
259 959 555011586
602 857 693188746
270 960 132849490
393 608 249149672
312 26 981608377
56 583 906411388
571 416 79631468
426 810 808561929
245 760 352187817
357 668 345809533
828 712 546435775
264 948 570674217
610 950 983850276
339 561 659624465
304 705 217080510
665 723 722697551
928 291 178460419
55 438 601143065
599 821 985678829
924 41 325840082
107 290 65635847
937 70 327088986
140 88 658947075
659 420 684448883
827 532 657317802
856 271 889745520
742 506 740037627
278 926 840223580
862 677 779022131
2 771 581161041
470 319 991112090
526 901 84203789
745 640 600179011
527 234 311471018
272 920 664495403
222 642 710906643
107 862 945885023
962 51 461734532
573 938 631407020
372 508 18208449
7 672 558988853
138 205 246336280
248 626 560065331
335 962 464921179
839 525 341856135
719 655 893151372
230 176 707582499
55 888 863521581
592 156 328865014
4 595 23102366
924 743 26998109
137 429 207742698
973 790 748556020
389 543 411770438
801 341 39680659
747 212 96553467
455 715 167010013
299 21 972150470
502 211 929859551
352 333 831758055
53 182 889793564
622 860 291465485
330 130 798332045
56 510 693261889
94 497 654467999
599 589 747641922
632 701 681803824
110 258 504148657
962 388 8838217
734 639 724176137
882 659 391887087
322 996 788030166
314 975 96923474
973 551 894944929
200 412 46845247
860 967 551738515
230 72 901605318
390 397 144035813
233 724 447424524
422 204 223017968
636 275 973858401
948 305 696403289
604 904 924322124
755 50 282568863
201 276 723075595
415 87 558834189
904 382 959646345
273 376 303499286
490 925 694478558
876 101 395892436
89 27 955884769
86 280 833958161
164 53 762376793
887 793 829222737
773 865 366541815
794 390 992771371
432 854 228049755
594 776 28292417
898 73 397940318
785 1 698206328
616 450 675940505
552 635 794082026
22 12 261063415
94 435 520716795
100 166 588713239
77 874 281273117
99 199 146274412
574 83 706537438
458 365 292182222
289 954 220976607
102 141 521085919
973 708 938424101
70 969 17630912
357 57 966451079
840 942 999260501
138 217 538174967
548 263 189807130
115 94 4346481
874 220 937465955
8 119 953696735
705 90 104207657
856 106 6275138
876 863 339924752
706 122 730937450
455 31 868929982
78 62 300262605
738 330 547771250
373 676 26350271
236 369 584230290
632 499 773900079
361 587 26296645
103 687 814987087
888 52 272282533
144 591 41322411
633 695 914947559
763 606 332108963
986 198 510435019
539 746 337583158
631 132 358749803
745 594 565675216
471 168 729667963
63 460 937028788
327 417 935827711
141 45 837785177
128 421 983346128
736 607 48067978
191 209 761819357
192 528 814790169
620 891 734124450
114 394 699011761
787 485 471882707
399 225 764688892
594 574 732682020
162 431 187486028
530 85 336968580
275 277 786959173
491 663 819920713
272 732 880369351
268 688 950494048
479 430 31261197
107 968 788096906
24 324 877349981
503 853 106908533
200 547 225819081
594 338 964011395
429 818 423605186
