200 985 30
188 133 126 84 44 96 28 33 115 37 92 47 192 27 26 39 177 141 52 16 147 6 31 3 76 148 79 165 110 12
129 66 416424957
181 58 793674107
124 148 751673331
80 36 270042995
188 177 44221051
9 125 687194137
9 169 483700821
8 96 463733846
110 32 967740447
123 2 906774548
16 199 371855415
192 174 464274481
111 70 668075209
12 62 804204717
29 153 660718288
26 141 35719235
3 85 648992332
17 55 751062335
123 51 231743641
149 47 423176600
177 103 492109862
188 15 620710092
94 39 936544111
197 95 727929949
21 134 227792876
78 187 607630531
85 48 266316459
118 19 485181162
164 30 248449001
194 93 22604911
88 141 416558951
38 101 731344886
87 124 274442244
45 112 396951981
48 150 548180204
171 92 620701872
197 71 378720393
16 132 561802873
70 73 298402050
73 6 384475494
13 190 375140315
18 41 822508243
26 1 518222926
17 167 364913087
17 131 2936119
63 87 495854309
46 117 326641038
15 27 751248682
15 183 621571432
80 1 436781135
4 99 307366945
126 50 49178866
99 10 543477901
26 36 906336251
196 173 381232933
134 65 998380955
182 4 766695718
21 91 855285369
43 87 15552504
17 14 994026511
112 98 977573376
139 57 184369748
177 23 375694107
148 154 314679705
65 109 434549359
27 103 766215996
85 199 630738291
95 113 734530755
133 60 565658821
111 121 391394202
145 60 857090486
94 147 889089128
190 72 165527345
24 13 542813496
180 7 519079798
190 158 555873219
94 97 455807166
196 192 516878337
44 107 852966090
149 120 619315851
42 197 641809807
46 166 87401037
158 35 168960020
133 145 6452446
182 179 155034038
100 17 708586728
147 126 59715755
175 25 606253627
157 21 499903949
166 105 990339033
31 64 165331303
74 29 670388445
137 165 972711853
41 53 840227522
52 49 771630643
136 54 994957303
64 189 453909017
75 122 959275484
68 25 422430974
130 33 570949487
77 15 607982392
124 49 288758290
188 178 543446400
186 104 48373497
105 76 742810411
184 22 136976658
98 61 812134938
14 131 655873320
74 151 860976556
3 54 236688406
160 178 387915180
7 160 365603317
156 195 31507140
64 133 788316079
19 128 418909017
62 185 49143394
74 149 293733218
162 76 480626746
132 108 955993120
10 131 638289600
40 133 872022608
121 7 709826465
19 200 115521242
63 52 181453362
51 15 488412889
59 53 15466721
57 42 274756410
110 61 851748403
7 6 822392207
151 29 796060824
22 13 767753365
98 147 177583040
151 120 730526799
2 188 92646669
102 15 188543226
90 180 326618199
103 8 244474402
191 137 804705457
137 193 335835151
117 162 764067480
107 163 836751898
188 102 674685376
159 16 26215475
139 155 325411071
40 189 302800990
87 115 626183698
11 120 475665566
39 129 733854244
143 137 911446068
177 183 280064194
115 148 68949718
61 32 602921854
75 157 608475528
138 26 137954761
43 63 854525968
10 14 557880410
100 14 833216363
165 44 42336707
134 91 396064565
113 122 49036401
6 2 843434529
60 28 89960519
112 39 770391467
184 195 774026730
130 37 645277780
179 100 94327097
136 132 311290532
81 135 522970528
58 182 840086157
193 59 384607056
158 104 50362421
109 151 687754492
162 33 59074053
82 124 741881278
25 106 799076142
128 57 20330038
104 4 158356363
189 143 308814137
167 172 835433598
112 94 487809937
7 123 508180093
18 44 133216393
139 128 366071642
140 27 776992012
193 44 940039971
50 31 145068167
182 10 308721268
36 90 84810857
164 80 86528664
56 156 306722073
153 146 158226469
107 173 702077146
172 198 205911518
124 187 618189958
71 89 580175825
85 108 456016446
99 100 640420011
179 10 950834916
24 22 190898259
28 92 83434762
178 15 338246818
43 115 704556255
143 28 229361755
185 80 311793683
20 93 605657978
175 106 311961936
65 74 454786199
44 41 469841228
21 93 968083378
54 199 168490148
199 48 724985309
171 18 579506617
198 139 516217243
200 68 953120851
82 87 548126817
57 5 414946947
114 127 79361653
25 197 215740712
118 128 684755809
1 111 488070592
173 192 863308726
134 93 499595074
194 65 682757156
52 124 866610736
86 162 729122184
91 65 445756823
36 111 667107080
19 57 207595432
197 113 614387596
41 163 671886820
109 47 503751926
47 146 668781816
100 168 400618643
183 103 671628746
45 94 567984499
158 72 307164539
159 132 635976086
106 113 653126537
108 62 205194924
45 97 349092006
122 134 891145297
176 11 219541704
103 81 324359163
143 171 969431263
38 169 911479745
89 157 345050165
133 191 600420377
6 123 884628931
137 18 504869408
7 73 935905085
69 136 97742543
181 22 172554336
101 125 191626368
20 21 736956740
140 103 102487829
1 141 146087266
106 71 753318943
12 185 255746668
145 28 173789634
45 39 253184100
172 9 194349390
56 181 691235069
2 178 217524249
30 26 890634585
185 150 103288447
14 167 573194423
175 197 236070638
193 18 32861510
2 77 561563326
127 89 481789747
153 136 961127621
19 68 244436941
33 43 61459788
15 177 232923869
173 86 315754009
29 69 139351435
69 153 581359426
126 66 514282975
31 133 173685323
163 192 284018969
178 140 176741945
156 22 43960916
146 3 40780417
32 67 334366256
27 8 468166344
75 89 21675116
155 57 263724067
196 46 618898061
98 129 391134017
183 27 462462037
176 65 621615354
111 180 991776065
104 179 933145990
171 193 394065661
147 129 481821510
33 82 227938905
16 108 4868145
84 52 41145908
166 174 291105854
186 182 607082194
173 117 769006704
12 48 398079916
44 152 395824392
171 137 581110090
66 64 253581049
124 154 307818595
61 126 720364424
116 73 786122495
24 181 56628106
162 105 930189856
92 59 483866093
88 111 848071818
57 68 426877868
86 105 643833498
196 86 16134009
126 32 742822716
1 36 700084070
155 175 997828596
86 174 930908315
61 50 909563704
60 171 681859192
137 92 838971982
125 19 249953079
74 109 881710090
55 167 433333073
15 103 330831786
99 131 673879926
102 140 821060233
79 6 321467553
187 83 849089679
93 144 131799654
30 88 667493507
166 130 112944749
96 112 912735269
11 151 492805479
189 133 958074084
106 95 277475569
124 78 978698382
31 67 851549559
58 72 500781806
185 30 460108789
49 187 841097994
77 140 735313800
116 6 568693266
109 29 859977834
97 110 448302665
194 134 563663153
116 79 700326285
97 61 837718784
88 36 799394161
63 78 735075649
128 200 524398223
165 163 773380503
17 168 763785726
165 59 887184498
1 90 949404925
18 59 958977744
181 190 576069467
185 26 703936117
16 54 650291129
190 104 244318033
126 64 786243978
66 31 846712054
122 194 759795718
69 3 180545350
105 37 764606545
5 175 562872752
195 186 703552460
92 165 120070004
80 90 171169775
8 81 198093833
65 11 43463371
79 121 888875786
77 183 360893153
65 144 535775706
58 104 975872329
191 28 716825225
167 34 588709854
113 127 112213705
150 80 234253934
151 69 444557100
37 170 121006505
174 37 774441205
48 164 49039200
91 144 790927550
37 33 906786782
53 173 860630961
129 110 467561155
66 40 991531894
28 119 523056969
194 91 937351990
144 11 518705421
189 145 355743025
52 115 236538442
33 84 385835610
117 37 78040081
119 171 133235644
163 196 570503234
48 30 185329475
63 115 379291585
25 71 942063451
131 55 167981558
81 45 16410751
111 79 362135091
118 200 549873721
41 107 732815379
135 97 674204540
57 175 637184959
182 35 997567782
29 120 395981413
115 124 432445326
114 75 847293214
68 142 130932855
143 119 346845018
148 83 511513256
175 142 790657732
66 32 759619945
35 10 207863799
186 72 704280526
6 188 445475913
108 48 479686289
82 52 179724132
179 14 874917117
188 77 732451929
133 143 337347112
125 128 123043647
160 102 760610478
120 146 928567519
78 148 322557593
142 106 937293662
160 77 242432761
28 137 383321669
75 21 618820013
186 35 338540390
102 27 974057339
53 196 908014672
176 144 134853726
22 158 371760359
23 96 161867649
126 31 12389289
139 118 723362879
54 132 217862351
136 199 489389216
57 200 397906743
107 53 522777121
118 155 785774815
65 161 700939515
34 125 906830228
175 42 704026215
55 172 73254478
137 44 503696373
78 154 153236398
48 62 312919310
138 36 207293876
146 159 909642944
32 31 538423306
68 175 788607305
72 35 578086668
185 138 951207373
13 186 944741565
63 124 92439797
131 172 553760138
66 50 301748591
67 191 79585381
172 38 655328251
184 181 550062157
1 88 626550579
174 105 549312589
113 89 458077829
58 158 999807461
35 100 457795089
95 75 896426172
122 20 349855002
33 76 29125103
134 161 987351602
162 130 810609061
194 176 363992325
46 162 559955361
81 112 273516903
91 176 67759082
18 107 721648473
100 55 733278547
97 129 986201826
98 110 402572933
36 141 172927390
67 133 987826659
157 20 531224901
102 183 178205092
73 123 380487128
22 186 791788624
92 18 369987409
81 96 326329247
192 166 979244651
135 98 286620153
146 54 827754224
156 181 342933979
131 168 334571107
48 185 217287448
199 12 327945312
115 49 598369255
174 130 433711401
42 142 147445993
73 160 188292371
195 58 563674339
145 119 697579128
171 165 670033501
182 99 97643022
104 72 290005711
87 49 415009528
178 102 270244280
180 79 841083290
180 121 276243699
120 69 141431803
132 199 397153318
34 139 226916331
43 82 402663735
35 4 501661502
14 172 570622733
38 34 995184181
41 196 773553716
121 6 765021019
50 189 453495581
128 155 62248695
176 161 244471095
104 35 951974973
160 51 633030820
92 44 890226192
5 142 9134912
131 38 639601741
169 139 55198143
160 188 719133007
51 102 219626469
70 121 890706246
95 122 68614808
55 101 124214185
195 190 968978178
84 87 922204171
190 186 489564779
117 130 232681168
198 19 958837773
192 46 779034307
155 5 519125993
123 178 242313807
53 192 801707986
76 84 529868049
174 162 688538514
59 163 621403806
135 147 339845717
47 153 739231389
92 193 497569086
117 174 639981311
95 89 460918227
142 95 709619355
193 165 990780725
118 57 712569717
139 19 755433537
109 149 469282040
147 66 665969535
72 179 558950743
169 128 835896768
51 178 819636105
14 55 208870169
183 23 492875290
125 139 468461922
155 200 693318317
150 138 519347289
179 99 52639977
177 27 241517651
60 191 678492231
150 1 314560699
196 166 867505341
88 90 102912605
59 152 470048502
192 117 131044715
115 154 532728193
127 20 773484386
93 91 801134593
71 95 131668668
168 101 85096885
96 39 380898591
31 189 955320912
94 98 116606086
123 188 549020700
145 143 2445888
97 98 611297843
153 159 494407173
114 95 663353004
172 34 218107366
184 24 405600928
23 8 450424827
89 194 333682873
55 38 750483350
39 97 656754178
105 33 983499257
158 4 57853149
125 155 840167554
75 20 232171513
122 21 126709881
141 116 303406564
6 160 867755453
80 88 855107527
67 60 602578440
191 143 915354641
144 151 658701655
130 84 193881402
141 70 296205394
195 22 710929850
98 126 515863799
42 106 633980404
110 126 377671833
106 127 407187499
95 127 372185857
84 43 519514018
90 70 611204913
136 16 821396776
141 111 57884660
156 24 996362064
135 129 101692081
54 12 69778009
91 161 732959646
181 195 851616656
3 16 83095881
127 157 837393697
80 26 173287015
130 170 462430108
91 74 826353449
61 31 79667768
170 84 987827042
200 175 818074564
47 69 363395591
200 25 255311653
43 52 953606498
47 159 657908312
89 122 766562566
37 84 321154071
198 118 401291545
197 114 946295747
130 76 108604103
150 30 694997759
69 159 670088576
21 176 732878887
148 187 752446119
113 157 289604523
200 5 500393860
170 43 557196958
42 114 779356943
74 11 853823794
78 49 456789286
140 8 804822503
151 47 971446262
121 73 233434320
14 168 717345839
149 153 526923820
149 69 196566476
179 17 744951151
49 148 910795597
120 153 835829432
140 183 283777916
176 74 173286600
116 121 266173487
180 70 52415527
25 114 642345324
200 42 91219917
56 195 507029892
108 185 824109871
62 164 527373670
120 47 861210205
37 43 276006739
73 51 890940300
44 59 956397140
153 16 565577482
64 67 848909697
26 90 333297059
81 94 842398870
51 77 77951773
72 99 949850147
35 179 853255178
132 48 735784778
122 157 424613770
40 60 325194921
79 73 711986154
153 3 721058437
106 114 736029995
76 43 365889693
134 176 252081408
149 146 346869515
169 118 490560184
4 100 275070161
28 171 747234680
56 184 391318183
103 96 557775061
2 51 315628658
30 1 966865917
173 46 214211065
164 185 138851697
78 83 194269771
70 116 523294641
10 100 979164230
144 74 613669714
96 135 476273574
115 78 750508789
162 37 633959938
125 118 927949523
189 60 923163490
46 174 122827203
138 88 508665181
127 122 441064442
62 138 730716033
146 16 59977651
138 80 697171498
20 91 643175548
165 41 671493059
129 32 220812810
64 40 856353374
68 42 87227229
13 104 339656277
9 198 777474034
76 82 948865298
142 71 796694511
183 81 366265964
99 17 448810436
35 99 914094066
9 139 394308938
141 180 459894543
62 150 722534189
64 145 515735301
108 164 618685590
32 40 250410570
101 34 641172129
156 13 74048152
53 86 172973017
42 25 357126973
50 64 726463805
27 81 265688877
5 25 287418506
15 140 589437485
178 77 645433179
135 39 758523891
189 191 862190423
163 53 970255568
52 148 673634365
67 189 313150481
197 106 54287046
119 137 570842583
105 170 797772426
107 152 327502242
53 46 971376135
167 101 499799089
132 12 668690557
173 166 49495283
152 46 105012739
20 134 175472768
161 144 133970241
56 24 929627644
147 110 106525150
7 2 907879334
50 40 208066687
60 119 833941274
46 86 136475277
100 131 922079276
25 142 531912295
161 11 947824422
181 13 406820719
34 198 407884241
86 166 738841364
62 30 594181927
39 147 969925310
161 109 581495563
145 191 994025500
103 45 565307854
178 177 39659090
123 160 387009093
169 19 242246779
21 194 787097175
73 2 747436983
119 193 92989970
89 21 969675298
199 164 650679475
154 83 322364423
102 177 801052310
144 29 714351379
199 62 578211135
77 177 722200288
155 68 24179667
11 109 316877061
54 85 709503227
112 97 208012832
166 162 981802401
12 164 130739075
70 7 936429114
82 63 930737536
11 29 844620892
79 123 827983238
195 13 859019816
59 107 271094036
88 180 335762568
5 42 417367746
159 54 662654899
186 158 469835009
32 50 125772129
97 147 609999486
169 125 698987112
143 92 505664873
114 113 382450898
163 173 735343328
84 82 16149638
170 87 107942069
60 143 350672891
40 67 637527305
52 78 171265290
2 160 537782574
116 7 445630412
157 93 261265160
49 154 5439928
36 180 57319360
193 41 888497956
67 145 897032154
44 163 94805966
128 68 167421291
68 5 144783147
8 112 916300844
133 28 173184855
87 78 222284995
77 102 141393486
131 167 19633131
174 33 516885100
105 130 570045524
49 83 289792478
154 187 640223743
127 75 952959831
86 117 235556094
82 115 984014811
121 123 481282826
22 58 22503609
23 81 273181120
157 134 11112663
8 45 334549889
89 20 225567966
161 74 694933518
85 62 526842397
51 188 688198361
119 18 597108624
152 196 685309251
168 172 189631107
71 127 329357338
47 3 13769437
144 109 435693624
27 96 75513160
112 135 834579999
109 120 533936832
20 194 201109918
36 70 847926461
85 12 941077673
93 161 585128472
164 138 477731920
33 170 959909101
191 171 611071088
101 9 288820285
72 4 98837845
141 79 238070729
183 8 795109641
87 52 579244081
12 150 837240372
168 55 283512092
165 107 219122619
198 169 683505527
18 165 994134062
19 155 541450637
39 98 961983610
107 196 456882746
129 61 520337210
58 186 636350203
59 41 328846036
191 119 196563405
76 63 966931531
163 152 883441019
90 141 480920715
184 156 76907017
136 85 73115669
34 9 537096839
199 108 772212944
161 151 780641825
108 12 108944107
29 149 755308503
79 7 752167614
38 9 902439376
152 173 978604818
164 150 961162871
32 64 849622601
71 75 480825864
5 197 888944669
27 23 528396986
40 145 722445101
147 61 139685017
3 132 126204639
16 85 584293540
9 118 226861348
99 14 282120822
96 45 488735700
168 167 626031814
159 136 806310373
159 3 510324761
140 23 200469145
152 53 390005590
94 135 964582718
198 125 721498883
113 75 601149086
101 198 684068878
11 149 65212458
69 146 31276263
28 193 571975437
114 71 627866487
110 50 441533514
142 114 520253951
168 38 394226011
158 182 165097034
172 101 794814278
167 38 390536973
37 76 27431011
190 58 172511675
3 136 9602689
45 135 138389833
157 194 75160130
38 198 515165022
10 168 386040247
24 195 794775022
61 66 467244978
13 158 197157260
93 176 478811370
101 169 533161828
138 1 309529279
6 51 589929599
70 79 392782637
150 26 625034034
104 182 985727683
170 82 800772265
84 63 928034137
13 58 974671574
96 94 680943754
41 152 769755323
26 88 830682220
151 149 531117020
119 92 338098244
170 63 207626882
50 67 697016323
24 190 471429663
142 197 234464039
23 45 833746252
54 108 36487660
39 110 150531528
152 192 920292780
177 140 881847633
167 9 21478064
30 138 465723325
180 116 108000762
166 117 637605565
117 105 709348541
110 66 924739721
128 5 716624229
31 40 879443784
34 169 206157543
55 34 649381669
90 111 640724725
132 85 697830643
120 159 463468576
4 179 727352123
93 65 780729720
72 182 59092975
76 170 516566279
192 86 299299984
30 80 902265423
103 23 117488146
10 17 722828173
4 10 259834399
4 17 49314834
121 2 608003914
23 112 336317091
22 190 837768996
8 94 556768901
29 47 72661823
71 113 412057748
111 116 121977009
129 126 421259875
146 136 619462701
90 116 750521684
