800 1000 300
110 709 177 1 762 734 411 789 269 101 281 373 394 400 301 39 209 216 458 713 720 397 124 30 23 639 623 368 129 128 203 103 700 742 614 527 784 255 71 599 57 532 300 138 704 299 666 629 478 500 170 49 564 737 534 678 451 469 593 470 570 221 335 385 109 386 159 572 460 675 442 392 520 744 393 594 655 258 412 287 671 259 332 669 107 521 473 403 687 147 402 54 73 349 215 563 173 710 538 337 352 748 407 721 461 139 620 731 443 256 15 659 404 528 25 227 371 573 682 146 388 52 254 708 592 688 558 307 617 421 27 418 87 542 561 456 157 781 243 98 739 59 738 541 507 302 696 668 633 425 732 276 650 516 240 100 661 289 311 440 232 357 430 622 93 94 740 785 502 96 379 600 278 118 560 477 133 10 19 702 326 60 645 9 481 102 308 794 484 204 788 136 231 553 363 131 589 691 200 441 345 40 324 32 606 677 305 28 795 438 145 359 598 82 605 16 55 405 683 537 362 284 265 46 48 8 463 156 306 493 535 189 531 730 782 509 304 526 17 121 219 701 496 747 501 340 548 117 741 282 513 387 152 695 66 722 685 67 712 608 582 435 673 228 790 413 612 454 449 723 522 321 517 246 395 317 717 318 640 596 686 11 80 479 378 336 711 621 6 763 562 350 539 275 489 646 164 113 779 472
212 603 336361270
449 754 458983859
558 640 976911546
691 622 592071176
29 75 547111382
569 776 317423877
143 35 174658679
515 511 663455143
245 233 124061228
304 790 295305728
158 720 401558031
608 617 521146948
694 496 720997467
309 495 824882600
513 570 899284089
464 39 148094092
306 540 568780725
15 125 354053978
101 429 532132186
592 656 556356878
687 302 832528991
317 57 220984217
543 315 550680131
631 604 125773610
168 684 924549006
334 623 427531078
255 246 522280057
310 690 663223814
447 706 190243757
183 153 337281477
749 61 479114978
20 196 35424778
767 42 274705441
204 538 357526603
599 779 582437725
116 469 672413985
501 222 48109886
300 459 78955907
400 442 773452469
337 13 405249524
796 251 868408124
499 340 722935449
366 242 721086566
423 397 669775424
134 397 488950444
512 702 446949129
707 679 591595981
766 316 604733626
467 352 703377056
145 592 646821224
314 800 396795444
17 467 812308111
439 67 657385211
537 700 456975276
326 480 914407647
726 663 349799506
624 112 148756350
141 331 548496525
93 307 885597628
469 438 196963469
383 654 250214887
698 525 825158992
164 152 843584462
121 507 401322453
1 580 38672360
68 438 519227597
585 708 391847015
270 621 744731855
375 793 454460614
36 363 125875540
189 503 541981996
74 775 388971731
31 504 48054216
485 66 341869467
3 369 573892109
362 276 694768811
215 752 259986156
332 589 622173890
776 279 703588760
79 90 507493309
607 22 565573028
616 206 420541694
336 145 254097848
563 451 752109656
527 54 317043448
528 385 327186848
542 473 873406268
779 439 585263156
23 564 505361178
243 45 601038844
422 311 931789716
608 270 533001463
770 620 434632540
523 194 451331554
287 380 877913438
783 347 640015340
227 411 102021009
206 260 468831425
360 187 847505495
54 770 390200193
496 585 257315342
378 695 856646569
118 17 766595133
338 83 482513327
754 734 725333295
11 98 131331470
395 499 425282351
152 713 270426581
556 757 748043189
140 689 722975518
103 74 523026083
294 749 917343120
354 296 973514157
640 691 775397265
137 313 162232428
667 176 43457869
163 436 624307954
323 251 46139596
260 294 152227714
240 247 430145296
784 170 102029685
454 696 676568336
509 563 499579525
457 297 999087797
269 490 580157352
590 674 667167167
478 755 289962501
741 111 618928775
631 315 475988920
639 147 868836180
774 349 618452834
628 554 823270328
500 632 365736960
82 718 117021213
429 330 852527058
372 354 119607695
309 740 425375079
290 53 234664623
127 129 346480095
50 416 932652339
183 238 191751869
19 219 565159348
647 667 915955135
547 759 561566430
15 345 324936391
444 77 771053173
242 627 482323306
484 782 679117480
522 250 633051244
472 601 643482154
193 618 692949709
3 597 971945068
570 712 365418464
656 75 785087708
44 504 957073654
290 205 746563330
612 336 415145793
765 113 826881435
289 254 114192379
47 608 168883231
723 258 257697348
240 321 5428163
313 672 368056343
50 414 988600013
118 384 319994279
581 159 938292458
785 709 466673318
487 670 122499786
167 67 841726190
769 196 422901403
249 453 387188390
748 402 632844682
48 641 889247608
597 14 713638296
102 626 235050953
49 133 692286744
255 105 534344876
435 232 350233360
698 391 511606499
746 160 228498320
578 62 781382163
602 741 331728382
266 540 559739270
536 597 648554116
402 56 931641766
479 501 714898019
797 524 50495298
387 304 781699788
683 464 47876854
799 291 711678220
468 361 50326557
443 510 743839325
456 240 38734563
132 58 501957458
755 781 578578848
97 58 235991921
317 399 574362003
448 398 652996284
599 365 968809019
310 600 955691648
10 284 316819707
772 697 451510231
87 138 402108517
77 189 757726444
187 400 424076687
624 229 53378815
468 193 946063298
110 733 65913283
271 310 856185663
623 731 584669344
201 230 689498701
502 756 734147312
559 319 801152696
344 618 490895645
419 776 413506826
448 124 3224739
486 767 949467261
668 493 748010514
316 236 141330461
16 594 377219401
659 288 735966220
153 84 504833424
446 476 927844727
573 73 975270165
735 263 374523547
350 347 260077736
794 582 44911113
387 557 812935958
128 339 524511535
271 546 935904303
711 432 623021621
744 584 769792078
60 355 142460397
151 212 767591116
642 523 2682434
353 106 1594318
57 560 834670551
686 40 443934906
160 707 514203909
498 23 329944024
94 350 710163808
220 519 543475407
160 760 81362393
712 256 297255297
217 135 552930919
798 462 187169109
383 252 295047019
462 354 968276467
228 195 564669749
643 99 5470392
225 81 717196584
696 747 987180525
174 161 541362399
740 528 254604495
467 491 203472148
547 143 310047717
100 794 962714502
787 287 661762251
410 551 447941619
359 108 741491265
161 150 149371378
703 376 129613540
543 631 505021404
622 268 114264185
578 616 536032013
737 772 297261648
626 283 887118184
148 441 43579847
738 632 716601717
524 726 357279519
207 497 196782582
29 435 523269522
232 441 204171814
329 433 213678207
277 190 429939055
413 158 893914445
486 721 434262261
549 292 37227418
268 46 209341625
116 68 106939856
588 141 703573347
435 18 839971312
680 424 667601391
797 726 844256122
492 664 410455338
657 237 279131777
147 146 340997093
481 293 718401163
350 595 472433460
485 780 456254727
668 719 704492183
615 529 91258041
582 128 715317496
190 163 613395431
761 392 796479147
98 466 384617566
515 241 161709950
394 472 458046357
732 379 527043195
282 387 463966856
674 172 720716648
97 714 710204896
798 372 293349352
385 599 365205688
735 162 797535242
18 148 96422644
258 371 487638826
663 544 207712223
518 574 293382403
170 614 945532734
546 600 607733582
769 20 43975454
552 126 703218632
742 669 866265581
35 120 499019579
267 447 452552763
393 521 858889180
225 280 937620407
177 9 387165699
326 581 60893731
177 168 734964440
302 158 283928352
701 682 402604705
299 309 252242134
250 752 788834550
354 155 701814482
344 202 721185328
525 552 661675393
516 34 654897886
532 349 699403303
31 404 62756013
770 201 954211961
725 450 292903997
237 272 814546749
209 523 952254889
561 261 914237067
371 532 701231399
568 239 381145873
708 737 638803427
700 477 506244860
474 248 437825673
415 366 46843424
144 410 587063315
243 473 353266184
400 705 166681655
511 241 554035598
134 579 933261377
504 404 382634675
404 531 134998717
381 101 380907578
526 677 102692953
483 210 573050859
475 212 165699948
96 596 302757171
510 782 620586481
768 574 35611113
595 177 880920334
582 90 843402260
106 567 546890811
736 132 426131129
73 86 93093390
81 655 963195457
661 244 243621330
195 428 533505720
466 156 335763029
628 186 24858305
238 84 760389669
744 418 981157604
437 389 146247446
416 481 101424341
594 666 187482405
477 514 682927689
419 253 372591825
156 535 7285693
469 68 943406916
346 19 155771131
139 517 90334926
80 486 343679761
792 126 948982153
14 798 412304860
349 516 537402610
307 66 377675247
159 220 215040018
421 682 30675371
377 192 188585341
340 715 243302028
246 608 469663630
287 100 554659044
4 521 782783841
697 463 843722697
781 41 828652252
433 328 770272634
406 431 962227258
315 568 807429908
520 378 141949452
64 789 390773419
540 223 237956589
91 399 695020519
327 587 634884012
391 525 365774140
650 784 789122487
669 407 133345924
68 225 245475344
227 78 788376794
7 290 79848677
511 547 927933412
606 533 903720334
618 85 606589896
613 692 905305572
6 149 382931182
38 693 471146637
281 388 248244130
709 207 108152142
142 768 545887430
393 4 409384746
791 560 363548394
431 132 279277195
473 80 11135156
763 286 463221438
235 680 507518898
593 508 283635560
533 408 747097642
213 322 846475127
307 485 397159957
541 165 435251171
493 175 953531296
412 197 976972270
405 364 795321892
564 31 371492193
110 502 876199958
458 337 819206706
518 768 459421335
162 468 791011998
90 367 945063789
648 619 762120212
299 740 269004247
666 10 100329623
19 580 575814227
545 683 962878634
522 215 261206317
339 606 440639912
721 42 599489393
389 446 949988113
584 512 553177650
84 375 426534025
795 282 834952897
429 311 511711507
500 139 113411960
173 748 236041766
99 588 397926216
476 417 337714152
352 60 533896669
120 698 68191700
131 463 514399947
199 154 930334222
312 291 388388093
498 506 552178416
65 357 117666526
21 92 776298013
392 324 685194598
548 460 964609844
533 94 259803694
399 791 822322001
472 401 892269679
328 183 764254231
157 335 751578454
726 544 969654435
203 306 712149006
572 685 289427595
377 267 352172989
112 454 482092144
373 771 905519086
149 348 737863057
474 577 589807136
786 21 524731462
568 262 173423283
752 716 97319058
531 327 862409840
526 234 188990816
212 89 707389067
535 795 38366604
246 47 188290171
519 407 665921201
521 556 366986967
61 492 803342414
30 29 287069696
402 11 801931207
671 717 547322012
440 22 441857598
106 764 809650607
436 550 148628996
186 703 987302459
135 142 632771464
401 561 577981503
530 613 533836110
454 681 235781094
553 479 702019387
359 107 415959621
566 64 373358031
654 252 864449717
678 255 948574157
63 628 799029076
32 683 54160901
2 208 863187639
109 1 24339597
16 636 304469994
720 127 203738333
197 765 144641840
792 536 520106063
254 558 958316902
296 643 662764434
634 333 892305772
80 767 152019711
461 299 814735884
551 341 701451448
489 118 370244859
191 370 465988063
122 346 896237900
771 629 329250833
702 405 925357594
120 343 122007278
48 470 187167300
331 191 266164926
381 422 969402033
457 634 751167683
275 103 363407444
72 171 532022093
165 266 202021922
398 733 590824694
320 530 306482006
335 382 479451435
545 32 775268067
622 123 361276276
423 134 326032377
337 360 701436002
673 287 464256935
559 415 361121519
508 718 523355764
627 511 597835938
687 413 102494218
115 575 787334057
775 302 329808205
405 27 340827157
276 424 534954800
358 303 798349984
223 755 736414975
661 443 654577873
146 686 571180508
589 629 504507484
594 636 772093309
464 33 488489773
305 101 777514600
376 609 621774448
306 478 182723802
610 651 594828202
230 563 858858126
373 589 241684122
411 675 533309501
762 687 124108617
664 320 563313917
434 396 650773047
721 730 483889623
650 95 353546195
422 429 447367956
248 590 995792008
301 697 272279698
349 34 885923501
638 744 212169437
39 395 688928330
532 774 890529144
55 209 638186312
471 282 503719533
603 89 674949012
683 33 39435995
52 116 579920008
796 323 484962106
71 301 485379586
82 635 662654077
85 383 262922202
516 228 654252729
430 136 726964589
333 351 966307783
645 359 70103085
66 386 673395977
591 119 371203080
59 738 30529059
646 498 665709495
69 65 630450631
35 184 635658585
517 114 5470328
67 668 675737013
382 785 43023231
44 31 566671115
234 699 179197794
292 514 297892764
351 115 831890341
300 750 117528017
550 76 168752820
138 751 506216525
313 12 976115619
633 5 4425040
426 434 649568738
715 165 597321991
567 631 895748436
491 743 77341242
530 692 767473144
188 564 686812881
793 119 453485701
43 259 122030532
6 368 986608261
600 688 246778487
702 364 802572291
705 226 246757769
663 475 779975384
178 786 5916223
493 72 862400365
262 610 513810005
495 385 642459705
765 298 459834805
179 207 962272445
617 621 438878481
353 764 149874727
127 611 531896527
70 436 337967431
272 224 661533159
200 117 694191348
754 494 698532981
46 425 196479026
610 426 672062973
137 12 823208295
605 646 434027722
487 281 666963599
180 728 780424176
538 332 364620948
406 736 782283704
652 135 968383068
312 799 429651501
272 766 813190814
710 417 31649414
652 217 935174510
133 221 426317908
368 55 350781356
107 659 289246332
72 739 921441769
514 164 666014292
496 566 999180486
439 167 311377392
265 122 585269558
274 314 527812235
799 96 287245453
301 131 178355682
619 457 243825239
506 188 761102651
169 104 825307357
52 469 474704797
621 36 299856193
386 583 249729065
800 576 96230280
562 522 233930147
520 293 530776520
205 264 197226463
508 82 627302437
13 400 462528378
8 545 367967102
648 457 411210960
286 50 314911888
732 665 295907344
627 515 157725789
242 515 821009206
592 30 374120205
417 227 674466994
233 769 133871665
208 710 240886471
491 352 721085074
27 711 100940062
192 267 220178200
17 384 645858182
696 488 773915535
279 652 918287166
451 727 341942622
786 92 825742467
293 695 971958673
40 91 772318363
589 771 688486423
316 137 71169212
329 214 550806927
760 679 211711673
563 249 761577061
565 646 898397092
437 2 919090376
314 455 836802753
114 278 641514219
441 52 596459007
588 427 131493044
421 701 529758451
598 449 15133950
659 527 409542504
69 357 542506906
89 38 407698327
321 247 362583656
303 626 567988351
481 520 266602686
166 660 533195764
460 393 258704371
388 43 681821800
136 423 882830354
366 586 537158792
718 25 1493026
539 562 585682851
322 278 923989764
163 70 920505771
788 581 565778668
158 409 885437782
612 51 589381209
501 275 596511512
712 271 876784982
444 189 956071368
603 38 862657667
614 420 951163046
502 121 874321930
724 61 57974587
418 702 562603991
87 363 163658136
369 798 406536054
164 356 920559394
424 102 442212834
445 221 227062173
141 390 397610423
451 453 144301131
542 243 274067655
98 156 39027009
379 553 127491077
690 440 343209079
199 216 672621434
722 300 741964074
25 534 865304250
601 401 667625460
138 93 988065462
308 48 347623688
771 753 674695870
28 573 283848483
264 559 87714757
441 745 15777499
739 231 495213369
251 274 933891642
572 483 733897271
340 541 845036814
438 81 915791502
768 758 226017710
562 250 445108546
112 681 277762601
465 648 649912402
620 509 103034750
625 508 45501250
446 710 483424551
380 100 287362863
126 3 554854490
78 411 317124502
21 406 342010846
442 412 884037711
655 334 630770657
453 448 283578246
216 741 722611989
236 137 380321729
719 175 961129115
443 484 648270189
736 431 829772819
36 87 523167974
200 166 200176639
265 109 890461452
758 174 352860560
741 394 73339056
369 14 602129090
113 421 543215806
284 28 116919824
197 113 704754796
556 671 261255426
215 318 279102088
711 598 741058100
706 329 715796487
647 657 845426770
233 20 820946383
626 461 389621447
41 199 663799611
565 605 26425250
385 658 503783757
632 213 373600857
259 456 590590316
794 79 617951415
658 599 166078341
382 179 838092847
525 792 400796637
257 382 473136879
129 308 551325189
219 200 926060560
593 625 141441696
551 7 459536751
623 777 883733084
34 211 291776951
654 353 202910395
154 602 480470070
60 639 143127174
653 222 650650425
738 500 834555735
781 130 714659698
360 13 377386936
88 474 31399779
95 482 681229432
408 783 188808229
45 80 246095103
184 120 702376905
579 763 791776842
81 280 665482521
651 434 319826426
537 549 747390880
302 413 270851729
430 285 424592008
209 59 355747049
432 778 973763166
375 591 591146729
560 265 450562374
27 432 724691373
613 569 471717842
742 519 643956662
734 6 238075811
335 257 681626789
795 471 861116509
185 499 119970651
341 290 941007503
55 642 693961669
764 543 146855214
505 268 494835449
684 326 759704344
680 358 278573667
703 609 621692182
2 389 766783606
655 623 460092621
96 761 862427702
750 15 700273552
119 746 750138441
79 582 555002032
172 323 878647933
790 678 655501450
479 653 463805837
49 445 919794049
534 430 26681245
46 662 783972526
649 286 432215428
672 578 388830535
108 288 797484142
221 732 877173199
611 48 545913613
229 112 887132198
269 403 865291561
264 319 116090642
614 593 219103614
77 503 759156061
357 723 963145305
717 572 765201116
679 637 29657158
747 799 161266205
789 737 213198706
788 326 136624430
386 638 850358128
10 338 438542120
449 734 96412015
789 71 30598217
414 481 36315507
664 182 555160857
131 26 74118079
633 273 343335095
455 277 689598429
554 186 745186900
407 281 551424637
725 178 869082706
318 444 491599058
218 185 764591216
719 493 272934634
294 724 852712387
685 633 513851497
84 325 105225561
204 295 233763891
278 539 575145948
561 513 316502222
142 518 5763559
730 537 288313578
267 706 267182860
704 392 425865932
630 565 475926089
336 571 452703040
281 670 107783982
677 269 618102203
324 661 641732338
442 705 952153274
273 458 193579061
463 673 4623759
256 271 143841944
191 63 303095683
531 645 182629201
124 110 142237821
693 735 43139005
93 555 731261529
311 16 845419979
557 304 90489278
529 773 116756249
157 428 713396821
217 142 93570507
760 637 942313740
529 647 550779416
548 729 256854020
550 377 416096901
23 188 138622895
426 88 121456729
688 440 259384312
105 47 474424649
102 303 618932186
691 505 999869540
231 650 496969654
673 787 402038895
477 164 200592519
73 630 121565225
9 788 671582576
8 32 503640143
403 542 670194561
616 62 333137446
674 728 139391430
389 208 691879467
159 742 420815796
210 633 492308321
397 763 574243522
609 797 729143385
596 704 899688323
541 203 285626878
61 452 964370452
606 198 726277381
625 82 196777728
117 362 159146895
713 694 659693753
273 676 548554164
196 2 2226335
637 725 397918252
247 722 869809122
476 181 630931475
193 344 145508217
669 487 665602231
639 140 102062627
198 408 369240210
564 44 401783770
440 607 319453977
256 546 460478198
427 141 440714475
629 305 36528809
634 351 580147258
345 289 243341883
320 613 833269814
773 657 797610224
475 151 694825074
161 245 402670294
38 735 834889700
660 235 352437994
195 157 149731216
462 296 85330145
507 612 831921272
569 419 850057422
689 644 600935401
332 373 365982242
196 437 516742147
115 615 144222243
782 548 235175968
713 496 461935143
247 342 937554519
156 169 896490939
425 204 156137628
488 312 370379783
709 173 299023558
40 317 97233424
1 19 351118508
132 97 221666092
370 63 509576513
22 69 579086488
763 649 111101085
248 180 954608197
714 465 237632175
470 8 909172829
720 129 25338971
701 526 452957930
351 24 666879511
103 762 373990974
404 374 362517155
632 139 671315840
144 37 504072593
657 667 502327267
92 736 536467661
33 218 835972309
675 624 137662949
371 774 845314501
731 49 187560173
728 796 905761962
305 381 971152711
189 489 971488862
