1000 1000 3
634 3 298
188 545 353825822
503 36 825768621
289 22 527066132
248 333 479485775
559 385 596196229
161 822 420038591
543 150 251929515
371 824 714346821
543 586 888149694
477 322 336613214
524 671 787026131
659 348 724159604
485 115 25380841
897 422 247122968
268 702 483701825
984 102 631136391
585 813 6154232
626 843 159435194
544 599 726630844
854 531 451163782
866 464 499244474
500 13 113989738
838 4 543663054
91 286 532069546
329 316 146580759
288 835 50198477
12 191 460930826
999 667 599195286
426 572 569890569
846 927 928209624
871 180 410828780
763 748 458038566
214 498 166567733
634 80 786100304
703 775 343494486
714 288 501469417
619 560 773126948
606 970 143356673
255 241 938613964
392 116 271778945
740 192 129316416
587 1000 615733703
305 679 631033348
779 90 543493455
578 141 993670723
662 98 346765914
360 272 641316148
110 959 801753815
716 741 335489016
597 961 108844006
784 949 415292949
163 177 456478199
757 222 902698739
9 693 751015693
598 91 292113449
474 536 270807377
652 557 875007673
298 284 854867834
157 847 387404127
773 475 345836272
666 540 816155928
278 99 39843067
547 137 453163618
209 689 686590840
158 994 592201441
769 257 563992799
277 351 36775567
876 382 833435064
961 437 78603948
533 642 706249375
230 273 880991507
398 737 634847637
133 163 108090406
657 519 615285298
79 595 708851033
269 578 84794121
946 794 982550392
25 84 977796443
914 6 354733788
990 942 793793369
184 644 546829999
624 769 487657373
660 269 641919449
362 850 784743896
172 698 81188638
40 787 365624480
404 606 475249088
198 86 18468155
143 636 572829767
65 408 409164362
190 389 955239429
342 445 567792910
546 629 32334599
384 547 670563063
305 757 442477261
87 138 149492613
18 816 759036205
736 773 225344219
764 674 749990708
604 839 363138885
909 745 359631983
824 995 986694595
465 744 506031587
857 551 705900388
224 239 204318540
459 134 420753337
452 411 607062978
339 139 939754811
377 124 536926410
886 434 749913883
995 872 674318312
660 114 383558403
420 186 129529980
397 165 450836012
896 784 742347506
51 978 818414734
723 908 321568289
588 336 348983395
129 589 300079480
153 244 42480293
785 488 386613271
452 34 97222887
538 233 24164330
154 623 785940795
678 294 578521915
969 152 672309882
121 713 64531919
809 627 381861706
101 980 480902646
628 39 211162820
14 497 449567647
346 940 388389360
464 131 673335798
873 707 272565948
309 314 788331373
52 554 86257307
2 933 669799936
245 119 875167398
236 392 643351791
217 329 203098934
461 930 536113641
552 370 617036263
641 560 59791190
1 447 752617930
243 188 281992308
95 571 94718222
57 954 304835489
475 100 459051492
840 950 143872016
726 989 936677320
232 767 900695209
135 78 961018298
89 935 603573426
44 562 305476283
627 51 961575313
548 660 689354805
409 157 20231711
578 979 792124144
133 584 915433201
943 499 952828108
883 716 837220188
478 76 554524636
580 297 381740465
993 877 392206901
807 723 884148855
969 69 404069130
947 379 877677342
508 199 387839938
165 881 106254172
15 74 591867513
361 651 742683146
471 64 911777959
805 430 947633200
732 276 488678829
928 30 344264199
751 423 460360558
292 218 58648904
443 280 351612779
528 802 823283723
698 146 827331385
532 772 704355167
156 891 238761407
467 174 910442416
4 796 286131363
661 879 471778757
252 352 512753893
186 864 80733721
175 913 829018155
323 830 81893971
295 984 199959641
126 760 608124081
630 484 122346933
600 500 505698485
161 643 942795172
668 399 24439598
571 24 271389352
639 981 445947536
216 971 457943369
328 261 889707956
548 923 24458884
712 819 335950700
950 714 476292621
693 458 83050637
677 173 640582859
898 190 239040154
993 883 1081017
565 465 768623920
567 678 839027890
992 661 168012589
539 104 721221280
546 270 21855893
347 790 570199571
525 932 833469731
183 938 585603215
955 945 848015503
554 585 160960827
352 127 44659918
139 364 215675363
863 459 80212622
401 641 270561257
803 323 617356829
772 338 440510436
569 58 985079685
251 450 238638041
493 815 646001927
717 848 743046539
468 318 426790920
33 319 626255968
815 194 477655597
559 845 420561249
940 657 667754673
176 264 704260596
331 315 719381082
282 275 88239616
403 187 873287985
103 387 83829080
117 685 379542166
119 162 818486576
870 492 818477282
572 332 811079164
184 70 250773789
911 126 660682482
798 838 302694710
45 765 559167123
808 202 789896534
424 668 675140939
489 255 991404409
283 135 987692268
985 600 609439137
758 825 841632154
96 201 775644283
823 11 789711068
67 527 747722864
407 345 357088096
560 153 115462879
394 613 369081177
601 951 154360329
332 457 881363891
95 460 362501835
189 44 277475816
136 299 815041256
376 611 465271771
480 396 927638832
333 88 821092538
271 342 413333442
436 433 132070515
876 463 646382859
884 424 744742693
132 219 499904447
181 349 570852805
758 184 428683010
649 593 527494861
894 754 933180013
924 143 759444086
683 260 45201927
858 726 826255943
488 324 340560293
669 865 559429844
964 290 959985944
64 896 915018852
198 159 179200250
140 542 627202697
728 975 570854239
580 990 318905138
265 196 501147799
212 404 447265628
994 937 83608231
353 441 315297016
971 637 192154774
11 958 637532212
934 696 717477022
699 331 995713397
440 533 382993312
206 964 959492267
666 128 283579567
791 253 497362039
806 473 494875075
535 565 913503681
524 814 11475152
732 720 922140032
867 167 778553424
385 858 512770105
640 894 473230690
450 50 898152122
75 509 70095440
19 874 720156865
309 344 872695479
449 355 878454193
682 517 515468671
926 988 351707446
36 225 399595579
61 203 405552153
247 419 808171426
469 793 461903018
907 944 54048248
254 502 755387551
481 663 50890235
18 591 860009672
520 849 414725437
516 749 101977913
901 869 177876782
131 406 286359403
987 758 262098235
606 279 747838702
790 537 270715510
322 514 915574586
735 172 913466573
931 61 533430070
77 625 538451626
949 972 287388150
707 655 862963226
116 490 578608552
847 549 531277728
188 525 782765980
287 489 767684986
72 922 77204137
891 900 128428387
394 582 343047604
374 747 65188994
776 480 949549274
906 66 72034214
360 618 647773437
686 855 426078070
108 620 438257245
167 647 696458925
848 164 892980027
6 296 461248709
664 42 804639699
24 580 769841642
496 511 294080987
419 673 200398106
564 358 316339784
586 518 910523162
183 692 836710025
631 686 162390271
871 812 686722213
108 117 201495453
931 432 18361355
145 221 460723324
531 550 556966112
474 783 405996298
693 55 842941057
706 968 836260928
636 699 457785384
917 846 399560362
93 862 486862951
826 639 44054989
726 256 586123935
687 47 262239451
775 427 902279558
316 57 940431772
952 548 148642399
377 215 794015247
799 368 272202502
486 817 683637053
192 85 837475518
769 538 261932344
41 220 123920017
42 516 57845047
450 833 100615799
51 753 621124872
515 987 97796508
141 808 629046727
521 337 469719791
250 570 656514973
694 884 29774926
445 235 103846680
182 245 645769396
389 885 250461469
242 895 475736331
211 956 883634575
613 576 491487522
655 390 343620674
30 425 126848043
878 977 701150344
270 897 500592251
692 478 172828349
318 431 970974434
90 544 933540569
663 711 104072506
685 388 508436439
467 166 341043549
75 317 666745545
483 81 770226194
921 700 346459706
608 252 471040973
433 372 507348937
6 371 389882790
100 374 31343026
745 672 24599177
972 282 335278493
864 588 764236912
982 740 194365996
670 829 664521520
959 821 809538634
814 246 618279588
277 470 867962389
327 443 513293995
280 612 983464579
482 359 466309977
939 405 384101898
336 67 955364486
319 292 886720547
203 556 962646571
179 528 131599610
144 985 735028858
598 156 854372227
392 446 875617153
672 27 530738651
174 482 263708143
390 105 975487150
685 29 52376403
264 805 954716156
556 204 603063537
687 626 927190213
956 343 370692953
603 435 567813711
973 523 966798213
957 242 662560759
778 448 307691241
449 429 843438225
131 136 558429743
12 836 989539860
348 791 790749073
402 3 387806927
315 361 990939143
191 928 416418982
84 563 841173661
847 356 290615720
111 354 270327515
594 512 608375722
675 377 345941013
954 906 87730707
439 614 645000318
795 867 348825444
401 619 783313145
378 95 200462958
499 83 88878978
189 929 593676855
775 208 748397099
267 568 835444539
934 682 859571860
315 535 211574673
699 709 280502277
599 96 655752890
592 635 154512016
179 321 239674935
858 782 299279623
146 704 476931725
770 546 343707125
20 579 38188929
470 955 647614385
146 532 135531166
828 247 938252835
765 727 515235883
991 742 799607703
963 724 221851112
525 957 622734782
271 16 299711702
579 271 410969252
291 335 844330631
301 524 584820724
249 652 665188423
77 496 716031833
37 687 608553550
955 658 371208509
985 841 952057922
921 999 42889660
821 210 404912332
434 285 126650166
97 398 886143167
863 889 343204340
395 870 972825649
109 472 45250884
516 997 504156048
255 631 92936044
499 751 471077854
426 973 197445418
256 806 417037572
242 866 203715608
567 962 48906289
357 818 242844753
417 575 101283588
273 65 469966850
999 781 692887824
54 503 370685920
303 878 759424795
554 103 789378501
853 38 63107357
412 376 525594573
420 860 234455498
192 902 254303751
275 92 272715266
357 534 263086875
691 360 68481020
68 402 725992449
234 2 177427021
737 681 208493032
902 719 626239439
330 112 212241560
552 113 682748961
59 510 676276024
220 243 217171354
35 228 215352490
318 428 838007492
803 493 827419676
410 106 883240035
613 543 891260918
29 520 355143384
674 506 12943072
789 451 453129373
832 267 914759790
168 144 775995752
717 746 646411700
587 350 724946130
739 14 712578291
123 725 784376720
676 73 52568396
970 755 505142732
527 248 942995836
79 205 692008578
617 413 909101721
748 840 343995616
539 541 860795396
811 697 597476739
908 763 327723055
370 873 493120364
793 54 312617791
152 101 957437869
645 756 291907040
927 555 208954319
765 694 693816112
215 118 396289289
916 224 693505670
347 230 416522903
106 416 966777379
811 87 220319939
127 93 328952866
879 515 921419481
23 72 508990898
204 901 887332986
55 992 677986239
937 976 334452142
332 766 87438252
865 82 359275245
602 302 234582409
653 420 878993046
47 875 261771178
830 892 774086961
708 690 687050347
777 179 885813015
721 640 47010167
325 265 350484984
764 491 280793276
476 301 841958380
741 236 143380104
573 109 984398399
643 483 711746353
125 832 414543078
35 5 511113906
224 717 627616007
612 947 436688219
974 436 23524563
604 621 426732293
473 633 932635491
202 71 776264123
128 587 48709081
755 454 938782062
800 675 186272519
724 715 299302294
996 37 663743494
414 853 630042970
149 298 384972172
219 854 967403973
607 501 760910918
875 880 807170505
197 278 699718974
38 617 340222189
65 628 801623694
852 622 834823286
951 653 37006830
99 645 996121265
25 868 785165432
38 882 47090684
945 856 10418621
718 521 199263196
816 353 98754987
690 468 296272932
502 735 347365211
980 277 54512901
238 305 784701515
890 300 434659481
752 237 260097830
313 45 253856363
942 414 595377934
500 227 561672124
13 263 827854997
105 7 593951986
730 605 22048980
153 418 642924504
569 384 387793035
854 56 884590583
635 234 6266074
510 601 309141495
768 35 318840510
831 254 676081252
381 125 936274592
195 982 157510127
948 507 704395587
974 910 899703655
865 603 415348618
801 391 472972806
968 708 691645639
177 471 504064696
428 149 654099739
532 240 179324635
439 919 596825946
441 440 758091447
988 828 721937339
676 375 785798364
842 777 748851844
747 439 807618464
34 710 313772368
852 304 578071623
827 664 230715690
107 559 429802989
446 148 497648641
15 154 833275293
387 876 474748401
631 262 436646377
981 905 354108368
897 330 337581831
762 209 631594840
425 730 637981868
291 178 130136496
562 666 808683395
614 19 217949309
71 291 995866391
983 887 871662020
403 32 218843218
786 530 954878249
250 197 295156448
669 320 651754545
248 378 112501997
62 729 632633767
751 752 763086867
958 851 930408338
696 401 175012489
589 474 223575858
900 200 754655248
463 121 609870844
464 444 796306979
514 409 748280619
31 826 672252677
337 43 955183349
327 307 954298451
245 313 175607776
829 107 603529185
610 778 639483019
827 526 839974328
915 250 288639285
944 293 831481817
592 366 900426547
975 40 72264229
869 380 159822478
900 213 385996350
563 602 283966998
135 347 443057628
145 888 159908474
472 48 439039875
794 303 590458882
583 943 103589545
229 442 736427934
225 993 693965820
933 941 874055409
168 373 276793514
553 18 767080997
404 925 144071929
411 212 483090675
425 97 419495514
120 487 398250747
992 722 38831675
938 701 80720712
566 986 419532583
218 365 516133406
645 393 246902375
340 504 22115662
988 648 297705190
261 171 976144830
566 397 751117356
918 739 797372449
635 861 249683098
533 803 892224620
653 529 946680056
231 649 121751942
861 834 73345705
731 598 807380998
702 807 191226832
46 577 687013875
130 820 495609863
469 948 317642047
167 646 709847415
817 795 602279392
81 449 505074489
824 561 977660987
762 494 510685997
744 768 926642513
512 669 773623477
171 206 764152357
196 604 59805268
136 594 88724160
288 486 696635191
210 996 754168382
888 20 579367409
53 567 295302824
691 774 823155535
479 718 960502345
616 946 527054405
218 142 124698319
19 676 896364532
380 216 259784141
936 960 935842129
481 505 114564918
438 15 748697408
862 452 963612545
421 706 706700861
39 274 728807894
73 731 440418471
795 738 593408192
336 654 840518932
259 770 225651569
393 899 723034670
5 677 231196313
164 569 438266355
905 662 355166245
375 810 987602736
558 140 929732364
284 734 409595149
225 400 355542919
147 207 232669330
885 934 677184736
872 732 862885083
171 634 845421612
204 160 227249896
787 469 590918352
675 688 518610800
86 522 582111885
703 967 379358031
472 283 316873643
577 963 354946849
70 189 490709899
882 308 11237035
395 665 759734211
10 453 785416869
344 566 436004425
518 914 737545414
419 736 572022972
946 362 910504391
278 590 260202323
701 110 473329163
574 306 443189107
364 232 14675074
734 289 512414517
984 75 43390052
459 583 467730159
594 609 169507018
148 553 824685656
382 231 676267233
982 581 319908885
759 176 775580477
509 610 543938990
427 837 252644741
505 801 334967198
994 785 433305016
354 198 276673797
801 638 399743310
90 21 320328648
306 145 857170975
14 170 207602827
98 630 988857529
820 229 313625611
141 266 696708921
445 46 856943900
742 842 492668948
485 863 104641588
743 656 77865673
802 23 816870145
520 552 871592097
351 750 642810960
670 363 926344246
602 792 287079813
281 426 849703524
60 508 657931928
201 823 996631207
752 966 603704786
622 211 763078097
349 461 477235195
748 369 472902831
608 917 516519290
581 334 767453105
901 169 424648681
447 809 945513402
708 175 914042092
513 381 146322191
17 63 658721133
57 383 557766941
519 251 192508689
530 33 241725753
623 421 873704881
379 539 534709111
28 295 168371802
835 615 677005813
125 573 624957458
596 68 692296315
621 871 151439951
605 632 671906449
536 857 806773778
668 130 258113308
907 911 336920967
922 9 609733709
232 921 366466261
435 670 885492524
391 287 902403946
85 916 89285644
104 158 843314042
549 89 409990745
240 798 977071814
465 684 936341886
170 762 35308238
101 226 790928518
424 310 666390181
574 695 725919699
324 168 895958959
633 974 831958703
337 495 930004864
879 797 839178675
781 703 329128698
43 780 863157547
887 827 664755134
3 659 607296099
972 597 352792517
454 79 831405007
338 607 954521080
819 564 25128255
780 811 785235944
918 49 321589899
809 462 570593843
412 844 892676277
930 558 359643324
123 789 365441791
791 886 689928824
837 238 487350661
63 77 857767558
208 733 465061800
120 17 378687059
707 407 25100016
200 60 865954892
633 155 998895008
966 728 194305666
997 31 354413203
922 965 327055620
760 195 126647454
233 907 896059296
963 410 301431090
796 129 88689494
857 776 243397529
396 328 922433134
105 161 486574667
677 485 937154541
274 341 992812450
300 133 295670503
226 650 224034371
1000 12 373774264
640 326 309400912
159 346 736387780
147 477 430111312
904 991 982718541
842 62 84523216
22 309 441206726
595 395 94978800
20 456 317168491
294 111 177818048
681 479 440635642
491 182 894530735
200 26 37317870
263 759 840787547
941 918 746661340
939 123 627457384
151 680 37736101
343 953 570225531
557 705 932124067
657 223 556298233
11 386 999392587
359 52 609582624
430 969 696401313
672 217 661001067
878 596 574616963
880 281 93119425
881 214 542934165
389 311 287110621
960 592 56743722
783 998 726642806
199 608 603909109
956 59 826358198
697 53 845305567
416 904 352038494
951 761 629784255
209 41 5384066
178 28 596349673
149 249 655918360
601 903 987104962
756 467 485552052
484 931 560045023
422 712 603977645
646 800 596940277
358 327 642915731
904 417 230219685
558 952 858091447
434 120 996358664
881 339 500853641
492 476 145984048
39 325 180466829
308 799 794018242
399 983 123692102
770 415 248815367
219 804 313476186
637 394 449471190
80 852 301718656
728 94 345623071
50 147 719078254
471 10 478346413
244 412 102707245
859 258 748359509
437 357 326841690
778 403 523136634
312 185 668157834
89 926 764612386
792 574 574768674
856 181 871324718
807 912 752009384
272 786 322380114
716 193 828615143
180 25 822205430
104 859 318028726
679 340 871867956
593 259 483895847
818 936 582718578
928 788 488234083
185 915 663913682
671 831 372716106
32 513 657517897
892 721 110480609
372 909 775969436
504 764 789187949
766 108 729056587
413 1 61714471
151 616 468064850
215 779 886040254
222 743 207355161
851 183 288008838
754 312 459992991
584 455 579196019
896 893 800992732
341 683 25371798
725 268 249001533
898 466 647088892
402 367 169994115
276 939 268944840
978 691 278474737
686 438 494561349
414 920 929470981
739 771 748737270
531 624 291085364
365 151 560550081
137 481 958159950
511 898 829106929
40 122 292226885
429 890 389559389
611 132 222810204
227 8 809378710
