900 1000 4
800 250 489 274
563 883 844616005
465 398 629918134
185 882 644583175
824 722 439333042
96 159 164660708
1 238 677063460
867 232 967318679
225 355 738143466
403 473 665967090
380 477 221618964
593 605 304971082
758 570 142212387
394 547 27316501
851 847 253565428
824 733 347158980
368 162 198192488
483 104 425206433
46 338 622130741
231 878 560606654
180 241 79850133
830 380 956822876
448 424 524548992
105 215 99706476
291 38 842054623
741 864 593767743
509 598 341361415
781 864 474753873
276 218 955515154
131 50 617910247
411 327 770317741
783 421 951570570
338 563 681452281
433 868 343286901
737 562 779940912
145 776 750666632
224 402 955100529
477 860 256894983
584 63 66222637
362 334 941312300
179 744 522941307
126 21 545429506
623 772 562913991
334 859 736625568
320 377 140158385
231 127 117857079
707 237 248190921
127 11 335177385
167 619 615613058
515 679 280257027
96 186 722890634
246 678 725479596
258 884 461822611
114 135 445510339
522 131 16864221
572 378 292123404
717 654 275887976
597 205 713501959
122 537 855613340
185 830 556593064
741 486 450331008
239 341 806705796
495 510 19844837
311 100 844079106
419 796 588289782
765 145 762624138
542 725 275071753
581 153 322744308
134 192 341587355
96 877 878812773
276 885 901287122
610 33 455751175
774 438 470972021
610 12 457913002
722 773 353988622
61 44 997100185
736 496 976243477
346 364 753339607
687 260 757891734
792 858 654785662
112 677 37113170
470 848 248254990
877 395 2955487
898 436 489558208
616 239 970354853
209 185 488617476
660 817 791782648
6 128 977404359
612 712 677204718
684 801 144234866
311 757 191961811
165 324 655034230
281 874 234080983
76 526 521155525
653 165 893478812
851 572 766954905
303 447 839805450
861 602 756428894
296 299 281299849
41 322 73927636
653 67 551729235
453 536 346478437
492 255 658896307
287 550 395220501
295 141 338024894
440 228 621566832
165 266 187937965
724 740 62160545
724 866 794571930
507 261 994896259
558 305 900119302
492 630 274444564
317 434 323221156
433 273 781035238
220 539 550592533
323 404 783378608
157 881 310413363
379 68 115262667
863 579 838147828
88 648 517044229
868 99 5776023
244 20 346529182
474 158 931996211
585 633 270916214
842 193 904916176
316 311 996440414
185 818 693751880
276 350 706334459
880 652 489411328
862 542 741442032
465 553 724324997
247 810 184058595
260 30 568428537
851 22 870807253
824 585 740873421
22 555 543660551
362 65 560718812
785 845 154061062
719 782 710784743
540 625 355382794
124 333 695284859
195 54 43229995
323 682 94626323
572 727 364496241
498 700 128432339
607 190 119438470
188 730 591082468
295 665 768554640
370 124 427266944
586 710 838571631
790 418 209681926
393 119 410445930
896 766 423583660
319 440 995473177
845 688 766410190
678 320 224388921
92 499 585840749
48 639 775740461
246 252 837080712
214 683 71330957
204 560 347621822
32 631 869746965
789 715 508230979
484 180 134972301
663 52 456785139
268 220 583792739
172 227 8066212
309 105 700980330
71 57 724513093
551 849 953634375
389 741 422787850
447 852 365841616
688 644 252047399
244 449 292425793
876 93 618710433
20 51 178293403
558 798 882558602
468 527 764244560
556 656 736823845
397 294 956761980
306 692 318463320
798 234 976818299
437 440 616519506
357 691 321457567
522 568 656274178
882 755 420550910
12 13 139210003
452 199 93347719
131 78 863870618
436 158 661325757
657 519 58929674
628 657 354140720
397 493 498840753
112 767 624901656
705 636 543562264
499 243 250190951
839 808 437713928
96 208 456166541
65 141 371614060
839 173 894629331
209 179 477090619
522 292 50972478
50 18 461779046
176 328 643827330
34 702 964002355
143 332 988466069
34 268 211582545
370 783 789986276
152 871 626043809
758 827 804363927
453 256 844436046
459 637 226611511
833 873 760200002
249 590 826193815
317 645 342389855
607 838 123942748
577 152 18487171
669 386 740071765
362 390 76098056
187 53 96428305
280 365 882549492
209 298 104287368
785 249 646385652
439 414 24432878
567 373 216540306
524 507 589504633
83 282 972035585
556 892 676973912
784 577 81825088
792 770 640740755
769 407 964964878
706 144 240650252
607 662 425680707
484 853 507114349
226 779 912010244
660 635 7009120
42 726 753203773
873 55 552850845
9 736 185086531
165 873 879849540
607 836 405078463
352 771 515685790
487 269 442499561
871 844 450766159
816 680 103052003
640 98 440245041
459 319 57510145
834 581 827922223
830 760 541403286
820 561 92779503
69 285 473737955
687 90 47733740
152 2 310999906
729 254 204223219
310 427 190249541
845 670 981025911
690 788 14006881
182 490 19677711
607 94 965907485
192 681 793022161
316 306 260829699
370 569 460530410
390 42 775694496
737 829 231896008
833 840 800302251
12 184 73920763
827 523 136449433
656 74 189569892
6 661 832800446
278 500 887656076
737 747 651522561
162 367 588172673
839 834 635385269
46 87 856163057
810 578 256048687
800 274 767177923
811 379 885775394
334 188 270244463
124 419 931798895
195 311 717866144
441 58 698974062
649 331 788559965
419 898 146574918
200 59 62440450
78 361 145165974
768 309 478567000
274 250 30142199
83 650 34180031
439 462 960703266
242 117 808243630
290 832 771639293
524 48 724465364
225 475 153062662
668 133 580997954
698 633 746205987
381 270 863528216
347 746 821944183
245 175 2916458
784 195 777487527
665 663 914494403
208 397 369288883
525 516 19710272
332 223 752927686
387 263 50983197
190 458 146491809
761 748 762505796
154 658 210894742
67 366 55537736
633 267 737154852
277 799 924221836
371 714 55548377
129 429 889019408
185 511 942996265
730 371 56495041
127 719 950397848
604 246 987921644
649 541 317964633
74 867 547014883
68 156 825213070
292 597 418125042
362 370 319997542
133 559 239639835
861 683 969630054
290 138 565091650
321 464 871461183
806 789 387332291
719 556 986532530
707 313 121227331
45 761 624013461
49 66 188015076
477 686 605087052
444 769 984315122
264 716 788934598
491 795 47595706
640 592 919254853
839 126 905273474
33 750 196998996
311 626 209126814
178 349 322904199
165 411 367395043
127 242 228168101
359 388 14509211
724 576 712099708
677 557 487535919
445 151 520421790
328 534 141663915
321 567 704066791
40 701 485455424
100 495 620889262
465 73 265059632
376 346 591115293
808 36 168560604
446 815 360290509
872 488 820910497
320 594 591382919
719 3 999237796
101 833 599362301
284 835 435278290
553 796 806704678
34 614 43223544
140 591 527449582
814 609 302307191
350 616 668218901
845 584 832613360
114 143 425833036
869 189 812460249
814 453 254858287
140 181 623996433
784 634 2052402
25 265 229471162
81 472 907466298
119 56 777514834
335 824 865169493
3 535 471040331
184 583 200792152
659 204 925373467
253 518 393333277
692 297 589733514
159 160 687033094
890 89 66313446
259 79 763371022
26 467 27866792
4 765 956419512
69 446 289114096
678 479 95105062
556 80 374010714
724 450 507244766
158 413 585195866
285 330 229566160
882 893 137520661
771 16 262079815
603 286 137686543
706 705 348581131
881 491 206112524
370 368 148359822
481 781 214725140
604 137 772318767
677 280 26335809
674 878 816307849
640 758 866467199
616 483 363107102
504 505 811177924
195 659 332216765
769 177 453116344
323 168 171285983
387 748 513745149
184 398 872561001
368 15 508824662
866 245 478039234
107 196 110627192
258 896 18267281
248 752 653722712
571 469 912149162
283 7 145616111
418 288 885034069
752 743 91609694
840 356 340765594
151 113 583130278
370 40 719577603
556 217 511580978
785 399 805971974
744 797 846649861
493 713 591387059
178 618 841393962
184 601 461589261
839 61 902131092
235 571 71163641
708 125 578536446
825 375 668959587
276 222 520969822
273 363 529106964
873 435 89266487
26 148 612305417
166 237 318511106
504 409 388114980
629 27 897654357
71 296 71118035
783 769 724420565
687 707 884723146
311 663 108362910
189 307 327025826
631 433 148571287
172 814 417745705
26 624 804352937
109 842 542088734
522 708 610216046
311 129 145577382
682 216 583617608
869 357 920611135
673 69 848200559
831 720 451528404
540 369 863878777
538 463 248949690
651 148 94757527
444 540 160154172
103 794 696528625
249 822 388735876
834 548 880647486
335 372 652851040
553 202 412176303
611 139 746405889
878 549 946161702
654 872 397289044
617 573 315992254
607 850 602384521
311 245 729131971
92 448 843124991
631 116 844868093
73 781 424394482
669 276 218813758
374 112 620309739
851 668 89540015
543 170 911215798
811 854 476628011
47 85 355194727
21 416 140904221
519 508 113127801
893 816 323836173
737 161 634029241
370 231 646761989
896 304 690394518
543 642 740318244
869 353 780515051
577 811 964881186
626 648 59671455
315 298 767931726
272 123 790370670
659 724 757085940
460 147 783640640
839 325 30370224
188 711 399311335
279 492 232623425
637 160 631863954
180 544 149176449
68 547 743186354
546 253 709949224
895 408 792973444
423 621 119578824
873 432 738226084
558 422 954731031
818 643 547486057
421 315 681654115
305 345 509628393
601 705 625418342
783 244 72544273
322 494 377280085
876 790 18536062
246 887 745551534
355 762 220459382
896 524 87984816
877 121 945140295
112 839 493609399
673 262 984563011
885 439 572940715
350 411 344112518
771 431 7584539
783 114 293420383
55 517 816556114
631 182 17419144
385 136 401182452
347 498 175254495
558 43 918139608
568 701 22927259
577 362 523408784
808 485 985817544
345 130 413746732
582 731 956887781
703 547 924427458
668 46 906634568
491 215 843627515
653 71 3611944
455 454 237824099
553 646 274908697
390 26 305493223
349 875 183738068
359 615 755921305
32 474 678210761
222 275 25601190
822 820 857296778
612 748 67263646
323 301 287121113
98 803 738065882
277 28 816072553
897 278 774088008
71 667 533582163
812 64 783151228
751 565 391308541
856 37 450476043
791 146 100804862
276 374 906805697
321 439 913550676
42 502 115161988
832 91 877030184
660 687 251466321
152 879 78332811
165 393 45147892
897 723 450317772
498 525 264334577
572 201 55454389
882 899 731995501
767 75 16562684
861 24 159613621
607 291 975132022
474 290 666840848
173 225 870622223
799 369 683508237
83 862 941467289
446 132 123706089
457 351 479628746
815 689 688960767
819 531 937506010
467 294 119976587
165 895 427823879
787 622 933667439
853 617 887875583
553 4 375234883
212 613 871982264
665 809 159670633
174 210 420056393
445 596 185494224
812 589 99620182
609 865 324544640
676 587 440103556
347 230 257050393
541 428 936220358
189 753 784000035
543 308 376405609
131 134 422379636
811 303 390943887
133 282 445961275
790 768 494927973
266 381 844470874
276 384 328422303
390 851 491159886
659 140 152457561
247 742 412924655
631 318 176743078
595 575 830283877
677 145 422109982
774 155 865403134
46 343 719287508
553 47 28165676
606 342 209362405
558 358 687506030
719 685 526503731
588 802 553551740
545 627 395543828
855 506 17078768
650 831 103543510
449 791 586186063
577 465 749177315
241 545 910000117
455 425 757746308
279 476 332670359
390 465 352068570
477 60 130643809
782 178 271202937
693 31 165257653
558 745 789188540
759 8 598116098
45 259 956574201
32 763 519127083
101 785 361669541
857 804 837772500
52 756 489006547
740 457 415817691
459 247 944963710
464 236 178168582
880 888 739273916
279 649 813665272
152 387 302779405
839 897 549661159
127 610 639938025
40 211 928406000
175 632 524567460
686 326 171065374
663 321 205448495
218 445 253403966
577 316 916034008
500 14 833407369
54 441 701933567
641 778 208246563
194 403 243515279
610 606 223281157
331 774 801254816
331 695 774287367
572 235 128668874
708 399 69124808
271 566 748706764
395 759 668145887
30 314 499867955
447 775 431979235
244 470 520519856
695 25 986893980
184 354 264590787
511 303 268394255
211 201 620275484
771 483 324599917
873 92 722387545
744 787 316462345
395 501 461923229
433 793 216777212
347 277 387808372
584 679 64435428
248 574 414179020
808 166 792380169
328 30 388170747
724 1 982334033
610 174 910946780
833 484 527277170
165 171 48282826
361 271 79976678
359 515 919290758
224 203 403469361
866 312 761482542
607 176 99453849
41 530 224925786
520 599 369643589
868 430 555602364
167 97 459184139
543 533 407646718
745 529 784598107
240 414 801422308
407 718 187885521
764 600 313029118
128 673 943261863
745 77 727730862
109 729 995120926
133 620 357549801
290 487 190099401
599 535 259401936
215 697 64747341
109 213 367353735
497 420 188289265
133 262 367243230
218 207 518301242
761 348 184008202
693 868 947551785
116 608 974345120
556 17 94366252
868 187 42477375
837 202 269226541
807 380 658422728
522 880 826864604
376 109 59357707
881 891 606222085
69 38 533158394
323 611 290290507
56 675 450575133
1 528 581452141
448 629 139530569
157 792 430078939
772 76 836032859
159 122 387741737
527 314 550207623
876 272 838992126
474 335 163768724
172 461 901145480
678 102 77513644
21 513 967920518
877 555 158800574
463 751 972333185
224 44 347402533
725 582 760948305
623 520 351001398
553 289 395215530
130 894 135289110
21 838 715540975
800 489 425604803
258 770 321140859
209 538 606334586
565 284 379841167
480 327 563859035
124 543 851579229
885 604 807495870
337 72 739062859
129 426 912559196
311 442 322569115
305 23 357388848
635 183 57747467
423 392 493119886
247 158 320634116
163 396 335456092
514 125 628480868
504 819 150589845
112 595 519153383
648 886 609514377
16 233 817071892
453 251 16927598
851 674 151437024
744 708 200563619
370 423 490333495
327 754 45884562
553 224 649497514
317 106 367252763
260 173 540808443
640 764 573557232
724 800 892728804
663 514 883628765
319 257 916169960
500 735 194795959
295 755 702339353
444 295 548083027
465 676 680705819
623 102 950034646
241 95 816312241
834 198 773230600
858 405 198296153
231 628 209454753
340 641 78214911
724 96 893387066
653 647 841167560
226 82 274982028
374 607 350502517
128 812 28300930
127 256 581456298
140 200 982541691
195 329 605240621
632 856 887925815
529 554 445334758
792 62 423585860
195 452 742662737
242 750 393982040
748 443 788335131
347 194 428809286
86 292 676151442
32 558 154997515
783 323 907866927
811 108 844690997
897 497 86706250
659 312 85155285
209 317 599418604
141 406 382506346
659 344 212595627
881 696 975039791
891 219 751660762
623 118 493304402
231 279 396996976
267 734 598317569
412 580 628238301
25 391 931695361
897 660 512919717
504 740 466735329
866 470 914016607
878 463 562369277
321 672 838040089
484 110 660106892
476 698 380347726
65 340 664810098
394 214 980827407
244 717 752940130
361 825 129726503
840 389 297313659
370 669 292033460
278 385 602630883
592 382 380175528
41 35 125783337
724 640 814966860
800 86 757500058
885 437 368413120
427 813 216513722
599 191 907742043
172 509 619533226
63 248 775952850
862 88 629736828
451 709 126215407
452 359 869726891
730 582 456783917
615 394 425512156
126 699 175975439
659 806 963415046
118 627 749406201
695 189 660038182
38 81 350272103
444 281 404626363
572 444 919977289
233 749 891983130
245 468 119146134
19 491 183972973
505 521 601260318
597 206 883757414
96 6 236137410
868 70 646775064
279 359 341923561
719 597 914982160
379 244 397299397
758 142 119915354
166 638 809914991
640 721 740547882
364 300 456319347
627 694 720296875
462 401 209310662
474 564 191310076
286 354 943217446
152 478 409624154
115 481 490300524
546 482 810605949
475 415 969695026
514 612 837915701
547 823 84838325
872 732 669303134
115 863 328588045
237 120 349580790
584 739 607257210
862 504 974267116
529 889 541539570
444 693 330469716
403 103 317003164
140 845 423265922
259 855 861266891
11 347 379095925
231 890 310484976
225 339 136516732
34 805 985693518
759 49 312894106
140 86 7678427
20 232 782615793
209 784 489601441
687 264 320344151
724 9 934969171
371 167 68246085
432 728 677700305
108 293 202018078
851 96 593521833
393 150 258606398
22 777 641783439
831 671 709809695
885 481 361384330
509 552 670769326
797 870 74914074
157 807 43916749
295 451 15030575
102 503 89065949
442 337 679448387
295 221 326431710
492 302 676264608
800 352 101345450
146 5 123042588
92 837 289300023
195 83 391586460
653 788 940148187
502 203 560280024
790 861 160748546
666 786 229847790
89 593 700980803
770 706 411153684
582 430 463301461
155 258 800541499
356 466 396936778
110 310 644654328
141 690 246984887
45 826 416331185
68 480 647487331
403 780 335627517
69 111 434609044
33 666 845315600
481 87 890942875
873 212 180282421
607 653 845217994
851 40 724629122
674 460 116134951
774 737 755739467
157 869 683701946
862 716 30534095
841 684 126958379
500 546 775324583
194 828 674910186
534 417 852787181
755 39 309286095
736 197 296600585
659 623 532925465
674 664 436932017
511 696 69205152
608 169 682093732
256 191 591870360
249 400 667664231
848 240 388144703
94 626 565011725
426 164 121975928
791 603 451293838
449 336 795116103
279 34 213469384
26 258 898040102
786 19 205631952
195 32 820828601
609 703 456009803
522 10 323195508
185 821 907642367
786 163 858100635
370 900 499109541
321 819 495073523
405 716 584529096
56 410 118998713
379 843 558318786
675 857 773331728
283 383 692139094
126 149 321571616
873 685 949182294
165 900 84576394
572 115 721457216
273 257 920256558
1 588 95209910
283 709 934420743
338 455 305531328
295 226 963212333
591 283 334892808
379 172 914740900
6 459 640325109
881 551 440826532
343 229 536834691
52 29 164918475
341 846 580824585
313 651 813055091
792 412 105625685
340 454 273454385
851 101 412851263
176 876 103089169
209 376 432623227
34 287 924012250
425 532 162153859
110 471 640267187
706 107 959386879
43 586 870592451
676 154 755022217
669 157 292747830
127 522 559108439
290 359 49999180
792 41 288601546
173 203 484794327
623 45 196581541
897 841 982808907
188 352 475094477
167 655 549221183
535 512 805622082
577 390 715612357
807 456 734633620
769 84 187384873
657 738 53773713
879 360 8833710
45 704 948051299
220 91 95083095
