600 898 300
1 2 3 4 5 6 7 8 9 10 11 12 13 14 15 16 17 18 19 20 21 22 23 24 25 26 27 28 29 30 31 32 33 34 35 36 37 38 39 40 41 42 43 44 45 46 47 48 49 50 51 52 53 54 55 56 57 58 59 60 61 62 63 64 65 66 67 68 69 70 71 72 73 74 75 76 77 78 79 80 81 82 83 84 85 86 87 88 89 90 91 92 93 94 95 96 97 98 99 100 101 102 103 104 105 106 107 108 109 110 111 112 113 114 115 116 117 118 119 120 121 122 123 124 125 126 127 128 129 130 131 132 133 134 135 136 137 138 139 140 141 142 143 144 145 146 147 148 149 150 151 152 153 154 155 156 157 158 159 160 161 162 163 164 165 166 167 168 169 170 171 172 173 174 175 176 177 178 179 180 181 182 183 184 185 186 187 188 189 190 191 192 193 194 195 196 197 198 199 200 201 202 203 204 205 206 207 208 209 210 211 212 213 214 215 216 217 218 219 220 221 222 223 224 225 226 227 228 229 230 231 232 233 234 235 236 237 238 239 240 241 242 243 244 245 246 247 248 249 250 251 252 253 254 255 256 257 258 259 260 261 262 263 264 265 266 267 268 269 270 271 272 273 274 275 276 277 278 279 280 281 282 283 284 285 286 287 288 289 290 291 292 293 294 295 296 297 298 299 300
1 2 3
2 3 3
3 4 3
4 5 3
5 6 3
6 7 3
7 8 3
8 9 3
9 10 3
10 11 3
11 12 3
12 13 3
13 14 3
14 15 3
15 16 3
16 17 3
17 18 3
18 19 3
19 20 3
20 21 3
21 22 3
22 23 3
23 24 3
24 25 3
25 26 3
26 27 3
27 28 3
28 29 3
29 30 3
30 31 3
31 32 3
32 33 3
33 34 3
34 35 3
35 36 3
36 37 3
37 38 3
38 39 3
39 40 3
40 41 3
41 42 3
42 43 3
43 44 3
44 45 3
45 46 3
46 47 3
47 48 3
48 49 3
49 50 3
50 51 3
51 52 3
52 53 3
53 54 3
54 55 3
55 56 3
56 57 3
57 58 3
58 59 3
59 60 3
60 61 3
61 62 3
62 63 3
63 64 3
64 65 3
65 66 3
66 67 3
67 68 3
68 69 3
69 70 3
70 71 3
71 72 3
72 73 3
73 74 3
74 75 3
75 76 3
76 77 3
77 78 3
78 79 3
79 80 3
80 81 3
81 82 3
82 83 3
83 84 3
84 85 3
85 86 3
86 87 3
87 88 3
88 89 3
89 90 3
90 91 3
91 92 3
92 93 3
93 94 3
94 95 3
95 96 3
96 97 3
97 98 3
98 99 3
99 100 3
100 101 3
101 102 3
102 103 3
103 104 3
104 105 3
105 106 3
106 107 3
107 108 3
108 109 3
109 110 3
110 111 3
111 112 3
112 113 3
113 114 3
114 115 3
115 116 3
116 117 3
117 118 3
118 119 3
119 120 3
120 121 3
121 122 3
122 123 3
123 124 3
124 125 3
125 126 3
126 127 3
127 128 3
128 129 3
129 130 3
130 131 3
131 132 3
132 133 3
133 134 3
134 135 3
135 136 3
136 137 3
137 138 3
138 139 3
139 140 3
140 141 3
141 142 3
142 143 3
143 144 3
144 145 3
145 146 3
146 147 3
147 148 3
148 149 3
149 150 3
150 151 3
151 152 3
152 153 3
153 154 3
154 155 3
155 156 3
156 157 3
157 158 3
158 159 3
159 160 3
160 161 3
161 162 3
162 163 3
163 164 3
164 165 3
165 166 3
166 167 3
167 168 3
168 169 3
169 170 3
170 171 3
171 172 3
172 173 3
173 174 3
174 175 3
175 176 3
176 177 3
177 178 3
178 179 3
179 180 3
180 181 3
181 182 3
182 183 3
183 184 3
184 185 3
185 186 3
186 187 3
187 188 3
188 189 3
189 190 3
190 191 3
191 192 3
192 193 3
193 194 3
194 195 3
195 196 3
196 197 3
197 198 3
198 199 3
199 200 3
200 201 3
201 202 3
202 203 3
203 204 3
204 205 3
205 206 3
206 207 3
207 208 3
208 209 3
209 210 3
210 211 3
211 212 3
212 213 3
213 214 3
214 215 3
215 216 3
216 217 3
217 218 3
218 219 3
219 220 3
220 221 3
221 222 3
222 223 3
223 224 3
224 225 3
225 226 3
226 227 3
227 228 3
228 229 3
229 230 3
230 231 3
231 232 3
232 233 3
233 234 3
234 235 3
235 236 3
236 237 3
237 238 3
238 239 3
239 240 3
240 241 3
241 242 3
242 243 3
243 244 3
244 245 3
245 246 3
246 247 3
247 248 3
248 249 3
249 250 3
250 251 3
251 252 3
252 253 3
253 254 3
254 255 3
255 256 3
256 257 3
257 258 3
258 259 3
259 260 3
260 261 3
261 262 3
262 263 3
263 264 3
264 265 3
265 266 3
266 267 3
267 268 3
268 269 3
269 270 3
270 271 3
271 272 3
272 273 3
273 274 3
274 275 3
275 276 3
276 277 3
277 278 3
278 279 3
279 280 3
280 281 3
281 282 3
282 283 3
283 284 3
284 285 3
285 286 3
286 287 3
287 288 3
288 289 3
289 290 3
290 291 3
291 292 3
292 293 3
293 294 3
294 295 3
295 296 3
296 297 3
297 298 3
298 299 3
299 300 3
1 301 2
2 301 2
3 301 2
4 301 2
5 301 2
6 301 2
7 301 2
8 301 2
9 301 2
10 301 2
11 301 2
12 301 2
13 301 2
14 301 2
15 301 2
16 301 2
17 301 2
18 301 2
19 301 2
20 301 2
21 301 2
22 301 2
23 301 2
24 301 2
25 301 2
26 301 2
27 301 2
28 301 2
29 301 2
30 301 2
31 301 2
32 301 2
33 301 2
34 301 2
35 301 2
36 301 2
37 301 2
38 301 2
39 301 2
40 301 2
41 301 2
42 301 2
43 301 2
44 301 2
45 301 2
46 301 2
47 301 2
48 301 2
49 301 2
50 301 2
51 301 2
52 301 2
53 301 2
54 301 2
55 301 2
56 301 2
57 301 2
58 301 2
59 301 2
60 301 2
61 301 2
62 301 2
63 301 2
64 301 2
65 301 2
66 301 2
67 301 2
68 301 2
69 301 2
70 301 2
71 301 2
72 301 2
73 301 2
74 301 2
75 301 2
76 301 2
77 301 2
78 301 2
79 301 2
80 301 2
81 301 2
82 301 2
83 301 2
84 301 2
85 301 2
86 301 2
87 301 2
88 301 2
89 301 2
90 301 2
91 301 2
92 301 2
93 301 2
94 301 2
95 301 2
96 301 2
97 301 2
98 301 2
99 301 2
100 301 2
101 301 2
102 301 2
103 301 2
104 301 2
105 301 2
106 301 2
107 301 2
108 301 2
109 301 2
110 301 2
111 301 2
112 301 2
113 301 2
114 301 2
115 301 2
116 301 2
117 301 2
118 301 2
119 301 2
120 301 2
121 301 2
122 301 2
123 301 2
124 301 2
125 301 2
126 301 2
127 301 2
128 301 2
129 301 2
130 301 2
131 301 2
132 301 2
133 301 2
134 301 2
135 301 2
136 301 2
137 301 2
138 301 2
139 301 2
140 301 2
141 301 2
142 301 2
143 301 2
144 301 2
145 301 2
146 301 2
147 301 2
148 301 2
149 301 2
150 301 2
151 301 2
152 301 2
153 301 2
154 301 2
155 301 2
156 301 2
157 301 2
158 301 2
159 301 2
160 301 2
161 301 2
162 301 2
163 301 2
164 301 2
165 301 2
166 301 2
167 301 2
168 301 2
169 301 2
170 301 2
171 301 2
172 301 2
173 301 2
174 301 2
175 301 2
176 301 2
177 301 2
178 301 2
179 301 2
180 301 2
181 301 2
182 301 2
183 301 2
184 301 2
185 301 2
186 301 2
187 301 2
188 301 2
189 301 2
190 301 2
191 301 2
192 301 2
193 301 2
194 301 2
195 301 2
196 301 2
197 301 2
198 301 2
199 301 2
200 301 2
201 301 2
202 301 2
203 301 2
204 301 2
205 301 2
206 301 2
207 301 2
208 301 2
209 301 2
210 301 2
211 301 2
212 301 2
213 301 2
214 301 2
215 301 2
216 301 2
217 301 2
218 301 2
219 301 2
220 301 2
221 301 2
222 301 2
223 301 2
224 301 2
225 301 2
226 301 2
227 301 2
228 301 2
229 301 2
230 301 2
231 301 2
232 301 2
233 301 2
234 301 2
235 301 2
236 301 2
237 301 2
238 301 2
239 301 2
240 301 2
241 301 2
242 301 2
243 301 2
244 301 2
245 301 2
246 301 2
247 301 2
248 301 2
249 301 2
250 301 2
251 301 2
252 301 2
253 301 2
254 301 2
255 301 2
256 301 2
257 301 2
258 301 2
259 301 2
260 301 2
261 301 2
262 301 2
263 301 2
264 301 2
265 301 2
266 301 2
267 301 2
268 301 2
269 301 2
270 301 2
271 301 2
272 301 2
273 301 2
274 301 2
275 301 2
276 301 2
277 301 2
278 301 2
279 301 2
280 301 2
281 301 2
282 301 2
283 301 2
284 301 2
285 301 2
286 301 2
287 301 2
288 301 2
289 301 2
290 301 2
291 301 2
292 301 2
293 301 2
294 301 2
295 301 2
296 301 2
297 301 2
298 301 2
299 301 2
300 301 2
301 302 1
301 303 1
301 304 1
301 305 1
301 306 1
301 307 1
301 308 1
301 309 1
301 310 1
301 311 1
301 312 1
301 313 1
301 314 1
301 315 1
301 316 1
301 317 1
301 318 1
301 319 1
301 320 1
301 321 1
301 322 1
301 323 1
301 324 1
301 325 1
301 326 1
301 327 1
301 328 1
301 329 1
301 330 1
301 331 1
301 332 1
301 333 1
301 334 1
301 335 1
301 336 1
301 337 1
301 338 1
301 339 1
301 340 1
301 341 1
301 342 1
301 343 1
301 344 1
301 345 1
301 346 1
301 347 1
301 348 1
301 349 1
301 350 1
301 351 1
301 352 1
301 353 1
301 354 1
301 355 1
301 356 1
301 357 1
301 358 1
301 359 1
301 360 1
301 361 1
301 362 1
301 363 1
301 364 1
301 365 1
301 366 1
301 367 1
301 368 1
301 369 1
301 370 1
301 371 1
301 372 1
301 373 1
301 374 1
301 375 1
301 376 1
301 377 1
301 378 1
301 379 1
301 380 1
301 381 1
301 382 1
301 383 1
301 384 1
301 385 1
301 386 1
301 387 1
301 388 1
301 389 1
301 390 1
301 391 1
301 392 1
301 393 1
301 394 1
301 395 1
301 396 1
301 397 1
301 398 1
301 399 1
301 400 1
301 401 1
301 402 1
301 403 1
301 404 1
301 405 1
301 406 1
301 407 1
301 408 1
301 409 1
301 410 1
301 411 1
301 412 1
301 413 1
301 414 1
301 415 1
301 416 1
301 417 1
301 418 1
301 419 1
301 420 1
301 421 1
301 422 1
301 423 1
301 424 1
301 425 1
301 426 1
301 427 1
301 428 1
301 429 1
301 430 1
301 431 1
301 432 1
301 433 1
301 434 1
301 435 1
301 436 1
301 437 1
301 438 1
301 439 1
301 440 1
301 441 1
301 442 1
301 443 1
301 444 1
301 445 1
301 446 1
301 447 1
301 448 1
301 449 1
301 450 1
301 451 1
301 452 1
301 453 1
301 454 1
301 455 1
301 456 1
301 457 1
301 458 1
301 459 1
301 460 1
301 461 1
301 462 1
301 463 1
301 464 1
301 465 1
301 466 1
301 467 1
301 468 1
301 469 1
301 470 1
301 471 1
301 472 1
301 473 1
301 474 1
301 475 1
301 476 1
301 477 1
301 478 1
301 479 1
301 480 1
301 481 1
301 482 1
301 483 1
301 484 1
301 485 1
301 486 1
301 487 1
301 488 1
301 489 1
301 490 1
301 491 1
301 492 1
301 493 1
301 494 1
301 495 1
301 496 1
301 497 1
301 498 1
301 499 1
301 500 1
301 501 1
301 502 1
301 503 1
301 504 1
301 505 1
301 506 1
301 507 1
301 508 1
301 509 1
301 510 1
301 511 1
301 512 1
301 513 1
301 514 1
301 515 1
301 516 1
301 517 1
301 518 1
301 519 1
301 520 1
301 521 1
301 522 1
301 523 1
301 524 1
301 525 1
301 526 1
301 527 1
301 528 1
301 529 1
301 530 1
301 531 1
301 532 1
301 533 1
301 534 1
301 535 1
301 536 1
301 537 1
301 538 1
301 539 1
301 540 1
301 541 1
301 542 1
301 543 1
301 544 1
301 545 1
301 546 1
301 547 1
301 548 1
301 549 1
301 550 1
301 551 1
301 552 1
301 553 1
301 554 1
301 555 1
301 556 1
301 557 1
301 558 1
301 559 1
301 560 1
301 561 1
301 562 1
301 563 1
301 564 1
301 565 1
301 566 1
301 567 1
301 568 1
301 569 1
301 570 1
301 571 1
301 572 1
301 573 1
301 574 1
301 575 1
301 576 1
301 577 1
301 578 1
301 579 1
301 580 1
301 581 1
301 582 1
301 583 1
301 584 1
301 585 1
301 586 1
301 587 1
301 588 1
301 589 1
301 590 1
301 591 1
301 592 1
301 593 1
301 594 1
301 595 1
301 596 1
301 597 1
301 598 1
301 599 1
301 600 1
