900 1000 2
336 223
58 64 304878633
898 624 79062396
746 770 639190420
362 612 594341350
218 347 264159921
252 698 582317053
29 649 450867690
608 518 209064171
18 682 45962138
664 828 455984700
596 446 256344365
369 35 87695193
475 233 8805489
620 186 111094121
747 180 663560656
872 499 576282127
435 601 535424380
614 608 240388067
644 530 393343218
496 14 965142933
227 77 753562353
125 854 182116501
266 72 453314643
85 701 759078459
222 642 922042309
145 265 387976200
218 693 388525624
538 419 420014196
371 331 321621694
595 820 730441627
29 468 31283824
616 523 922420917
698 525 735660577
470 137 416120103
573 165 97635019
652 122 171610123
883 319 777411095
420 861 648925098
552 250 619913456
483 834 162927739
30 836 722522095
183 126 345984171
380 150 774545764
234 822 333250168
75 740 567438507
228 48 396767449
782 783 376638765
296 579 312785462
842 234 376572963
72 416 122513076
48 650 508336831
618 782 894690176
717 714 911182557
29 251 333557647
789 719 755549750
664 577 16464276
430 124 66119926
616 366 398535261
298 812 763401964
314 871 249700824
458 644 60621826
632 844 966352536
847 44 169875439
871 504 802689099
477 702 150693704
381 490 188261549
83 431 474412841
472 272 356140815
514 410 390496248
358 407 849182212
511 505 755121376
204 498 232443603
350 882 604382970
822 779 837668037
423 162 471841119
128 7 689198100
754 373 871996008
29 548 509742508
665 524 41668696
95 516 826059663
866 199 591610247
694 855 359542940
721 27 882313932
342 125 256627946
131 424 53690706
679 894 346432242
102 503 848667971
467 521 604569395
290 316 642593021
184 817 492236636
716 179 316066910
899 518 708976130
19 164 791368878
107 296 775138293
893 405 148321152
811 200 710429245
610 778 543742473
380 637 216088502
218 102 143313762
476 173 367988183
446 557 921643244
851 436 915929606
467 621 973971291
198 777 140160409
496 453 332419845
277 324 333057377
343 880 75042643
421 866 669291857
388 127 921774923
208 531 147718988
538 40 1803939
872 574 982581229
830 652 7288727
728 264 950618535
640 633 73214037
496 29 233492442
168 672 767705275
671 300 532553979
773 34 199308260
640 438 197841223
775 244 818441299
89 767 63921705
558 210 726696941
470 799 790171389
325 323 633257410
486 101 326515969
789 808 579043692
57 527 85235008
369 393 118198679
320 138 377340215
383 148 431573915
301 68 51995450
387 666 553321846
601 288 385790105
277 786 998737640
485 32 87257505
823 536 938450950
84 479 6385857
137 460 344751590
116 59 527787187
369 293 621180865
641 749 608772585
313 615 796835848
85 301 342118534
307 353 65284900
575 4 919164815
395 892 182257923
589 84 395067703
77 401 641678937
583 860 392669270
750 334 28576228
789 589 360737237
332 547 166776166
888 104 282637178
809 108 603359000
531 766 469443410
554 491 768880573
173 313 640437026
895 409 236859875
103 542 681387118
177 413 447614738
462 305 969448657
467 544 694819859
360 595 433948724
252 107 318814911
289 442 345739643
521 285 809805665
689 256 834972576
198 130 901705979
728 785 297116369
5 570 211308458
556 286 203154154
721 326 277786891
842 789 101907259
103 221 23526568
496 149 438103637
737 83 5201495
783 825 594531223
705 549 716647837
891 405 6328703
835 712 769396174
496 842 704232533
445 105 914062540
55 758 881851708
358 80 773918646
547 515 466115967
503 591 193719631
467 266 510226983
783 729 500934811
401 707 624237596
620 387 752652175
728 694 683714128
388 153 924255080
787 619 331519541
305 753 99993673
55 53 307097579
734 192 235568565
377 686 807688587
167 115 742279299
294 622 438838202
789 5 110546915
701 532 476915267
305 96 824285192
741 801 972551243
55 121 25184479
792 201 110245331
486 145 289951113
480 477 139794511
63 86 194145875
323 67 743013540
694 773 343014120
264 763 497582142
310 3 229489855
485 193 883531255
550 129 949665274
384 13 909691336
377 1 742421166
76 745 520342880
417 677 782255599
435 541 257574721
694 785 647884424
862 394 634742085
30 119 709412141
327 752 822268240
480 676 796379192
227 722 881569654
651 879 438559950
554 389 403553347
673 299 775057185
227 278 508406361
265 833 270693319
409 520 871961910
452 307 875003034
381 79 953063719
356 202 650320885
702 375 755495063
202 403 852700600
556 835 550114915
350 898 523532529
568 10 422368800
830 562 519545406
621 2 729806669
737 830 520333853
649 452 86510816
854 100 746581712
660 305 24323591
93 404 11057930
445 69 718348898
676 546 980925304
486 471 302401114
255 78 3208681
212 474 826508303
842 616 389893775
43 678 192986298
607 550 839539109
616 81 674904594
75 230 336958706
511 220 841502747
287 110 700192418
251 664 253615719
890 543 643122342
21 82 867673994
325 118 237937943
96 116 401214168
531 494 708171594
14 645 722051836
598 512 774625902
640 154 758183208
402 141 132828887
534 876 314582694
207 609 785044881
77 839 768793217
264 338 722000429
660 630 634246142
298 736 143923182
424 228 787036781
446 518 456082166
377 163 598994879
659 197 980799182
483 853 566932727
879 894 919022600
844 168 16122759
312 816 691712274
552 58 481159364
785 365 590340952
7 744 844380069
560 335 192217208
93 626 45140689
824 556 437111399
235 791 325368182
94 367 610182157
421 320 556000641
48 257 455647457
477 47 778484446
635 343 558074108
845 135 447268554
421 119 4742002
660 190 155408482
352 158 323845875
93 381 508385529
212 258 958441457
702 560 654251221
89 669 338194861
787 470 190924467
602 815 183533166
448 590 598895706
615 631 216602830
421 65 754825168
371 545 555446552
866 167 948840875
19 603 12576791
212 188 440611805
844 42 218788224
612 664 300262988
855 18 619157361
116 151 821974771
751 611 891206499
138 793 133649541
589 623 24159799
237 443 106495816
899 588 603425719
554 283 894600020
118 360 922453242
493 895 218023264
303 206 779693097
513 415 691751050
334 295 988279302
517 710 731481670
611 15 543895605
632 756 915359801
499 456 225258256
266 754 893496762
818 731 28763557
479 45 212610623
27 203 403039648
615 288 480430795
441 33 294215256
651 580 60355112
571 716 380186747
632 627 686059476
280 391 987705975
610 826 73670383
190 671 256163226
421 869 187739849
866 578 783187627
809 747 879707156
525 609 529107988
673 538 84425243
121 175 663348367
403 268 465198633
40 724 979698376
65 763 82162458
661 291 2206805
894 8 725608055
26 459 377293074
419 458 828972497
262 272 999561450
55 746 602640296
20 480 168631132
853 304 138524768
571 429 812824647
20 132 230262001
237 655 751740761
132 887 420568607
700 739 196513831
773 663 907829370
747 485 695011867
285 679 632148701
477 174 864044744
224 703 803386129
534 706 873946940
389 775 397272920
635 435 910531812
122 390 101734201
446 269 830465992
536 709 998692124
168 392 411594229
64 723 252992438
825 555 453598528
501 854 74444118
416 231 236875399
418 605 24486228
533 428 520643571
744 506 374529185
107 635 382199047
778 691 503235440
518 201 53577680
149 418 457991194
617 213 686177188
514 733 841574537
301 528 10362051
578 806 938562593
195 298 43849075
589 453 674363969
730 540 937264961
457 507 102920210
673 493 139882575
787 607 553806098
874 794 461922210
824 101 762919518
477 593 126111377
604 674 814114531
728 369 469286117
156 643 684993143
181 395 691432355
392 641 905729893
656 217 113736130
403 289 557675274
529 71 483355398
778 112 503914904
498 133 162751461
297 378 206396341
400 513 866635751
301 805 504909322
623 225 320595561
275 657 697868074
534 787 928528033
830 382 142522900
834 738 464222308
612 583 505540867
294 445 951339939
310 515 398989885
175 31 538461387
676 661 771874076
269 73 114402836
559 303 829242149
567 306 431204140
131 333 967246295
731 743 552526636
305 653 756212138
479 74 69716936
357 286 859326939
717 249 628316934
239 437 712808003
125 797 837436488
399 688 463554428
456 263 125866060
496 847 322362101
256 651 489279796
409 886 339069316
842 660 630066924
740 123 722499031
842 208 208995945
501 198 120491936
350 161 440813736
534 486 192602752
616 287 249396173
457 354 880711743
197 876 637411727
294 582 151914489
622 701 574009689
287 718 829410968
568 824 220006443
689 302 371225962
746 730 121735736
48 846 801410306
560 831 943485420
251 61 482737625
842 227 318228064
343 215 282452781
380 291 466987637
746 219 315942182
798 600 549329431
448 715 283301596
471 21 137886972
559 317 446257550
818 273 917034803
682 39 840329496
473 370 742103036
898 212 658728956
452 340 890562453
647 144 993207867
718 181 55722184
92 768 955446822
599 195 910573287
853 244 557181715
266 120 745112302
728 814 520134751
749 788 492042767
630 311 814994687
820 748 171082206
881 50 584676913
827 762 847091439
68 409 722722444
369 51 931415970
686 896 366109057
356 75 928001498
676 166 266543589
501 832 570493336
589 344 503279901
171 658 834337315
217 571 437190340
630 336 355159088
793 329 456416524
93 98 245749683
291 87 104743611
564 240 871779458
470 558 877030437
698 517 218923408
194 70 472276097
225 875 520795818
664 864 915013784
264 427 263923570
760 670 157268956
689 88 380349816
102 246 659172117
167 41 857438016
40 721 866593877
719 399 742320577
474 509 856583029
726 259 985323640
198 420 118487209
628 111 284833712
13 868 716889526
96 497 484769372
635 483 365017197
366 640 941416536
874 537 633389813
365 473 47878155
558 890 320496818
725 615 868218832
25 695 187709044
632 618 841517770
462 741 105191530
228 631 41510159
631 41 938122534
128 36 900039652
118 810 786784658
431 478 70553096
614 831 419605718
67 5 961247979
648 255 816268394
843 444 419541567
655 726 446125397
424 92 82889965
430 332 720078499
22 31 952484396
18 526 295752783
514 889 480302498
552 510 171401605
457 222 87091697
190 358 125952931
44 464 190206429
534 671 198353560
331 522 552641663
573 254 526699152
287 772 755218055
325 119 666280463
93 5 920901848
184 25 630465338
511 553 602225133
296 91 142077804
45 38 853065048
785 495 900007309
549 426 453974257
71 804 275919608
107 731 400963746
643 216 809167411
594 749 165355534
313 492 406303623
554 337 488023552
473 433 893784578
29 260 849619
138 594 639429346
381 130 43186494
270 364 401694981
820 894 192288384
704 628 192978141
419 575 23610573
80 755 323721828
733 277 352903593
190 613 624226529
554 730 79504819
853 880 122750935
55 281 40605830
114 482 965970648
109 711 913580984
65 309 677560388
167 328 460898765
448 287 589373964
106 757 420227320
717 620 481590866
765 629 284776724
95 527 10117095
110 408 120587475
334 209 439306385
479 856 943973740
741 586 278764822
384 697 770446878
746 803 470332336
574 422 455111451
368 606 641857666
891 318 159394411
486 388 310169358
392 341 743547875
18 737 328941458
725 884 139677176
895 229 347671498
888 587 972086076
501 312 481934210
842 800 864483300
336 223 234927805
883 630 144426592
120 72 924270742
377 899 311211260
761 742 762970653
566 500 195591615
636 117 216896694
67 725 61101630
53 23 490306889
483 786 740674397
109 566 292218368
325 717 843937078
462 466 452448252
798 781 442310064
354 46 412262761
187 759 868346238
818 802 627175638
601 368 362441376
4 469 793463280
65 146 637729220
490 176 846004728
766 849 540238380
59 817 930059898
218 554 830007029
386 852 927029301
659 253 573127636
266 377 431410273
538 617 908687505
325 448 735738824
112 214 201074067
868 194 898290691
94 114 222610538
343 440 994191225
29 366 100403288
884 514 774130693
640 447 6136355
653 720 284006149
525 634 600804205
661 576 588560860
870 780 624409513
371 765 212963903
397 205 839808583
702 94 439025349
178 236 336456931
109 49 743792682
319 625 593749255
661 454 509565451
232 843 637122374
728 184 196916357
606 569 621763765
398 467 401039670
266 883 9298975
168 383 601598870
750 487 75726779
486 339 625048279
195 675 896255889
728 616 422283233
458 472 678385025
29 888 399032273
14 362 779247452
305 484 725364291
121 91 4331988
83 271 38354674
577 819 737436599
855 813 171717125
754 146 280696751
820 262 634807690
483 792 353913954
570 106 590909473
358 261 13798783
721 612 724853263
80 653 871347217
772 900 598263207
163 685 57206939
131 207 894806440
855 711 148831247
377 552 384795843
700 812 345642627
330 489 254847771
607 891 933348249
53 93 583649080
303 17 844768275
252 76 735436168
691 302 857671191
545 85 522976979
421 192 784866358
547 97 206456120
649 6 776826668
862 242 291174400
622 211 17450722
552 314 404702066
282 243 600885294
89 235 323833549
220 385 703990977
105 379 717145738
673 384 58806556
325 270 756422420
849 434 843675196
380 734 74026552
670 279 47070778
759 897 265663422
283 62 300704165
419 520 553006943
291 508 470345404
396 380 258676177
190 857 974066699
87 774 70371079
65 636 192620971
25 807 116054088
737 16 467311334
841 99 610405274
615 732 429744571
42 103 111477890
309 675 634078255
689 872 2086040
700 893 557372513
719 252 344703554
723 573 757657472
667 245 4829070
96 795 795174692
898 425 480899727
709 406 995922737
649 501 177271835
550 159 34120427
403 351 380649661
190 350 936916651
184 187 402321942
481 153 978828964
387 638 239367872
17 201 170254734
882 280 875862603
579 248 411654998
294 667 399193955
432 52 295072317
842 128 416396765
810 450 512075893
369 136 40088691
109 475 202805855
460 602 130591706
81 462 975852285
380 432 655172606
751 863 35062794
197 859 217176409
121 182 676787060
845 56 820420585
812 103 581351116
589 596 904166255
349 327 571258728
282 310 270499852
897 363 194540400
549 796 506984668
607 189 478779355
275 142 795046995
398 294 534657336
73 322 350863833
625 461 27341377
424 881 246501609
464 581 717862146
751 668 254181576
671 568 771510389
456 355 633052529
243 563 929485324
443 885 65577905
460 90 402677708
423 215 689944260
453 877 968000523
30 656 197909681
728 397 829426071
371 710 570681958
765 827 120729339
653 858 513848903
506 639 83640183
21 605 34351279
274 160 260656126
215 155 463941980
382 191 625888789
663 402 100991137
689 457 726333725
471 152 572597756
398 371 41034313
582 648 582637006
399 138 983397869
505 113 419711579
227 713 762645756
161 646 790567915
20 597 795744837
109 449 756460633
40 239 49652734
750 647 179348181
750 898 74252802
507 169 251637779
74 267 179324283
462 750 220120933
480 673 439684955
149 387 80924526
622 760 83507276
584 845 700231315
660 851 257981876
842 529 622948906
620 357 827584133
403 700 941179980
435 895 14338574
551 24 62617538
497 878 29805691
310 417 653082379
842 728 794166806
659 679 975005566
309 526 985773530
719 147 795603191
330 37 278864208
71 374 659503377
264 289 849119451
824 604 51226907
280 297 438617180
705 361 351722771
671 372 467400448
20 309 176744611
684 645 715301052
264 247 284491150
317 735 506788228
218 699 12328440
725 559 375884668
252 551 295948528
398 850 815976641
722 167 199727833
635 423 672668280
251 11 282968326
296 257 433493045
60 342 531359243
326 680 889977398
48 412 234457789
521 689 921785327
671 290 621528179
733 465 947496521
72 451 781384379
388 784 695480477
399 823 967028829
689 237 44554345
599 36 853423139
168 841 998450621
592 345 508075674
763 170 888443574
212 133 895092037
281 692 632289636
842 534 792541936
118 131 885046634
750 632 307170835
829 204 137802432
766 862 925468161
366 95 126517271
29 22 486266666
544 584 59682038
660 218 518355031
700 535 227993361
531 696 993321094
325 463 539296062
287 421 716253394
616 684 48112538
698 867 640947210
47 282 210155841
60 790 262380489
307 224 601132460
869 196 467181814
518 43 117474527
389 330 560473440
501 494 483359343
251 533 47420265
189 155 656368607
756 143 164395242
566 708 95803341
864 275 863880325
480 659 79222727
564 723 296394889
169 30 94858052
871 565 678329590
326 63 948648709
671 72 692191001
705 764 726306154
14 232 786501017
496 325 472089783
421 400 981073437
462 430 777793469
612 873 703904339
534 177 502611494
728 40 122213728
428 519 591581708
499 65 753945672
350 274 440300396
627 349 610253076
245 9 752213878
406 485 355189456
20 193 819697499
264 815 735224434
369 865 2835767
530 449 359445138
457 564 414963692
313 704 908990078
567 178 44941998
37 811 743106478
730 185 775258277
149 470 653572517
624 238 800160366
503 157 497653668
16 106 447503125
234 874 686887915
128 386 90223785
775 226 227891041
381 28 741738686
711 171 286803985
140 798 959723247
270 599 332301987
694 276 406441027
869 241 930723975
863 352 422725440
270 356 584021060
759 567 762407412
655 687 384714241
635 848 579293667
138 200 320199513
57 179 184993898
577 561 590241547
83 54 355893160
80 727 102435469
632 439 839885807
671 594 750380347
686 739 597150990
21 665 833378300
607 348 8548848
290 23 30258250
168 292 715440359
326 829 400257222
439 134 20738057
234 109 425513774
421 870 539932439
282 321 977756694
409 654 961111835
147 598 629695962
246 19 371399027
575 481 849132386
128 60 900845034
20 610 205315719
122 57 173661887
668 414 118008631
118 441 746813571
343 511 781392274
544 539 438537968
135 585 894830246
866 183 828514468
842 398 142901513
610 751 319590761
477 471 801543711
274 396 785451380
81 20 173048918
213 838 905643270
96 284 867975502
611 376 628112592
323 809 929845104
368 567 64085996
623 140 239997671
450 139 993589388
737 66 793412691
897 415 806376111
641 346 58284790
483 315 74841194
424 359 578372371
783 769 480779692
635 55 248064477
468 89 941113165
377 285 765109087
775 690 760762925
828 308 356169690
169 411 88015247
133 488 516231556
296 821 429054169
832 840 879073581
109 662 377679193
81 874 426898433
423 502 667402222
287 118 322862049
290 681 944117190
407 180 440680000
884 536 232852963
546 156 773296028
410 776 591969185
177 818 864290864
595 771 53844858
746 705 699857210
550 614 333233291
95 12 543922367
532 26 888882221
66 837 726093622
531 572 136043386
218 761 371530991
694 476 666386814
545 455 610197483
690 2 742569284
162 683 433587090
419 172 549364478
773 592 93559222
