1000 1000 3
616 898 399
526 525 882265966
870 250 663834700
590 584 263393505
481 70 323076307
739 156 628810405
197 756 670409394
31 272 282613672
713 328 529694384
373 218 233620247
677 989 384696572
592 687 371301966
217 559 357750059
554 926 243676538
557 192 87394912
351 684 496449491
782 503 170732133
64 145 486923113
467 42 662898983
919 666 660367009
366 513 780307786
768 287 370691665
266 279 290188119
124 136 197359627
969 158 714322272
16 199 389105381
588 321 154235171
984 402 887594916
51 54 38270014
690 170 844935466
899 582 881375185
548 470 680757719
654 394 882503793
38 610 585791077
913 18 762642758
704 931 84046195
776 698 705031270
68 67 790070485
53 338 957467472
836 366 385532066
755 813 750085119
749 690 856585905
120 179 741060798
797 588 659013953
817 550 170980095
511 598 247392328
597 646 873955629
917 43 625241899
150 627 769794594
433 91 51550375
449 758 272463128
248 27 823768431
714 358 364451537
980 615 888889434
333 571 398532325
500 965 361011471
622 750 98319189
598 303 456403281
89 173 69314660
883 891 621697622
750 947 635997072
683 834 554302568
183 722 670895049
94 521 81412140
2 729 931453480
94 936 602012205
929 208 945077104
55 458 445414007
120 196 915855952
856 772 386776322
993 765 939930541
771 870 507639578
385 943 893989131
634 373 656991494
554 479 313574284
621 440 230593598
834 763 833164839
344 767 365002754
106 495 865478549
620 877 404063461
34 502 326404567
660 426 77553989
758 608 323842153
156 995 975489302
621 459 840503196
272 376 815946046
127 355 291723453
906 541 696164579
903 912 77035300
767 263 855050778
727 569 639670062
693 362 700664661
946 987 900079925
20 306 629213837
664 803 429736215
572 406 9445158
283 780 996293620
149 444 894244286
916 416 527124407
236 976 48238293
263 212 893728368
567 275 951334757
291 19 245449875
418 363 849218767
961 422 447799054
967 794 946021675
881 337 410532701
250 689 894754642
707 78 250395539
706 80 267665484
674 112 614489879
701 88 554972371
25 720 580162745
209 724 221891887
192 280 808120977
513 903 709546588
887 946 410281063
462 954 218478657
135 606 858498043
222 359 922746574
386 674 49152709
805 207 816060112
619 963 370424168
831 752 292778168
778 928 282518578
416 575 244227557
514 167 456012769
301 537 692979565
24 232 358569839
164 643 180540239
972 632 706394815
784 454 358431494
680 708 347433946
770 432 71418557
312 109 903124812
35 319 606940605
563 930 711332435
301 762 385079324
641 781 313614775
673 172 697347333
480 238 37741489
977 132 691930522
235 34 174420434
633 625 719646238
997 262 246687444
905 44 852146564
943 628 412715076
96 941 381260398
121 9 449577705
58 838 959910919
143 747 971366312
818 223 923783655
889 849 897874057
246 467 872510022
129 74 117538922
775 157 998112033
345 832 200710206
695 10 279711276
370 957 910496482
541 980 517798566
224 339 663205803
448 719 963212571
48 801 56561972
267 86 479564586
491 504 416583887
225 918 167242369
208 203 187267617
311 855 367788852
486 510 722802373
832 508 689014760
716 220 19650763
517 730 638065547
6 583 71748426
524 897 463679002
564 509 528378478
670 351 350799607
735 137 891291536
447 188 312786494
142 663 499071642
187 182 212203743
261 101 561541327
351 938 947355439
816 595 318368983
906 473 29405662
163 375 303948219
948 821 770781463
966 92 753576709
823 655 194561765
666 796 902581606
226 47 119396024
464 751 741662745
572 852 521534047
576 841 35102849
623 478 721126852
101 408 262948738
622 947 672584563
830 413 680915265
138 669 501562618
434 501 87961330
683 451 630810644
745 644 768750290
507 273 399443251
985 340 95311379
601 522 31657881
487 785 45205627
788 439 495149777
675 570 369081302
299 511 671251425
936 901 650503868
177 118 90669284
67 300 998880518
726 589 817594340
819 488 572250594
833 996 88394584
736 676 899387342
752 16 682510693
712 823 711960149
602 79 975413239
529 942 977331418
551 777 903440583
732 909 708342228
636 675 613413301
862 929 186500922
530 590 79357243
805 65 486471491
338 516 308597169
602 574 301179160
271 148 78736232
679 999 49664273
167 850 869284557
996 235 824757761
863 135 881433003
481 755 652398153
610 190 879778422
435 38 36264275
651 234 565769951
942 193 455846669
999 187 260464261
44 293 8860010
191 771 804406808
480 421 564865253
535 753 454806164
777 809 399211740
441 240 594586876
768 538 25166455
738 933 934250694
854 492 341810232
175 885 624512446
73 761 917702872
973 983 727111792
276 309 126032986
423 869 69499386
848 788 826052943
289 99 538407245
504 171 448769374
145 745 3136068
383 227 684800572
354 695 467190496
915 906 360940982
700 228 80907817
814 8 36471838
213 301 98323764
77 294 176231182
667 863 567404794
918 935 129175136
256 937 282924557
308 53 128287678
446 372 796529459
568 472 887833759
176 443 749820698
171 282 934230014
324 161 649361656
320 816 42743313
963 760 816066737
425 62 814659426
653 554 167665775
632 769 226463278
75 653 334089953
406 784 930373453
582 336 584652470
54 859 796567461
434 975 905548004
580 908 634519255
178 211 861956668
503 789 30196864
288 523 82737508
11 205 264649715
244 953 484878271
620 367 451812488
757 915 126814330
457 29 594445736
942 428 531983622
206 460 810753249
881 560 391314655
981 910 913964586
825 108 525300158
203 1 19487559
37 403 227061527
258 979 260109722
577 283 994594978
274 110 877710326
414 475 219279442
711 114 138862759
834 324 523153666
687 661 923436208
641 563 621531074
162 948 473877276
628 783 157053653
461 716 962216850
618 3 982669083
80 626 757710132
174 974 569257171
874 786 346521991
501 267 176086117
630 111 769199288
4 748 864955874
338 60 903054979
786 120 190411631
956 836 902825202
328 754 801856107
639 553 749287164
976 31 619251939
770 962 735088856
51 496 444287079
179 709 326764177
911 824 805673635
979 856 968208671
147 617 69469596
998 348 213627418
731 417 772734654
291 327 335343506
337 770 882723445
586 423 553969116
19 127 681007884
356 380 943430886
810 738 601932887
547 121 901242582
364 660 791265086
689 739 130300688
401 959 398074649
410 356 46233735
223 32 713658204
515 949 205146407
299 900 486451139
30 152 397092657
744 887 152933062
662 597 351576048
282 209 395515181
815 349 70510829
101 457 653763382
310 811 887653771
660 474 546600651
127 245 982449832
630 556 71899468
4 229 768476952
218 419 419786844
911 410 148365132
1000 592 216019835
926 256 259360720
878 567 315708085
288 857 925984223
152 536 799601416
60 874 842728632
766 425 242662670
562 477 836718916
108 757 734532906
237 641 977277924
802 438 627982550
440 57 549034427
505 11 149680432
809 126 412735244
411 629 986058252
125 743 138571476
372 830 788833695
485 311 809930601
13 219 509894097
684 640 825649796
684 672 883734671
54 804 783985427
331 361 448267294
196 292 420676979
767 396 693854114
135 732 264144622
583 433 747671283
199 66 510206661
807 707 801025779
625 461 746870712
84 312 45912926
463 302 161405113
311 861 548219680
116 129 379792477
657 795 392431626
613 331 857147184
869 194 980486849
75 146 367273802
923 638 761087817
296 198 256677112
484 434 944175884
284 489 592334970
14 854 876555431
297 924 531569243
548 884 822672317
172 343 199791963
760 2 683259418
636 940 49759231
220 23 963742546
883 247 914333995
320 981 50919875
375 409 593895040
398 545 833412262
704 82 738333868
783 991 383618347
169 932 517409593
744 265 592649759
99 52 940045094
734 561 80981141
267 231 719784510
936 248 552205929
581 195 944654767
913 286 541016103
830 15 967286845
745 483 828201172
114 923 721596757
305 657 790925258
155 117 738894734
396 350 343333516
658 775 702992855
868 236 201341515
821 702 343988700
50 585 391024268
846 50 645652631
124 862 856521851
300 683 972953171
698 123 234271002
113 464 882965518
382 353 853742327
773 144 832630997
477 764 642195798
427 189 505825615
520 967 806676521
715 791 355359558
1 51 699398717
876 370 563145734
149 155 777889860
129 142 400940898
987 149 555207762
126 833 552889465
273 952 264241734
921 680 60626696
688 388 645366647
724 735 361182826
56 308 767614181
534 181 522877102
705 997 726401644
277 888 894581480
509 482 409359344
269 564 387463668
907 165 433175017
475 898 830129681
26 106 101716660
128 990 389929538
476 354 909542938
380 226 418366975
535 270 304672748
863 134 565063180
844 512 951168302
104 805 83585359
731 528 958660175
723 727 538622913
439 706 187576237
176 978 704467000
741 184 579951520
791 622 434765995
785 839 644731644
229 105 856181748
769 692 230327000
287 310 759546106
885 304 742621683
792 346 752462684
371 216 153157025
540 371 160358367
280 993 978377573
242 96 186720394
593 222 405213455
947 20 393507299
59 744 263024621
357 499 799142656
300 519 832214349
249 985 895023222
266 253 865526859
107 904 759553953
590 782 672755800
780 618 351639546
397 85 6919077
350 911 609615180
891 391 658444041
811 307 721611552
773 604 981628725
374 723 61599422
275 58 378996687
990 842 727169224
452 202 543179359
823 295 964193758
718 605 491361394
347 446 465384526
989 533 463790371
330 648 36419718
522 258 13334807
581 90 390110000
479 873 24806409
277 733 463454926
42 939 799257990
869 24 993865476
465 572 23290289
939 835 443464217
815 382 330080252
329 206 879162815
847 494 441281574
253 527 383346120
193 93 294572348
757 154 657167670
392 678 447052442
335 261 206394021
540 377 658805564
611 905 660626155
489 4 942702118
195 810 349926268
368 471 665418513
342 557 844320594
730 1000 696965192
796 555 968860772
190 128 993673532
973 573 329824857
537 714 843584630
539 487 300716599
433 442 1391413
685 448 166155759
321 602 967764638
298 637 556075131
33 853 203572835
886 387 11842990
388 973 748604733
258 812 928034397
880 797 308068368
105 28 586266751
172 168 834072629
652 466 379685178
422 242 781251425
345 934 374589460
759 682 152023011
887 799 310129770
83 543 807906169
251 547 661058583
661 174 923410299
598 133 522428098
375 449 254151536
729 465 27433803
613 243 414101952
885 577 531197517
189 260 130823649
392 596 324820253
152 864 630737832
801 705 363779412
826 369 542505987
78 613 827297962
914 204 518034661
579 886 689300349
787 330 66440913
625 498 151426269
319 790 106727568
189 357 100803217
611 565 658345713
361 668 864106659
422 631 630158037
201 427 237671689
600 944 419612036
216 945 490619598
401 966 438594929
191 41 109194629
402 14 517907878
566 384 671172070
939 266 391547251
527 100 833984765
85 49 212210765
882 607 316186244
388 259 549814930
141 398 98161350
959 534 780093658
239 323 555838591
334 520 46612260
908 713 332101446
726 420 16237110
971 686 563350322
895 867 54863967
478 484 742843067
589 851 908845965
453 329 238103763
754 971 551694830
612 580 339846873
758 845 597624945
525 920 968239283
659 696 323409835
582 773 590164944
722 881 488522317
219 858 529130602
847 916 597611371
399 441 310616786
661 344 806925191
794 277 548363893
38 379 768613999
841 694 437788108
552 647 582359104
953 792 168682892
865 581 899136408
270 124 171448115
592 316 346105111
536 305 598317349
173 401 620297642
904 872 734725754
234 685 239156062
55 141 834742910
647 139 8012352
17 878 366840443
455 766 261375018
575 530 795052683
774 249 979199820
796 822 68157462
223 334 760282483
605 284 738903411
37 486 366896655
896 326 240918298
74 998 251232569
39 26 864260979
93 776 496281129
89 603 270463973
994 969 420159970
585 847 63311213
90 252 533100088
69 237 338515129
941 611 759354186
413 445 985550411
92 97 586927969
960 619 732377502
190 45 975159956
971 671 899798908
34 365 527407954
985 679 251413323
211 397 168197729
356 866 818002709
33 39 151081591
873 814 901705049
682 185 271778255
737 621 884054412
571 551 34508379
969 507 441967330
648 798 529072911
28 414 477436851
412 616 603162247
8 151 158367057
181 452 843749857
616 741 618181783
370 736 349449453
468 711 980827118
119 925 701841168
426 600 2572733
567 840 540778652
904 64 999556319
115 429 329287419
213 594 157970027
167 289 891441260
652 779 664305380
447 390 494936405
220 164 656991054
111 288 253804857
421 662 251204931
743 335 244977916
932 468 720235610
262 61 97126501
254 826 395983773
937 566 217796256
804 820 311909017
87 191 669655915
932 700 184265144
47 972 64163746
315 254 628251599
454 490 911562473
495 715 724693988
693 230 112297146
217 737 656180195
902 30 817224937
205 843 457224918
245 532 767643607
395 704 861609873
497 246 50856622
274 347 452933846
132 964 247012386
424 515 495178403
577 894 397638151
898 22 911889343
927 734 471053069
362 299 674556886
854 919 543819521
236 892 297737312
665 436 580929840
946 36 243189679
399 505 837619025
777 958 754143
215 383 563383688
100 665 744558037
872 951 5749548
391 400 705729393
73 84 599551082
523 318 214747816
180 546 91030520
898 89 128218074
482 491 437987205
780 890 864158253
647 463 234686489
312 239 984521397
297 159 298142194
608 889 874352777
18 63 994049666
955 913 312681138
648 130 660685678
180 55 238402935
595 213 312239573
922 768 925503654
760 639 231274640
709 98 35969315
168 291 226137903
579 697 927784114
155 297 500375225
490 278 125350317
374 102 624882283
199 921 322431643
114 341 691724
708 880 879390419
642 899 728951551
597 526 503269157
53 717 742205259
655 389 736668217
408 48 236694212
779 180 281603845
329 986 931308148
59 728 847579805
209 800 703209710
965 176 205971123
327 681 851512006
672 961 60901481
843 860 694531956
80 224 207362158
160 883 515158881
826 150 52518475
340 407 746180366
443 815 684959167
996 322 476938039
1 456 755518828
824 531 18907010
103 59 373311521
896 650 745046121
798 848 596816363
759 412 199079863
186 865 92733333
800 635 803784120
390 352 146960344
542 568 387024377
463 33 575717182
332 450 164774946
93 829 3891764
57 116 83166649
488 281 323749667
303 633 297537194
21 71 641055595
83 601 904919033
740 871 422598937
879 955 528223083
992 609 581325394
604 217 658337195
339 385 27085654
958 325 187494612
182 917 340661951
161 712 872777569
307 411 879098117
547 703 251231215
995 393 692343906
649 37 928423771
727 214 350248654
762 424 315448640
323 552 860794968
210 518 650358263
500 200 571404823
126 578 865885558
617 844 382615985
485 469 91546309
10 579 92555133
558 562 926654142
819 244 607534660
979 591 790410340
77 175 945085095
909 5 547188152
255 514 716353034
63 104 911152955
264 630 48794401
357 147 579437450
920 827 79526974
789 264 68132435
698 539 422166820
822 576 490984822
326 558 174840297
61 721 440641025
778 818 194645363
637 817 295176538
415 778 446644077
954 549 972974068
121 405 435701388
178 268 876888454
677 381 762406531
3 76 25213148
935 699 955582812
245 893 360651555
57 81 579246841
442 215 114814618
148 731 12019409
482 131 924743126
791 122 433081195
70 927 65582672
617 25 388909083
303 882 169796170
915 587 840876239
44 802 314204737
184 333 211070529
775 314 553931538
784 701 857374970
562 313 720835713
533 342 463287291
319 825 699890384
983 241 305384290
403 364 138682253
164 201 150648482
671 879 174693863
233 742 677718819
964 642 673680166
413 667 727920867
740 404 105211799
494 276 718160043
79 225 110768570
411 950 231758732
353 138 487117349
335 290 765174623
990 56 634175535
405 651 250880812
886 624 31073952
831 746 606588131
21 868 442814605
876 317 620548759
398 233 469418874
794 72 777667279
952 718 289498712
214 535 685679560
596 670 571809812
995 378 996926386
391 895 752930892
858 659 318654389
470 759 255468202
210 677 57281632
820 415 890191653
772 455 54213757
387 392 565717080
933 320 201797415
821 103 380030933
570 548 360881805
828 846 606619456
393 481 442584003
137 125 706790930
629 807 773001635
43 177 564509720
292 658 992256614
318 21 643834167
506 73 477833200
827 447 291707489
822 828 807563751
205 68 102314313
954 649 717039467
306 269 168325790
864 654 450262632
512 35 362173508
732 806 636300495
359 517 952807719
903 726 35135870
328 710 741069578
316 95 232549685
289 593 49901323
82 374 754648289
982 970 616744201
170 160 140799938
721 183 897245063
40 988 450095660
272 315 562081352
801 430 461548862
550 673 712595150
789 914 472991496
365 296 188096502
285 17 5702357
962 386 12658393
184 493 259326742
696 902 756225253
930 808 117380900
889 896 409747227
924 274 508243657
275 395 113028282
877 6 182512967
358 453 978063076
88 837 846781655
998 257 243360863
532 163 352427370
533 793 115333552
788 197 368465781
60 982 390510411
643 40 860511678
483 876 394604053
394 332 278686639
524 186 606263071
384 497 271362112
418 907 473204064
589 113 87324745
474 984 882374524
202 524 224420967
980 740 625236474
233 107 229782926
65 529 497340127
314 480 601425252
902 153 859297962
464 462 995586736
507 968 850310851
879 725 299872790
234 544 140643243
438 251 220618376
348 922 834469911
5 178 227544990
595 645 541006049
26 664 768944214
389 960 768353524
632 977 586111048
733 210 587826991
361 83 938602453
609 143 930109687
584 166 922062240
360 992 61057233
783 774 402075714
792 636 483191602
450 271 471530950
24 485 539318211
935 688 345091351
993 540 983675555
460 162 927653789
296 500 914908180
811 46 310040333
665 749 93568165
400 875 542863
371 586 774182357
373 787 962591296
262 221 203096373
448 634 594084262
352 994 210547519
293 437 940957724
16 431 694514281
871 623 311876815
472 693 223969087
477 476 126440951
118 620 768829008
334 656 239082663
278 345 309250456
930 77 932395311
855 69 201439766
382 13 531232511
528 435 355212606
526 119 235010610
105 368 282701656
859 115 641177606
383 956 805611787
86 94 802082001
3 612 559119662
27 614 710634428
638 418 740038439
934 819 481638861
604 691 732692610
673 140 563612491
867 542 878269617
241 399 353024888
627 75 847047425
49 285 853534073
962 255 869375633
865 12 435630392
785 506 70168773
736 87 222885487
561 831 945427824
165 652 637810491
961 7 989893101
27 169 335972232
806 599 123350561
626 360 202284058
