1000 1000 2
480 946
479 234 539706018
253 929 927998782
482 962 578313542
962 659 303493123
870 626 402158918
65 413 532467986
333 895 467921960
19 850 152182782
765 488 585839133
237 223 447929339
129 916 774147049
653 89 8376409
984 22 204288171
434 559 365940353
620 78 663132804
672 947 301072151
914 288 455301281
944 298 733208448
7 529 430132157
141 423 851173287
402 712 471932179
639 623 740678125
46 116 89887709
173 992 512681196
234 680 745505664
50 335 687181791
673 941 881166408
662 369 686432723
765 526 938886211
114 483 80396279
681 419 768212840
156 517 650753280
870 892 31750272
88 327 508483870
52 881 676063706
48 81 31310513
503 162 735500456
898 733 178197696
67 235 792281042
707 776 743524181
766 179 114810327
34 476 162818767
391 147 7029963
208 432 232176486
159 121 639281744
417 749 793337329
168 932 741023913
962 824 402276695
987 126 141974464
957 374 829769561
634 463 891597287
791 924 167184197
130 151 723285184
984 330 832652219
588 729 816299007
821 787 983620823
192 597 566903556
207 2 451285123
756 462 634486851
539 459 954244312
615 176 406550153
982 384 62553420
37 696 928650552
504 418 461625808
321 897 493066335
65 976 589007173
505 575 199411907
738 768 627365628
724 525 712585371
561 97 907470811
523 191 72593109
673 301 896932345
88 340 567223365
611 795 820172554
262 238 379736455
482 656 134215828
413 373 641864489
338 237 719097563
208 534 829424334
860 531 115339408
512 648 601144198
981 655 661822859
780 865 274350718
909 906 902562180
856 666 598216702
618 445 531116882
99 875 963726133
661 822 675049543
932 780 800961675
819 968 105175853
435 594 577884850
735 239 862389757
367 447 485977763
73 159 974230585
617 28 559304779
9 641 413153620
467 957 454944996
73 495 329889472
502 188 941908629
792 700 180717111
776 567 237156470
69 536 647590857
796 283 785138660
907 836 625704105
111 745 353794290
14 402 808864298
791 581 139925005
530 763 797139945
929 621 246701757
10 811 389530207
73 482 450842959
39 442 476203514
686 84 112709344
196 725 352793392
11 784 977026461
290 584 75009841
31 590 670279434
168 73 908312377
688 711 868969175
71 30 160665835
433 674 735156673
483 312 43763129
615 856 280345298
768 642 717970190
219 245 273998695
296 280 433621327
686 75 201611864
658 249 975490606
355 67 121502614
438 826 38466869
73 258 565781087
419 211 559583583
391 416 513256916
392 299 538849947
482 644 566874350
176 788 771801097
424 261 916081495
613 578 871129470
434 905 466658531
656 246 800770659
159 494 642104223
907 137 466453802
419 70 475969992
742 504 625020073
711 446 214270320
210 744 298631695
28 889 826174733
619 392 924018940
88 548 216791526
931 902 715274714
62 136 567242146
468 952 7228398
296 664 880397782
367 428 30977772
49 508 362696006
851 94 768828843
188 79 980359050
932 899 271068455
997 914 768582854
670 981 141183519
873 332 509467687
806 278 414636152
499 448 862831354
831 798 834943751
539 698 99016080
475 140 804851023
9 994 891268552
412 527 92199428
870 105 860453784
257 177 284221419
662 3 403095083
726 345 928375862
7 383 296485257
319 871 354816725
170 360 989506323
999 886 208199819
141 577 614242042
355 872 112271400
665 122 137097985
344 624 115980021
301 334 93605695
703 214 584597812
494 472 978298722
264 387 280795259
470 614 937237681
501 670 400488566
939 878 128362398
173 793 302790283
742 596 160180325
898 90 69511910
318 969 811385344
295 120 846255393
432 747 273443389
141 727 425995586
669 622 50707767
293 158 926987966
242 41 765788758
993 864 237053618
422 347 294950371
65 118 239860634
958 23 668541946
866 633 155888443
368 389 554448327
420 333 428121353
672 215 528632386
368 979 534076352
669 658 178163814
83 434 434680843
523 673 740717784
192 885 505999104
561 14 943482218
502 210 371974171
443 724 987203697
909 302 512591959
112 718 393718555
898 226 104809114
595 556 784338520
820 263 936341673
564 778 518709719
556 570 586903362
827 175 139845996
658 219 118276961
868 557 57411417
341 858 3329744
853 414 366695747
62 983 931323089
966 931 284619314
652 561 633868132
632 912 846321674
112 507 682382173
47 933 672020789
662 141 386468631
554 948 901056208
417 580 597533671
379 588 525270245
482 1 318751657
599 857 971458727
866 543 70052577
273 848 732897428
508 106 940855357
97 51 325601579
19 178 552017959
34 359 795064347
742 144 56595590
73 868 894126468
443 794 709710943
831 270 161978130
121 600 359940480
652 935 370740235
751 38 131195945
951 845 901844103
979 66 535306704
124 20 546372316
291 326 747831362
587 55 257322792
65 39 131487223
413 503 342437104
687 377 180555362
839 47 607475348
880 17 644105040
874 12 579346913
678 687 409912403
166 115 446360763
368 166 643371877
168 999 807800254
367 295 198842344
442 647 910858270
783 76 454600316
669 537 895140187
811 68 88253340
60 810 884486873
10 341 644060101
699 96 819753564
133 248 733679559
475 583 608187576
972 104 632348653
159 367 967604374
939 351 774116441
28 677 388864717
764 407 828159016
532 165 330716776
611 138 334551386
867 785 612462511
471 572 7403478
260 26 983577592
874 25 986910015
417 328 375596144
36 252 892478958
72 829 832593035
870 397 612139051
419 320 860402335
958 49 747841628
739 276 497236108
237 390 470350561
55 324 366617516
132 722 338832263
415 786 406450547
961 861 74788496
124 240 286053117
290 40 270832700
690 5 216653556
962 139 6368574
981 266 201175881
155 9 775520142
83 502 744131031
250 807 329727052
539 285 977843414
729 960 478015869
551 547 903982899
443 619 681390110
592 376 381431526
868 528 231985328
757 410 738755529
365 1000 225710293
809 424 496400906
898 681 769301212
178 95 963816844
958 571 40317410
315 342 329212115
442 250 167928100
588 767 82092646
933 305 785605538
976 460 496914517
592 27 756716754
207 882 371780821
295 207 406168410
3 949 220534828
837 904 421214773
52 708 836534137
338 481 582074037
783 391 844434505
870 13 535181402
90 717 67204630
296 535 180410137
599 394 333607994
242 653 20795517
242 893 191692919
965 10 728507049
237 900 122789159
630 874 22480426
368 113 901345238
785 910 441429893
373 18 45943943
993 574 807659939
609 153 347467936
768 702 259031487
296 19 642914135
120 654 323342103
173 399 748582908
346 297 40328414
623 853 331587238
280 6 479691582
407 739 225218438
772 944 156591519
742 44 306266766
602 930 889694801
114 777 735791392
251 201 683000146
878 199 400020681
604 751 4842365
357 586 390022770
112 457 332498914
467 306 225025376
258 965 904325694
468 54 238544399
652 954 583934306
115 592 813283172
804 855 976930612
353 196 838609522
458 37 896499792
65 909 928812574
168 132 31506796
886 189 167557212
909 545 902780117
444 532 469937964
752 913 732385717
476 797 734193915
85 225 971334101
633 57 516977738
651 728 552694961
979 820 751075628
649 370 475491529
552 451 250726719
659 742 246109550
704 524 104428527
913 879 765613201
614 720 218117501
367 439 376416027
152 732 820811474
34 825 940305608
889 243 224257609
86 36 79913591
111 354 789556951
798 398 766978550
368 500 928256378
10 443 718077702
32 321 582869209
665 404 204808381
197 963 456990656
768 474 485708076
352 821 766075143
234 364 185852248
679 24 205635070
631 380 699513207
551 450 908005389
583 564 872901521
533 598 227100434
865 599 783945474
422 522 21598832
506 706 984716598
397 114 838975003
599 828 411486092
487 985 466738542
83 604 785797863
309 69 735243939
505 734 108327157
669 939 313826111
197 616 205930013
408 759 445621163
49 444 277763583
959 202 914653475
549 322 790901173
615 471 689185493
417 699 488239809
534 682 968259834
672 254 800056807
386 185 868131980
289 198 408395832
365 955 23278982
388 303 938917185
482 978 922852555
454 344 747344927
669 512 278594696
572 356 679378572
632 385 641708686
23 513 744427068
481 438 152975187
367 485 490852915
866 53 841663789
338 761 686560805
467 830 827303764
344 651 189631199
624 236 31852406
501 510 39706343
3 145 584406448
61 538 980321842
652 80 376652883
737 425 644155488
69 665 852463482
770 863 143583767
885 440 931921386
84 268 928188812
432 818 858461909
650 612 285087051
144 789 36238171
539 193 705210521
449 991 631767171
532 313 882051541
624 194 639848191
444 781 412548948
302 134 28584095
980 692 879075291
400 435 918254994
547 349 996104194
365 668 555578722
964 433 885755918
776 814 856178341
159 803 941682680
419 279 640717009
197 46 5429132
497 221 311980405
738 540 67858271
791 650 423193180
130 771 180366295
24 426 830839259
788 671 118027401
205 541 669459692
652 290 348937911
1 620 913303644
572 333 696650777
468 684 910121216
242 852 510406295
662 411 118794883
164 98 357409826
915 801 347501773
444 986 674412157
238 896 170739974
463 212 270691376
96 844 154844582
820 951 801651382
429 430 724989638
685 172 973206857
980 663 569070057
967 832 935496418
981 989 122984631
290 927 756062093
467 7 502669533
899 63 155296197
482 318 369814956
479 775 832651342
415 505 742538583
32 936 203222152
359 422 997342813
302 838 744068465
999 284 1095231
966 101 513565580
998 466 549975868
88 819 997350960
237 934 414227138
862 170 824225030
10 357 755888557
262 738 308144369
481 315 335346080
365 308 843172539
403 59 22441972
859 271 695209798
929 372 942887123
898 662 47339520
881 244 996517105
709 591 518677541
203 860 770777565
412 689 936014401
716 637 812701551
121 713 438930762
528 926 162314843
142 449 75557118
632 260 29355057
258 958 110201739
975 710 568640308
987 42 441985580
957 617 147763325
870 85 471994054
158 753 980893274
881 456 100568750
467 192 944217867
359 218 808324278
883 816 608640505
235 990 758240575
493 907 686507834
745 691 359893888
373 269 713157849
669 454 543135176
315 353 377537189
597 33 757048317
415 849 238886934
699 998 421063449
987 566 795085561
557 533 387814951
471 358 934577515
806 589 2067056
902 108 671465945
960 361 738047744
764 964 214074691
82 970 178571430
278 917 4722863
567 337 679075534
743 289 582213707
379 950 685873062
195 695 940131269
365 48 516415403
850 16 555417120
991 569 332554988
495 520 478520490
778 393 390439187
105 773 681071895
65 365 480413096
432 125 452675617
780 984 605421464
738 498 261179380
898 707 512248910
999 715 498638852
609 461 120032157
338 555 533884560
742 388 811910420
617 765 78151934
39 275 333649381
926 757 348858612
280 60 259974983
413 602 734148380
442 982 831051344
301 643 54933247
724 128 257749314
73 431 862006608
1000 109 744501504
21 486 233064829
644 123 537458079
742 921 771842659
762 766 658572630
551 746 37795621
746 213 671654548
25 774 217610288
643 714 475017325
658 603 572827543
946 521 751615535
280 953 407463958
870 61 323234426
439 77 918438538
597 610 31663785
456 232 352970024
439 515 687584505
595 103 754518105
65 197 59442564
242 901 552928994
651 613 750215587
219 685 695705517
471 273 992555301
864 760 670141855
937 286 468016057
669 631 715707536
302 205 200606908
957 11 870339500
607 93 823181919
207 129 61229662
130 640 925230853
140 224 439320487
385 489 904836545
532 694 497360016
952 835 845529426
566 731 563117315
294 362 49174459
492 339 665122586
718 161 547273316
625 697 286752617
511 741 921416757
537 294 270888372
973 661 425022434
609 274 424709335
745 563 252684800
878 791 268394779
670 181 246418389
366 595 657946946
467 262 834262762
358 940 251878700
455 841 612707159
10 82 520181602
60 799 472412200
456 542 39158338
168 338 883911519
755 491 754398123
860 464 963057841
34 112 549850074
48 737 395496010
145 187 799356050
882 667 778096239
656 726 389773460
383 406 731989444
762 843 413707585
83 135 920836428
642 152 144003413
837 256 437567405
803 282 309602693
487 336 473384528
434 792 269662889
824 762 681561314
965 65 276691570
359 646 16987688
909 183 699238567
812 629 952185436
83 453 750538862
505 995 770268779
951 565 790622678
65 228 895283235
896 255 948167249
931 99 340437743
438 539 936802407
501 817 415671248
679 690 763395946
791 62 397933389
536 925 442972893
828 316 878990618
665 154 295785232
258 83 106905292
974 469 472727627
683 560 60627657
580 959 450854732
965 898 676194996
713 146 418042436
321 736 971586129
262 475 38717414
359 366 336214959
824 980 773177556
549 748 460213124
118 163 912643704
513 309 685978141
326 195 937010313
192 379 240064496
313 514 535518307
883 890 851003856
874 352 6386168
471 382 11638310
497 770 58411146
296 877 826389424
296 371 944402514
373 29 510639716
585 601 662022906
999 111 972998227
730 150 909726845
795 854 800551942
115 436 524642469
725 200 781566783
708 609 89848900
309 562 620342759
630 408 63180862
90 579 373450823
285 156 838309565
467 974 466765213
909 549 771468870
513 479 175351320
513 867 917983096
90 281 266210607
764 911 877338710
281 131 94395117
326 300 253323822
587 638 238170940
670 928 898309140
54 378 855891908
320 287 129166557
769 988 517290787
321 64 445433590
589 429 445613910
10 142 251076880
850 997 780413225
199 956 588400886
791 107 322856626
656 100 93317789
664 735 944260570
222 869 69264286
228 110 191262120
208 497 651911837
719 705 458803914
984 437 461537871
378 683 208226173
452 473 670630099
81 403 440851637
451 182 298090067
437 421 271944437
319 180 140864054
844 693 45195583
660 415 278072347
285 319 828294416
557 242 782935879
90 43 759746906
900 605 495020562
783 756 64698631
351 783 20533510
647 576 177759499
262 808 233615321
166 484 137846990
159 310 329998679
616 509 162796270
351 873 99442048
707 802 696540615
906 230 249367975
859 209 249038345
669 585 27977555
652 987 311691812
986 173 390756244
54 582 886415421
155 972 23158205
111 119 57971324
65 417 922108780
625 272 274589817
891 148 257261387
373 265 274850250
937 227 871931733
628 133 267947826
652 346 89653734
662 501 945890141
613 908 174628883
718 184 942568584
423 675 785645748
672 477 226221724
668 130 136241660
877 568 79870516
39 52 54314530
474 945 380875367
601 91 168080730
672 21 120997259
465 550 111273542
481 923 532879203
352 918 715686577
236 420 946848525
129 480 232549848
513 606 260660672
1000 329 416503013
141 615 743064420
957 625 731341358
662 608 56770603
52 805 556785029
73 883 899023300
329 478 846891225
197 296 375938085
836 730 95412880
264 160 743363814
210 551 186381351
58 635 415747413
972 468 468731813
80 796 619080853
23 530 447651527
65 884 171543255
520 703 459016772
881 723 460321350
994 961 619279432
391 465 178364493
503 839 227406185
21 888 224828626
173 363 632500156
768 455 160597336
632 492 706632613
662 50 139842041
700 251 305947917
772 206 397268214
495 758 605379710
563 204 680858498
139 782 696590261
657 35 360268974
398 846 594113600
662 834 225635361
709 317 624079568
831 291 501749265
357 186 927468953
557 587 406610777
381 607 847542795
850 827 787217369
258 669 107843390
497 859 57548198
984 922 671078193
984 45 316623222
85 381 630532084
83 552 259922222
658 71 447892378
588 769 726804356
1 72 294513878
454 847 383530679
462 164 619746251
295 155 850989255
958 31 421395207
1 518 543992568
523 15 458260677
957 233 125335420
193 866 748034078
518 971 578488601
895 348 225919035
803 231 965208267
499 740 593085961
672 88 306709589
804 208 918617682
156 942 790578119
495 639 991259421
811 117 641659520
23 679 864015264
183 325 630414360
972 611 282646465
541 124 903731279
969 876 778112528
265 304 276292481
150 516 231007416
768 171 240924515
755 943 623884749
965 355 143026824
667 307 373313533
745 837 985634858
1000 314 368242123
238 267 873882764
887 400 793087076
615 660 870385001
278 74 280251050
229 790 234222863
922 277 862892761
922 634 6642642
264 216 672891939
128 546 917330390
797 323 204440338
711 840 790136893
994 167 769432006
73 174 131544010
13 396 510448356
96 920 58759686
309 716 482089995
236 102 21244911
291 812 470694618
482 975 17786282
468 395 586196150
615 222 102988761
678 190 66790928
280 343 263962626
567 452 988738001
960 220 55612361
502 887 470218088
912 490 421601475
226 813 3558460
485 401 505282250
975 293 650377301
10 386 504963958
474 405 834695741
73 467 692809848
58 628 902502102
923 919 224735659
843 937 646257720
957 804 351058767
474 709 761134428
540 8 563402604
791 368 27610444
208 32 300931244
926 701 951872182
962 493 722438855
939 870 199820656
868 632 765683199
413 558 38129801
892 470 940416492
62 241 414709067
682 593 653993427
72 92 578392932
975 676 703721733
49 157 412853287
139 973 348282255
543 217 616675194
197 487 155564299
1000 292 686497970
118 331 988365428
3 880 951274720
438 966 633248095
831 967 161205480
803 752 462245593
615 755 768395518
909 34 875834110
868 143 617481122
599 938 254591037
610 833 438288346
290 649 856102
34 672 744978928
546 311 495161237
183 149 38194361
909 851 393762160
407 458 83012896
396 721 656927152
862 257 507999226
197 264 765834320
16 229 817936665
3 894 823283622
44 573 555911901
475 779 120215724
710 544 716031829
341 996 740599980
870 823 324366703
944 127 623229726
211 842 273973544
628 800 890950960
309 915 972416922
668 815 657086354
339 247 254847690
975 553 709928305
90 993 470359856
65 506 341383313
690 652 920702624
413 58 551228128
275 4 37582165
223 636 310492034
440 409 144320558
648 618 943341982
647 499 614934839
666 519 163730072
654 496 133911251
1 903 677402599
87 375 679374929
615 704 410550250
208 441 228062318
827 686 825847864
922 253 888297903
865 427 219788911
197 831 279342518
207 764 332648040
477 169 633160279
175 554 691556997
250 688 292817102
641 203 36355312
967 754 421266291
950 862 299692934
972 630 606111351
245 977 953658369
549 678 422120429
434 350 489801373
843 806 386408676
804 56 359627303
504 946 898084300
744 87 832380213
774 657 543443068
658 86 711432392
309 627 563281679
707 719 564491586
868 412 890551656
60 511 344243411
651 523 318048306
527 891 931125074
48 772 571797914
416 259 7532591
350 809 205722203
247 645 312195921
415 743 523909820
695 750 568923115
