1000 1000 500
60 425 818 768 144 559 645 900 18 821 868 849 356 1 396 94 631 543 402 572 501 186 305 525 263 165 354 985 3 702 754 930 746 975 809 295 877 931 489 967 52 322 916 692 794 454 469 230 945 938 307 548 637 700 677 400 954 647 326 507 5 57 968 145 407 67 969 627 965 592 97 982 404 791 811 957 268 580 30 219 195 836 949 176 936 4 519 831 106 973 657 785 784 608 651 869 399 990 434 63 420 564 389 296 813 231 363 308 995 443 873 201 223 342 391 9 546 8 166 258 660 236 655 174 290 763 271 601 474 426 502 365 384 11 629 878 522 381 934 327 571 799 604 933 771 235 624 573 989 162 427 872 619 309 740 819 633 64 291 241 781 484 980 269 92 540 362 779 679 95 676 731 293 370 834 790 180 574 491 966 257 24 2 167 998 706 951 480 247 169 903 500 695 66 41 939 866 299 415 110 902 136 560 611 538 449 429 73 149 765 904 122 703 148 329 451 413 81 55 828 942 103 798 670 912 353 724 439 368 372 152 325 380 171 116 644 341 498 240 461 862 179 716 212 337 441 147 311 826 126 884 576 747 306 937 249 355 444 722 835 222 348 438 607 276 874 735 595 385 194 570 465 598 744 762 12 419 226 682 238 661 266 636 280 316 156 255 216 496 509 433 981 398 935 544 879 617 274 578 460 130 436 158 894 463 974 528 788 802 688 69 857 87 333 261 1000 846 815 196 88 424 118 504 142 492 476 814 923 314 566 823 805 891 394 243 932 435 830 33 529 960 335 127 726 911 659 459 634 922 475 539 867 947 663 250 239 920 870 840 203 658 739 22 267 514 833 104 881 704 946 285 83 783 517 698 927 586 685 497 246 843 865 707 532 988 360 708 228 50 534 984 303 467 48 584 260 955 428 680 448 338 151 820 143 29 416 120 760 600 248 743 585 976 45 697 943 806 35 352 914 392 666 65 535 39 887 852 505 757 177 80 483 89 373 825 556 112 68 218 472 190 224 301 139 752 46 452 220 944 318 732 769 712 431 664 131 547 27 720 632 669 824 277 718 93 117 408 128 907 99 470 315 997 161 654 520 909 245 551 970 98 710 7 331 832 414 56 994 32 742 163 719 886 827 21 96 622 596 477 199
427 604 711296257
303 914 35159645
235 918 220369228
215 73 656192152
124 437 448174186
666 857 242905030
412 470 34116673
526 974 497798555
238 553 512755248
155 75 849020378
822 177 636519322
222 251 366370482
100 58 545654986
878 6 431764851
336 144 533120675
959 537 962395701
736 281 174125139
349 819 452409179
401 943 380185881
423 11 15199061
937 901 940155834
833 16 169597587
756 927 136611604
765 826 878123790
617 540 733412121
198 68 554419081
812 821 925956173
480 862 313434686
945 420 430286352
791 705 35549028
950 881 195878326
335 824 257422601
225 519 508048273
939 853 975044638
807 244 797255075
303 836 243434629
890 629 154574906
819 81 855005033
879 129 774798242
138 888 409164443
609 113 277677511
890 555 789653327
965 786 464098729
472 646 408794561
326 696 462000216
974 356 618505733
77 814 401313883
708 767 699762549
398 268 186825943
557 778 781061243
472 438 839898468
64 955 838264950
176 76 676949548
842 128 118360706
788 92 269564791
299 640 246649077
887 650 48516914
713 554 646898198
192 180 650489949
543 820 37372733
114 243 454023303
366 812 746805526
763 932 924354112
148 996 578190513
628 156 79416558
402 498 337545524
263 387 100635859
22 569 743220694
915 425 524364059
858 256 48608626
584 869 854127158
476 772 482715648
988 878 721789130
556 683 234012932
580 670 319844735
737 962 165228515
314 422 213391277
961 607 668405652
886 945 665982791
232 506 70386028
862 314 83947952
951 292 930527764
666 127 33365869
857 45 90511395
844 600 648595022
528 208 940028304
452 538 423163823
245 210 826896115
558 948 395345761
17 991 683929011
88 462 482549979
629 723 817719977
12 252 588064104
624 665 835935137
644 882 349725533
865 153 297769828
739 912 148753618
892 179 288920304
273 564 865049466
315 575 881938632
648 30 204458041
897 896 17869953
20 827 943429756
342 143 566221244
281 885 233848196
799 556 527163957
901 410 967066340
753 29 509409518
819 549 420885341
377 634 672642567
672 866 977323328
528 358 781098303
54 529 419734906
353 160 452146747
432 658 272161675
63 326 646681846
348 436 310793573
534 879 125582903
488 289 361622575
780 839 207056402
764 904 29190780
944 424 724502221
198 343 750500293
557 741 656050350
22 175 375745099
232 883 140284691
43 178 32740936
744 876 955126466
975 495 270931762
20 818 498585696
827 900 829007009
554 514 469399593
20 526 976270292
886 471 425597418
733 214 68970944
722 399 612503790
601 718 860304624
171 394 401804989
9 296 862049671
623 645 126430963
52 965 129841708
806 489 59960472
399 184 785662908
863 654 456824847
240 693 880522307
560 232 214915580
385 510 865019220
378 206 536317126
744 903 598345065
673 41 146190527
236 987 522134109
899 37 858006664
313 559 57270218
790 432 282116920
66 64 230553145
556 238 212182970
844 10 284027400
761 192 751763446
569 851 527219206
335 55 630224231
808 983 608759779
505 443 407438257
765 381 542846270
580 548 111470550
833 95 180993791
26 994 24752310
884 216 7668487
296 455 505947477
223 516 901974891
176 70 789798385
819 686 62621062
557 935 724287406
699 624 673659409
300 191 99275194
560 132 759250440
576 854 445983997
128 576 627425019
791 329 862520059
42 260 865501605
197 403 360323180
337 868 370746807
295 716 628501046
757 408 396499245
911 369 548563497
726 535 939870873
370 89 577384442
513 589 597745240
603 606 979155078
469 270 3950940
603 161 147024751
872 608 637279788
560 528 810334199
566 856 707287682
385 620 77873802
354 418 62108408
122 730 772851241
339 938 612216915
501 895 421156548
286 194 37585618
37 50 281157935
676 188 462474602
21 141 316958642
235 669 562069988
468 843 741473197
303 157 33753048
558 43 652200088
389 531 985700843
283 602 254986640
117 887 319431099
100 709 182262744
120 611 887102899
547 930 283334395
384 310 702435827
816 400 730289249
942 452 104934413
389 288 604975163
560 385 733274085
252 794 797841905
567 246 428578449
856 327 739101232
856 497 893528482
44 476 572842651
243 217 29632880
559 173 792473958
3 377 829203154
59 233 889110348
120 334 990408
295 777 788503119
733 100 120110587
3 915 63776756
558 280 20489560
163 755 896116142
277 703 228629217
713 317 569340301
245 97 680472604
50 101 221047695
676 627 731454052
977 740 340780919
671 230 484580703
774 732 537452142
158 936 494304222
389 738 402293938
328 428 869644069
884 659 960729814
932 598 337098409
397 660 57397759
77 345 403758918
428 874 947514448
505 751 358958261
626 261 488576099
913 648 892011414
117 524 467514695
288 290 877660323
20 714 41261349
893 401 454394870
681 488 865142854
704 305 458958642
809 522 389683283
684 303 445481943
560 384 430916012
886 577 378612992
864 906 308275152
731 590 952792910
995 657 691056527
923 96 245028396
136 666 954937686
951 622 769802865
213 642 591626681
737 295 592996554
391 850 457103792
353 547 215466508
229 168 598668923
534 473 134334087
440 588 440341521
914 416 337944558
955 508 901516692
962 130 608272704
541 459 321731700
599 341 587712691
279 995 782055956
558 370 710688295
669 311 902043198
189 18 607254473
630 776 754468324
566 986 985329243
277 320 898862936
228 973 816762292
534 376 115504279
72 612 500141005
746 503 647256776
26 815 730631093
528 145 159406280
566 262 653112250
534 673 239436100
722 340 970171059
479 271 609759032
123 754 143645147
988 515 66003129
657 780 882159526
942 59 997832503
468 541 946047673
814 743 229818082
529 735 856823070
886 565 459349145
599 427 799390866
137 456 384988548
220 748 304646224
553 909 635470978
895 200 132551505
939 269 135465546
477 264 587817965
924 651 337188518
77 649 249092618
423 215 985440430
209 13 830745809
404 397 303884517
673 710 78350917
7 831 506891234
939 441 653720277
637 952 456061956
683 802 196593344
334 984 47559392
784 36 133898050
531 308 411268558
883 849 736926784
777 880 28487384
509 630 880953127
641 825 904918698
939 182 192664322
212 968 971767799
862 804 761141952
204 933 166073273
262 322 837964833
309 689 160924477
435 766 242913534
886 534 908676876
431 922 565890209
199 731 852575001
411 52 231998043
307 688 971335959
102 439 820435397
864 756 534127090
276 474 598100993
953 708 48973590
786 982 860399134
763 861 210730495
754 917 109904940
345 694 385486507
796 530 815252601
684 198 435633014
985 507 196861900
733 485 786516083
133 533 633522536
232 833 635277697
872 536 385233623
286 753 338869604
28 521 332637520
275 477 399438140
450 294 834497627
566 877 475106673
485 763 724290379
812 785 553273969
510 480 949549192
787 72 96888554
557 838 775600578
764 490 57867038
494 21 137066841
743 23 464539869
558 374 440592288
88 304 569126878
228 475 102143546
881 360 613466934
45 675 279597183
999 109 171441825
77 25 512348468
267 941 178224518
232 38 533251199
497 950 849518161
238 373 258045255
948 150 268928858
182 784 286277402
335 302 825766407
250 469 597695354
722 636 705215230
830 219 678778017
399 919 290382679
407 318 544848260
628 306 311340096
726 479 205986403
627 152 488399885
154 197 502374078
541 120 343507755
764 396 380575474
787 926 197357654
505 226 492289891
676 393 463392123
729 858 967128486
780 641 563889340
672 212 734948558
759 500 200145243
98 451 216565548
689 20 316021465
913 205 999001587
147 931 1404380
245 398 287352104
724 307 569120848
209 379 926774621
295 871 385243429
565 592 546896950
226 193 319135574
926 798 13302229
122 752 551819540
948 711 723386582
9 807 247278897
729 928 164036986
37 62 177878350
452 363 493833950
948 757 279702593
65 293 321142216
389 684 593497195
268 621 822295940
87 61 232222764
635 582 217158810
626 186 938812586
945 573 85672023
681 796 612588408
818 204 566884532
228 937 754628287
586 989 710271981
34 618 731941347
70 221 624844015
883 201 584436857
263 465 726475936
965 15 554157390
761 159 816044752
747 240 759233803
913 664 990491337
848 48 918346575
721 409 60955174
151 504 856601890
752 969 964799367
365 978 351562751
243 391 482416071
791 847 856348455
411 939 48524791
657 35 126724811
446 140 577114466
557 39 360636382
9 816 511329817
950 795 31761969
336 283 525996906
548 247 197964565
802 414 351949522
509 151 115252156
991 586 339334296
54 366 437159725
210 4 106493364
208 287 811545900
96 163 209746728
474 736 791770288
343 668 25939266
831 990 192394415
159 300 653842099
613 842 5339532
204 520 669667598
948 722 792509749
98 434 440487244
528 790 192793384
506 267 307363707
335 543 163044824
833 614 588640830
937 998 829975334
303 338 884588548
413 892 692962535
122 501 151922244
994 383 687076187
243 79 789861765
784 551 716071732
723 166 774308287
672 758 389548640
217 910 28483248
308 791 555026265
64 687 403920349
713 988 854856361
249 890 48686653
279 66 938459167
217 544 122281339
389 771 903812271
683 40 6457282
444 78 497751330
946 561 651981095
232 496 750260811
51 82 869790747
198 747 535022372
684 407 262343133
657 404 840791422
297 375 286802740
398 46 592111265
723 126 460841334
127 568 279256171
153 911 888140535
811 117 67258735
226 368 857660576
567 674 141632919
556 817 36809845
450 284 696203068
641 390 761995259
745 792 506229719
833 899 226700714
39 845 797831407
232 872 25897626
834 83 643942826
81 279 9007006
475 365 14496195
321 118 667966666
73 701 851188781
819 837 932083472
64 86 960020900
339 430 387772361
842 33 654204217
228 907 610830981
157 165 277887302
725 799 157339000
432 997 229014839
566 241 286460559
531 297 36842007
306 111 588239353
496 656 39167504
753 957 205875408
450 898 854817152
601 250 789092929
626 272 682853488
292 639 91511537
387 954 388677658
964 313 657499499
757 599 749648142
684 601 691748680
654 661 53283348
431 245 124293325
558 769 931252680
349 339 10032384
481 511 496623994
443 616 678536397
252 57 555775500
358 124 630948638
551 65 462650610
159 628 605396103
824 662 656938817
863 667 499678047
772 619 641372768
262 123 493461734
5 257 538546165
452 181 268430159
146 227 202309004
297 1 275586935
858 426 716932831
128 330 97581246
466 266 158077489
147 49 686599345
907 603 120946157
711 734 808826775
27 677 374663048
389 344 585409389
460 632 131896896
844 380 652171997
570 116 958523148
720 829 209177728
524 773 44747855
348 154 400950916
756 190 921595216
129 678 343852193
95 466 909306250
604 447 882041670
935 312 368109058
468 44 49670830
534 717 417449314
229 715 94162092
664 412 188735740
379 333 523346532
353 367 909629256
761 249 628494862
15 351 106151993
602 638 864396205
460 115 911488447
101 846 43209221
325 371 448007783
493 980 263439548
480 167 661362658
756 155 297601902
926 102 726595840
168 523 657224615
950 527 690610987
321 14 382986439
163 134 713286567
545 759 960490015
401 492 211736382
349 946 192937191
800 889 97833554
742 461 975887774
222 259 143670111
652 481 361775505
713 275 733442830
235 613 324166632
20 631 122079677
681 546 601576201
271 265 350211594
349 505 623473388
431 502 676171943
389 733 224998599
641 841 841788002
777 949 479399300
510 137 816958966
776 445 509296975
913 707 417446064
189 421 144207143
505 324 286668536
374 122 53809213
714 810 790364617
300 721 985570455
623 822 431629633
458 972 893492178
93 532 27525070
586 278 392711999
702 789 781105748
663 440 981771404
168 875 406216513
670 121 387541729
729 835 243991013
811 325 965812119
724 413 96855571
973 84 894888915
393 566 922781417
764 321 331884588
556 680 459730914
939 571 790541384
345 574 768262714
866 2 801956055
303 12 482714971
684 886 190306222
696 453 621331430
396 971 804681045
944 223 293504820
323 1000 35907275
871 891 607191567
154 806 33259935
876 429 627296791
828 697 50795020
349 764 356195206
206 99 933303285
644 239 215768818
835 695 186895628
737 981 781121647
726 209 969168719
927 682 373882858
321 114 139231791
162 964 914513372
883 457 469669033
799 929 803539566
160 274 951442409
74 956 52981742
114 187 47287827
326 517 851169690
122 331 722877994
394 406 219420633
912 793 663492163
844 550 348975003
878 183 679074945
58 545 208279732
620 783 158554059
628 867 944371194
244 953 764021820
349 560 305505372
614 448 338261837
253 873 999561846
378 609 340345528
738 253 47374086
251 211 600701323
733 364 395243449
791 578 376677930
455 125 598141296
864 744 436695459
573 482 516881821
764 558 872193997
635 323 422557143
12 460 932875773
109 916 355376473
232 237 214746197
936 189 637867868
604 702 775900019
750 444 269515106
133 512 711305096
729 74 51026291
294 813 58702169
629 378 490755736
948 787 497244329
229 644 229356428
737 729 65270636
439 149 45298401
810 467 322643382
63 691 291813368
27 411 117775701
685 483 882632086
321 158 994194235
290 32 292052000
308 966 96897900
687 195 385122735
686 26 474715778
534 637 967767704
406 106 139750742
313 234 94367054
135 337 984828712
864 552 192125243
436 291 419727802
835 203 124987018
747 235 534175141
226 924 296292074
563 942 867852797
237 855 590754447
456 591 647048673
352 597 757939385
721 138 731646219
222 446 101433055
983 797 82533693
303 484 429597329
147 623 875353789
691 328 530353696
964 633 334301795
54 423 260684485
976 704 148270789
764 893 824596901
890 579 328420969
302 361 977368401
411 959 346893470
733 309 621720029
452 884 14698314
906 386 129874884
861 970 348614450
564 104 926014637
899 788 129187966
250 768 215017637
555 315 115619223
811 389 15853871
164 442 995083792
519 263 510143889
101 727 475038379
465 583 162335970
560 509 380510088
64 626 586215050
343 864 826610088
738 908 990898283
222 844 14886840
738 228 246317686
17 823 832937707
165 832 791179343
891 105 884998466
830 199 761811401
335 643 944430828
935 828 25558102
71 196 788207125
769 63 272894119
994 894 967122883
171 24 703487036
366 774 469987247
17 562 80585335
358 960 41696598
535 513 369944382
763 570 632846700
153 925 2525478
392 419 478786886
880 69 757974914
266 700 67989490
43 202 778446081
98 34 171864024
74 224 103110139
557 273 430613468
371 617 343319956
563 27 224315086
684 7 436356142
780 809 98900037
267 171 794037251
349 676 669820760
936 582 109061469
983 803 879725538
581 352 839209123
455 486 302945253
308 572 148131711
2 119 59626242
763 472 34241694
819 77 129763695
577 71 869957395
876 362 457655185
258 31 640042949
880 17 111628430
893 739 22576354
928 87 616579530
862 923 630728896
790 557 458435220
288 348 41286134
830 346 52291042
729 902 886027925
865 67 399339743
300 402 132041630
411 142 310179463
385 770 457071513
182 392 865492768
576 499 763886932
528 93 409746140
584 222 120755818
725 395 869220426
883 762 352202475
479 615 423075780
716 299 855141966
671 870 424989337
401 218 819032460
684 719 173611221
893 359 986390039
339 848 910415321
476 207 198784353
349 336 696819560
66 220 324470152
74 435 377501515
814 110 952570024
407 801 16150586
345 692 582613350
539 491 183681444
165 610 991336342
904 176 354644976
343 9 593747181
804 595 378751692
319 332 324141230
723 248 673979566
232 80 962034449
212 147 144380981
383 53 945905112
22 865 792877078
565 342 419720296
723 605 465047758
81 863 842861907
7 698 436794258
322 85 401682006
406 976 425060816
209 852 951798462
206 720 471380957
337 454 310716401
585 170 28666746
430 635 983340202
764 593 50320518
686 164 355714116
459 897 714433350
222 834 862422372
466 229 111634022
380 805 684527518
389 760 26973893
507 979 931022064
247 169 975098496
830 405 508013744
560 728 728623471
604 585 13838668
819 958 463582934
387 775 916137059
637 934 868667040
81 951 185501774
475 174 418909103
565 652 51516894
548 742 650831225
393 242 746187900
306 255 15213765
627 681 815440317
858 431 762436706
558 298 905446409
449 213 701507613
232 316 441651365
377 478 877458722
341 779 822621959
764 450 917437972
660 975 623539678
549 449 385086750
309 131 671499208
159 136 19286999
368 464 850154951
684 236 861769914
822 88 914492244
249 726 682600812
906 525 208018480
653 231 701797561
684 584 33865655
518 724 986708820
269 107 191112483
406 518 634078634
505 840 756642375
22 749 105821386
325 567 256927023
450 999 547464642
372 8 682255089
118 679 200280932
408 947 524034664
343 713 182719925
698 985 190133474
235 301 479102203
393 91 114152666
832 940 235065748
599 745 812545160
761 672 471802556
179 690 962688071
698 581 395473096
238 28 661230759
672 647 97075391
94 699 128921328
37 133 879182851
516 282 873258585
325 135 180600484
737 3 170657972
498 94 847965313
824 905 307632726
424 112 570307948
402 685 169166515
171 98 808794980
353 56 866670194
946 830 850057585
773 542 274305838
320 920 910209074
725 977 441908347
891 961 531062389
485 335 11502945
9 90 421109984
82 967 492734256
627 22 813274900
468 463 973220739
787 746 361097742
427 146 521905985
698 596 890619456
494 42 632438773
761 811 642923877
81 468 585124732
875 625 810200639
435 860 458150375
764 725 939846443
545 800 618918617
69 587 829757331
764 737 446648154
263 417 349140993
383 60 594675878
240 382 426429516
144 5 153422037
725 319 611664716
737 808 48373723
657 51 291169103
100 712 774191682
519 671 365559722
383 433 24118808
158 139 56439099
325 285 843737966
893 765 175525052
236 185 86222647
419 539 314897339
771 286 73147861
804 663 739065658
516 415 818622725
563 913 91897111
100 277 925842159
169 354 999828528
275 388 313392330
733 992 411528100
632 103 521199723
955 859 428144563
236 750 200009466
739 487 351541857
370 494 873241979
136 353 991729005
942 580 890033720
232 993 636229062
160 355 440081777
965 653 531986118
682 782 513923668
733 458 581315157
769 254 122424927
523 258 173147839
300 357 666411551
950 172 345650879
893 781 554392703
224 108 576442681
9 963 987430703
812 655 937848882
645 350 800697272
81 372 769002865
349 563 714166817
994 594 526573526
808 347 106966240
151 47 845518446
886 19 111897002
473 276 190230575
883 225 353177073
81 54 331902224
545 493 388336520
222 706 105599842
858 162 450887393
725 921 347568411
601 944 122478883
761 349 418249401
91 148 644329717
