200 984 30
111 50 75 59 15 88 18 69 53 165 30 193 13 47 113 151 9 63 171 126 64 190 166 84 179 152 139 172 134 60
102 58 737643114
160 145 609208927
30 143 446647317
14 61 845869562
23 127 160788463
115 107 914010003
39 48 581107618
156 55 65194752
122 116 673564641
136 91 240641352
117 63 435555811
176 88 757131035
199 168 837242313
119 93 550567707
25 143 164756424
109 100 333064646
37 193 689812855
87 154 400578010
59 188 967029119
162 143 314592807
200 165 764314203
116 15 369623691
60 31 83120516
47 38 239571231
107 163 697911876
200 79 936334586
114 101 457566252
152 129 35789624
108 110 93262635
58 153 260345490
187 19 860516234
161 111 434954397
133 190 169751782
106 197 724918849
116 183 397388208
139 148 167429613
84 116 231278915
31 123 72791521
132 94 218281126
180 194 213270681
24 89 870422140
166 158 492111302
54 68 1662965
93 159 784175707
159 165 510462412
103 60 929340129
107 2 124296207
32 6 112548222
165 12 664487282
41 154 194551617
154 149 529656099
168 33 698539483
14 128 523044377
177 50 269194050
57 81 4231773
88 80 871463866
78 172 887564465
37 44 414478855
43 157 28934978
128 68 409786493
71 197 494146214
96 200 283812812
168 118 362405154
148 9 364689119
185 110 970834741
181 16 194154772
29 84 405478880
139 43 734543402
80 82 947643983
64 109 217093335
72 161 861786866
39 18 61347622
13 159 441666296
194 43 885314840
70 155 455837765
1 22 267931597
108 138 951437909
101 52 404522299
170 158 326182730
191 110 736301518
74 30 62603996
185 104 668893532
155 181 763161759
140 113 241142221
35 43 376328246
49 166 799598078
121 25 393100808
171 40 749570947
67 144 204715904
28 84 914576049
22 193 916393860
154 131 280755759
22 147 629017584
71 131 782182819
44 186 228613359
199 33 644872626
163 127 381225945
36 78 168345655
129 102 254510603
51 152 876612957
135 104 703182331
16 180 737437671
13 93 849454060
18 24 273569901
37 198 72053717
150 140 555232977
101 61 712846869
49 170 798876091
160 96 638444183
51 56 158377020
141 101 492710861
144 123 191717815
40 122 350745283
132 91 795678567
8 77 517971103
25 13 267645739
27 101 861610652
189 91 912471731
27 14 596044784
51 130 129156755
99 172 399792043
176 48 271462980
162 25 978992275
76 18 773001320
175 176 647700788
29 40 978845205
8 107 701876771
147 193 884090019
5 24 223889621
21 155 617935586
10 186 413027559
34 47 680054252
123 86 282537959
58 177 691382251
82 60 686758149
180 35 206257681
126 172 230843202
134 165 133574861
40 46 154107030
75 184 245239879
149 14 770774452
8 55 152135361
148 43 823652176
68 176 361501627
50 168 112027199
161 188 961397023
190 50 90367776
31 78 121066898
44 10 332030358
50 195 337153203
42 158 851926992
166 29 585690466
171 84 126167884
4 161 395874101
48 83 210696842
74 162 557310071
22 37 13999179
105 20 582799290
33 118 384848097
63 147 580495137
175 88 441206127
80 103 563535641
164 10 875681139
188 120 674633770
125 81 773187579
74 157 954087812
134 200 207470928
137 154 582550155
162 119 608145060
153 69 547972003
98 114 594116399
15 155 594177405
121 142 143732365
21 70 981037413
105 132 288334042
151 69 70078801
55 2 500319879
94 197 606717696
23 66 714290313
69 190 525153007
110 156 892413357
57 184 921916872
72 59 826413569
57 75 406266958
77 163 391098844
192 78 278068898
101 90 395475476
21 125 594607384
66 132 12847201
102 62 8786994
101 128 368257412
166 174 681655167
104 138 637983429
196 55 219963648
22 63 208725253
146 129 260664
171 182 766041690
154 141 809093459
107 77 1640969
152 56 441921290
134 159 521811515
147 164 590483853
138 156 789081297
164 193 833495081
157 169 122155248
104 196 337219666
150 4 325124458
66 105 373488455
61 175 288234774
88 39 49831140
52 68 389582392
48 80 219483039
186 170 52510810
176 76 724421416
59 113 651365822
17 102 281961025
179 177 950108254
114 14 295171275
25 142 145154195
173 45 716284316
140 111 639787484
187 181 344701745
108 104 489235056
135 185 420159427
93 178 36976956
7 150 303126436
110 138 106374135
49 174 590337001
73 156 822024106
28 116 594735269
101 54 597039813
87 197 945698029
134 93 391918168
173 72 315086463
76 88 844872259
32 180 491076784
127 91 441437919
74 121 528137307
9 43 675811326
136 20 291183262
36 26 136128264
171 122 272577567
157 30 92523490
75 109 284208008
92 21 56160534
197 41 371423300
148 74 612890099
62 58 988074081
15 187 126097075
3 192 155638743
110 73 524897856
114 61 39937566
59 161 677406126
78 26 884356801
2 66 240664828
1 63 800064186
83 24 590418176
66 189 28034068
160 134 11254608
26 99 856595871
40 116 642948005
63 164 386267972
136 132 170269075
33 11 808929756
175 76 932231564
67 192 840633781
141 98 886361180
132 106 673452978
128 176 870322482
123 126 61414426
77 66 704596952
165 79 964486941
118 11 602771024
124 158 373073689
7 4 117093637
20 97 722047669
70 125 181674412
127 105 668682711
169 142 464274932
146 51 350384844
3 89 88911569
188 95 51211455
27 98 745350724
43 121 621878265
90 61 351053012
142 13 66643071
18 80 168607655
183 70 990784666
61 128 625773480
99 86 381042108
121 169 687620587
17 56 249269006
145 200 12792345
44 49 463622800
45 4 610724164
28 46 478356072
190 34 986938972
48 5 393894464
102 133 148782486
86 152 123084264
35 148 945722991
58 190 106678883
170 29 959137270
153 190 191584268
136 105 717004
82 83 826307108
90 54 72741221
68 48 946772672
128 52 354089385
178 173 439645021
147 10 674853928
119 160 612004896
79 173 265091814
117 37 303131934
82 24 349477882
2 77 725982165
142 160 692668479
83 67 597472006
24 103 996759222
141 114 580591093
157 162 448075249
38 22 935650509
65 102 220854483
170 166 440860287
63 44 722357915
165 7 428687821
138 196 855462137
91 97 485263668
46 92 466030776
129 130 296151508
140 120 743735674
198 49 247111055
104 115 400390761
4 113 481565597
97 106 946079417
191 104 809840887
19 16 122007532
172 53 25591651
143 160 672380686
33 195 971764730
194 148 854417581
125 181 284851151
13 145 469495656
43 30 144956362
81 19 284071543
113 188 962819144
137 131 55064386
24 67 400471195
103 3 905910703
38 63 25283392
79 45 136205997
195 117 718491723
60 3 442708871
70 187 650397405
126 26 503336108
6 139 213743984
10 170 628348879
90 128 577847841
142 145 907444362
127 132 566495006
7 173 875716347
159 200 548912167
55 66 445556035
138 8 55688958
197 131 580104172
14 90 64028126
102 179 953439223
76 48 957722227
10 198 232072476
78 126 778037284
77 23 941760409
53 146 155504592
119 145 42077673
7 45 18067095
172 152 74738051
99 146 936660092
167 33 319820266
16 109 471308612
118 1 266379356
136 97 744219174
182 28 118286231
167 168 90928668
60 89 337952638
63 37 397842228
131 141 653794035
118 22 885390275
72 113 774611952
29 171 844201986
120 111 547161244
184 180 195094018
119 13 666578827
151 153 706358086
166 171 3757928
11 117 660787573
171 28 381129486
65 62 357196612
126 99 27122152
172 86 469535483
175 68 915839556
42 171 207490918
118 38 351534220
192 144 433962349
100 139 837981472
69 177 985627343
18 82 466045124
23 189 714799107
137 149 808305926
121 30 720397918
39 82 789531731
189 127 95483583
45 72 119621396
188 111 684569222
57 181 230099685
143 13 591013039
184 64 345375633
111 95 642961389
149 27 271254016
117 22 803230995
1 37 870805883
197 137 509061342
170 174 437943480
19 184 931134696
53 130 570027764
39 5 273454504
74 169 579533855
149 114 419600614
6 35 324196966
193 124 219938092
122 21 282142617
145 134 165048738
186 166 316775585
84 122 475935703
70 81 789053248
142 119 737430586
98 14 969332333
194 157 725009629
12 150 162359211
167 34 834517960
16 100 393355319
182 122 932360040
149 141 289676992
11 1 894295066
151 179 230942214
181 32 862586455
27 141 627783894
132 20 520833969
130 17 665628311
123 99 589702976
73 115 753674976
150 161 902301803
20 94 452142400
184 16 872972235
151 58 90881702
178 79 551726026
167 50 76998600
185 138 941302518
178 12 975567908
194 74 336229042
155 81 65596087
163 66 844519082
36 99 283887797
167 195 333271537
62 179 458451179
118 117 392110603
28 183 636461791
146 152 244347796
124 49 745850646
129 17 893105532
133 177 818441379
95 85 881515730
193 186 629945071
45 150 439655532
162 169 712343630
112 199 154053268
186 124 919637305
12 72 267688868
50 47 156334497
45 140 737275036
89 36 421647956
177 199 980688407
187 75 30576662
189 136 649272842
169 143 345278675
87 137 292194472
98 90 48785336
139 194 49343460
47 11 419971708
133 153 895877762
30 162 156185750
92 125 351324900
52 76 226197924
123 172 777497736
140 161 822805642
115 2 861143806
9 74 583052392
46 70 895315398
183 15 998348628
68 88 181661450
16 64 302961727
193 44 16694457
200 12 852199038
180 6 588029160
56 179 192840138
86 129 26482963
129 65 925179290
155 187 517800232
25 160 227860916
133 69 676418045
116 46 372443680
164 198 605721814
125 187 173190579
59 120 344091517
44 198 942072396
144 126 434635746
174 29 178787714
135 191 933780915
177 190 276804254
180 139 769379696
19 32 432921294
174 40 994111291
137 141 914986773
165 178 211207639
157 121 914237721
65 133 329378922
83 3 734380388
31 126 56080670
134 96 559430331
114 90 78924859
81 184 572614034
145 96 626507354
6 194 939128934
161 120 73687117
115 77 911001526
38 117 755135608
51 17 544506996
10 124 741425727
124 166 40992381
152 65 116103715
71 137 881300452
86 53 131870895
29 182 216703522
23 105 392035241
84 46 121859449
104 73 184287448
54 52 235512311
193 10 206029009
122 183 938660946
27 114 796189128
65 179 60873282
106 41 705074006
113 95 752395971
145 93 656090715
120 85 940301269
182 84 625482831
5 83 956482274
54 175 468810233
11 63 619141175
89 192 263657858
130 65 139125002
99 51 334740323
179 153 279079664
90 175 181245866
87 71 782392640
6 148 821773423
179 69 41580523
127 136 30204298
34 118 237220356
60 192 161819045
19 75 943540404
61 52 638067031
89 78 311741847
35 74 829823751
37 164 792428588
109 35 509422047
107 55 587717018
62 153 511131753
81 181 83399159
12 4 217312588
127 20 756613961
191 156 499378332
114 54 397753420
91 94 551580044
42 166 152741240
112 50 414915744
20 106 479744502
92 70 95511682
179 133 823923021
186 42 90445651
148 157 353070426
29 28 821205215
173 4 717040356
90 52 176524174
66 136 531866213
123 26 880878600
143 134 413456859
3 144 10822251
155 19 402069511
11 38 601937342
105 106 951566671
7 12 795921493
97 197 412546925
75 16 995183360
26 86 780123570
53 129 134871595
4 72 253260493
183 125 125684889
144 78 301306860
71 154 236459948
105 91 840178301
98 101 441346301
21 15 836542456
93 200 290317856
181 184 939643894
170 42 190064749
180 100 259644726
195 47 9707182
166 182 858942918
174 182 71534770
21 187 415435173
199 50 243487494
115 8 616283801
20 87 392622430
173 150 688254288
72 140 899119745
147 37 533198652
64 180 525147857
53 51 493770393
46 15 146218852
47 117 75325573
112 34 714632419
128 175 818016377
100 35 161492425
73 8 388860986
88 18 678301345
33 38 419799898
38 1 712650709
132 97 282821313
137 27 425180917
70 57 742542549
57 19 683139449
9 157 608018501
13 134 127020659
15 57 737390495
159 79 713761635
99 53 26335107
89 144 632377011
160 93 549841872
14 101 858072708
158 174 406980942
92 155 20178090
41 149 750915481
169 119 296316630
51 129 234389193
12 173 993736165
168 11 878496291
42 29 592467024
55 163 634754234
108 73 669276088
197 154 897197679
89 31 104907535
109 6 97090223
5 60 202106450
138 73 906209042
172 51 677286618
94 41 443417114
18 5 20339744
52 176 810473658
46 183 600789843
130 102 779838949
78 99 362702706
33 47 993989162
182 116 19144521
36 126 882057320
88 82 181965892
83 103 75246906
80 83 748425052
17 151 574610851
155 57 708817253
161 113 235626166
125 155 410372194
25 119 900067792
112 167 910005339
147 44 246618233
58 69 877712197
179 58 245979244
174 28 942687741
146 130 991286529
88 48 679108305
30 25 599242831
172 146 366622320
81 32 892900152
96 79 751007466
182 40 682524958
116 21 923303562
183 92 796538090
135 110 932974572
191 138 437003107
46 21 200022855
128 76 168351392
59 140 284619279
79 150 297496312
185 108 429368231
54 128 236144002
52 88 464811814
198 124 956279665
143 145 47229753
187 57 525774784
141 14 886731304
97 71 44382068
164 186 921507418
41 27 435846360
14 54 979378820
176 18 74987128
75 64 6730357
32 64 456765914
162 142 44804233
176 39 527179979
141 90 120529491
96 159 148118975
126 53 649132191
24 60 267492821
181 19 484529187
62 151 770628304
158 182 253041633
116 92 17436741
198 186 306505849
37 10 593487428
131 98 955274682
103 89 881206662
102 151 818555089
38 147 492217164
131 27 949756264
71 41 426476276
36 123 687181908
17 62 283100108
194 9 484342608
153 177 415074125
156 115 526545392
20 71 323763847
186 49 713144057
112 168 214180835
131 114 592799808
32 109 41917023
49 42 468500326
156 107 502278024
196 115 172352105
67 89 562490926
138 115 413071999
78 123 253741467
48 82 680521456
76 80 790216767
41 137 800516573
58 112 250714309
42 174 551394746
195 118 411513173
163 23 639397914
130 56 613912545
97 87 188765754
104 156 259269429
96 165 217764864
158 29 928349206
113 120 644644438
34 168 808120200
64 139 264160772
91 20 355106246
140 188 507883846
177 112 20802029
54 61 102690303
56 102 934660203
75 32 271054435
6 100 713669702
117 1 856195774
113 111 294539889
18 83 48461047
125 57 491345803
40 28 824393731
199 167 880937176
190 112 652722431
183 21 296321950
92 15 68497400
84 183 853326369
24 3 586345322
63 193 68782012
43 162 596830323
165 173 62756203
8 2 137790239
2 163 875400562
72 188 498319215
159 7 977304959
198 42 343407472
86 51 511987256
1 147 224985688
73 196 397789810
93 165 144789770
189 105 774420053
193 198 474327061
157 25 184114883
47 118 818509529
30 169 531168366
60 67 674531142
94 137 815229125
5 103 573016374
139 9 166489612
66 127 782225784
68 39 573674745
10 49 406594489
158 171 951619740
3 31 243576671
103 192 389551289
31 144 106999803
124 170 346778556
77 189 315585003
87 41 337343310
192 31 896433948
15 70 49982724
144 36 610033970
196 107 966561985
181 75 207257523
152 130 769353479
48 18 391961386
184 109 146038264
120 95 857676640
122 46 752938923
175 39 455440067
103 67 78389774
190 199 887474333
35 194 540920728
189 132 40238785
34 195 446181911
150 72 6571393
198 170 356341187
164 44 371565299
107 23 31393285
3 67 432776581
34 33 117603952
94 71 408034073
156 8 491692593
110 104 94853709
68 76 472932696
173 59 273482365
146 17 841611821
69 167 913527550
17 65 46103105
35 9 711637329
76 39 419667788
121 162 574724622
124 42 153828284
149 98 321424505
122 92 762655200
100 194 327895866
5 3 702155473
129 56 899357172
12 45 21147232
195 11 174605990
108 191 8920687
49 158 260748606
26 146 852597168
184 32 548272626
150 59 749429185
44 124 534589559
73 107 20302364
23 136 739246693
117 147 421269527
1 164 911697392
8 163 640690833
86 146 154802128
30 142 38633324
83 60 8346101
16 6 59217671
82 103 752091243
163 189 373540933
94 87 189381624
106 71 911572628
2 189 942803149
9 121 484802279
197 149 652218439
55 77 75911386
174 171 824337246
156 196 488231557
169 25 214822347
113 85 890089447
199 34 124548855
187 81 967264003
81 75 577179263
153 199 878785142
200 178 311262307
161 95 546224386
47 1 546256963
39 80 156836957
97 94 870071296
67 31 697502764
84 92 211436712
169 160 348982687
41 131 445407102
192 36 251464264
65 151 480233986
192 123 464915929
80 24 642650179
190 167 769011358
143 119 362229017
64 6 875329697
105 97 816817701
26 53 966091309
100 9 608304931
28 122 633218629
148 121 691123897
61 176 646639377
158 40 466852203
142 143 713914446
96 178 853078202
62 133 553415010
188 85 607404274
168 47 719401535
67 36 812609437
106 94 66358494
115 55 440003106
4 59 468295238
69 199 385370266
131 149 197462374
119 134 481263587
200 7 341121983
69 112 909660191
130 62 273711214
144 26 887924159
13 96 278047061
154 27 80168734
163 136 639286916
77 127 877877343
100 148 220499467
53 152 441163346
110 196 523989536
91 106 883869259
79 12 787748434
160 13 349893607
139 35 449292151
45 59 964391317
82 5 461401388
109 180 20896924
178 45 501593223
4 140 909104565
168 195 348840224
91 87 932561163
178 7 338503517
50 33 268761597
126 86 751100844
80 5 978775115
196 2 453394042
79 7 411374867
135 108 322246121
195 38 355279872
93 96 401674976
109 139 240981712
55 23 401268354
56 62 999465883
32 16 794446148
64 100 787858414
56 151 954286912
159 178 869363870
185 191 747147096
98 54 353817282
177 167 987202320
2 23 217032002
154 98 310258497
56 65 474467436
15 125 36759599
153 112 208174032
19 64 823545019
191 73 89606458
40 84 175383169
11 22 435804277
22 164 336862308
50 34 635149978
61 68 619808004
52 175 935655692
9 30 270894675
145 159 537780757
106 87 752272950
43 74 35422603
196 8 923820974
31 36 151014803
111 85 497256791
133 58 170662491
151 133 75312212
152 17 140450383
