1000 1000 5
496 265 100 920 108
964 871 393489214
854 138 284203327
726 750 95631614
613 534 659782083
587 85 549803359
556 4 642291466
179 397 392541731
879 389 6289017
876 692 765462263
697 449 728502932
502 956 113549729
323 757 455820226
943 559 924330308
41 279 52635700
944 61 985708616
249 236 370274131
511 309 265926641
998 850 111417390
690 516 492296666
348 198 224113061
70 653 181526816
210 97 89105858
565 726 717285333
827 578 653912304
992 900 410026445
819 221 886780795
220 630 852238348
864 400 306275952
61 862 951292410
129 72 573719051
561 829 283085566
449 21 461514534
976 576 540977565
942 35 103385246
813 504 93699257
850 259 696054328
658 910 695100547
723 539 917324615
911 120 207981443
650 962 27522121
113 338 914561523
694 713 696989431
563 810 935249406
709 917 806514946
76 997 622750714
236 273 112795623
358 181 67227761
216 682 30132284
742 769 796517604
447 368 725156785
556 547 536081234
761 596 209579057
355 105 413874105
192 761 529175156
332 569 495118315
882 844 905331316
413 267 429647545
221 721 29132353
314 675 859266467
652 553 64095987
362 676 134517780
336 283 262009310
376 335 575370035
156 34 343343446
836 70 877688263
962 465 980466924
707 832 572359861
275 111 40447069
991 771 843266802
422 637 525770937
844 107 623599501
814 179 135077130
493 383 529088863
817 899 212829518
152 257 546745179
124 270 155777792
275 938 268875860
595 343 962081240
988 658 731087055
314 300 289535645
157 964 705076751
681 81 564688815
474 161 229019608
544 816 371471518
207 332 577181809
122 407 158181327
478 818 306190219
233 947 339443767
153 65 292446915
822 825 196700837
495 84 480282646
475 1 470105403
801 399 111565967
232 401 522981896
910 42 638823923
882 439 183493415
882 800 387401930
73 523 322109603
495 216 570358583
199 977 445773808
368 691 406342105
182 941 563501175
98 785 732379658
157 474 926806421
124 506 488931785
63 428 103155829
65 568 315315017
910 945 750863202
881 545 510282605
889 519 910643570
924 840 799482377
160 457 328172254
792 711 587756200
582 411 749512776
565 770 481417272
140 263 318964923
227 752 564583612
15 702 67301024
742 988 177895676
987 763 684112072
366 767 310889462
107 136 712838562
357 282 326101296
96 820 307250948
999 271 493751810
805 708 115989426
413 921 598718026
819 923 138059497
768 233 83979945
971 961 688252742
839 159 787882275
801 210 733763419
448 446 375054574
533 880 182953865
813 422 538915104
176 370 866233350
446 52 655221258
423 466 928373312
572 751 776168741
119 351 692877025
96 242 944138025
820 490 941057637
973 488 494666921
810 396 389912973
836 426 243972564
603 129 246759006
147 438 167066467
444 141 8528687
166 701 914559181
702 927 613160261
489 353 799369622
881 960 331115514
152 429 931805605
421 715 313817542
982 849 401209929
81 393 717766232
140 776 434432808
405 724 367876963
125 788 602045341
671 135 595862930
911 874 885938948
97 417 356886003
923 123 415233606
121 913 590507830
437 344 126149057
974 16 818171181
595 972 733315287
974 561 395997412
746 486 452655075
716 527 855853436
830 869 388845196
170 5 898876602
235 580 463266536
163 188 836638061
121 827 532331825
452 377 868604484
529 447 984914940
801 301 142595833
600 839 490537955
742 119 88436639
109 640 789362786
939 430 473319940
203 953 180210218
617 644 353191597
631 662 326219201
221 577 263322724
584 518 937542381
935 191 57505332
185 459 843485299
979 272 9072563
368 147 873270978
227 718 843776401
618 304 863862427
647 805 574649243
102 729 146726627
255 288 451845973
226 421 84638868
913 180 785880924
931 597 345987900
945 902 633794082
445 958 541570371
565 305 383851423
50 987 729234671
343 817 283073503
885 859 856787906
147 914 794890409
165 639 133428457
309 455 339742050
939 189 268330927
70 313 914459212
734 514 4293179
894 380 77833455
343 603 475480153
810 695 257138272
405 542 944211602
124 99 279738833
469 872 176838720
711 37 192735077
87 981 689147950
153 508 654983982
924 171 211922268
204 481 830513220
152 473 937911065
644 476 570204116
613 842 900559228
559 574 619862061
583 648 693976734
823 965 400750634
98 540 46784180
65 890 755805142
220 462 882240156
568 302 166870484
288 719 209098630
306 935 392666216
960 157 358228229
332 513 515481376
90 226 215443691
192 876 300523088
529 31 575018319
445 819 472087159
820 11 419916249
516 373 678339752
290 213 735439830
525 243 90015128
691 382 410366568
109 665 459477676
115 170 827970355
596 2 989039323
310 194 162848824
341 202 826772579
233 387 819005163
902 245 776561673
744 175 56206834
537 505 894498923
178 289 253610067
848 887 95333908
493 906 152392058
544 33 326394482
65 285 816438401
18 13 937833426
798 443 886749022
408 420 760150419
898 355 885332210
121 260 271135254
138 30 258602826
121 967 84395278
71 254 887118341
81 984 429103713
159 40 322477890
628 784 608090140
323 812 549555745
207 725 292075491
756 733 412433786
942 444 362782076
817 365 354729634
620 371 172765976
924 437 37937366
726 36 998550638
159 146 821342859
537 625 391895973
343 623 856354466
589 296 830728001
442 747 233847704
425 450 316693761
937 423 434873390
761 609 18190335
652 759 980575824
57 934 891397380
680 618 515095369
53 889 226763709
485 552 581813325
671 973 121994080
996 68 863227513
14 922 682190589
713 555 760665132
769 347 247877560
62 995 297499963
734 78 786517958
761 915 794913354
902 8 539313813
391 178 213271243
823 96 553004222
846 814 707800389
314 163 209608129
530 794 796171130
890 598 550407111
928 736 420566649
742 801 484036554
902 150 944219397
523 699 681901765
810 277 653189807
238 877 155282133
99 777 636352491
737 223 183067951
178 974 296822422
894 155 815110738
59 531 66872083
355 616 289202325
674 635 419679855
592 10 768813488
152 714 462971512
595 716 122403171
423 117 948346163
616 670 910441009
75 252 287413956
920 100 241489585
582 483 406307822
854 41 340064940
394 946 920314161
728 318 55311340
817 164 176201014
403 809 182514287
956 26 535448679
36 528 492416667
121 6 491669147
262 615 9285495
20 575 100034842
343 944 68666672
369 989 138118415
50 369 248139703
188 950 685915868
73 738 900594663
518 29 370801734
928 17 695396833
925 53 391522835
845 485 111075071
944 968 922627125
836 192 710076428
290 579 806696119
599 89 150381334
306 143 205253436
397 350 907193828
810 126 524568788
281 139 325139219
903 687 891892859
878 936 124063773
481 145 131515992
18 281 521102153
794 830 981575084
646 948 306408532
981 791 383984571
313 723 221908516
70 416 731290544
331 294 732212761
104 328 477811786
579 461 118260179
428 247 502060461
815 585 371296769
436 173 25106977
898 478 353058592
76 789 602978143
253 883 210489627
24 811 238829118
759 331 376755859
204 893 148014289
841 507 373151600
181 661 157359532
309 710 991381798
11 469 381619920
184 739 396123762
697 291 562304943
605 287 11415335
817 626 646835073
613 410 42492448
87 996 757990584
905 73 940918339
785 320 539903105
688 235 778435884
692 589 580570685
437 741 145630818
243 888 717987141
216 378 845368466
113 329 44282390
15 758 488465408
774 345 816739777
777 434 740151112
821 642 458649198
687 118 114692154
890 764 439402393
511 103 231464345
403 686 604585583
879 326 444098946
899 567 113833061
725 431 870581022
939 511 765832944
857 140 753068857
679 239 809351688
411 165 487263758
291 858 946304106
175 813 347672310
507 413 997070856
133 39 552870873
879 529 174119109
441 121 380109931
439 592 706339544
691 590 883902945
605 125 70949701
187 650 39045455
695 102 107417140
877 158 579788191
469 298 182702139
272 208 512101809
381 435 785939917
971 440 150851258
724 375 829411235
925 200 25500420
511 735 431871813
694 246 799788933
135 38 871327142
166 688 868887356
549 402 660191124
170 54 740006911
182 415 571055118
81 168 352087838
813 509 211984792
845 172 485290666
882 441 944453819
9 654 103982302
107 884 741388647
774 479 635119368
975 487 276505903
512 803 567499820
784 657 756785435
317 418 946990799
771 727 538201218
175 863 683374976
332 792 681415373
81 815 709205492
988 565 299174585
368 106 549553641
948 841 257725115
879 696 591802955
464 602 209588661
138 588 896636341
488 342 107232756
250 204 613118559
625 954 177526327
247 866 451930364
741 564 148543322
428 766 30200716
133 853 436731157
317 704 965604632
364 834 964924036
383 419 729313394
600 709 450967961
306 86 70262480
185 293 540332726
361 357 661822218
905 994 25917567
343 349 887508645
511 376 181377754
765 196 147925687
854 367 246105937
477 104 642476598
456 737 65722211
836 501 661516397
664 228 631817044
204 76 575044998
510 966 790651995
581 406 264586038
915 327 616668662
976 908 568896811
988 60 835031099
25 453 892893419
759 167 635397229
966 636 831429316
18 182 463033284
839 209 656299905
265 496 851347183
203 916 333092168
889 323 239432958
861 892 747717202
513 95 192399558
480 983 144843546
447 926 951149901
702 224 12006141
193 756 191635954
982 895 912473330
767 69 209108599
652 744 605550466
848 793 342695426
620 749 755239250
905 308 809553301
13 897 158630329
854 821 542307732
522 132 337638975
879 489 111274950
318 284 305088246
343 190 451461261
333 398 806082161
361 227 338792028
12 467 666393714
582 366 442023942
209 931 830635736
992 337 751965705
502 218 573077266
595 939 451613989
186 433 68406770
882 836 313566673
65 651 600027045
882 9 550913471
81 151 555098043
772 324 281085924
343 629 114507132
155 49 55596815
674 544 914487729
373 824 151863982
318 251 153196827
36 93 101212068
661 851 283664716
445 703 85389427
502 548 564890305
854 361 392064491
112 705 155688028
297 828 872390458
471 614 743814008
300 717 169435537
595 241 533790426
879 870 58861716
50 333 68922148
319 520 365122190
9 633 60908397
651 317 148447851
347 700 777693941
810 280 758942522
840 492 601985687
951 127 69744929
448 586 17826473
881 15 446402550
186 942 108626943
980 624 433474520
742 153 224894812
661 134 164323201
257 62 270431675
672 826 225036676
923 25 174222695
63 131 92784174
483 386 692541100
242 754 836919646
602 468 729623612
538 470 373823516
26 187 625141534
255 998 311902481
163 780 897377524
42 558 122681738
266 109 396236477
100 108 585360083
964 641 154059433
405 225 605992008
650 88 566735277
882 477 682252036
290 231 908311334
611 891 75183916
266 307 341607716
661 775 977485326
815 678 758896978
343 412 607560570
211 7 266620215
117 456 112654904
983 409 453210957
697 82 131874552
773 394 703588300
166 482 302645340
840 240 914825370
595 823 140957098
379 354 720710111
309 372 821012357
323 24 108212448
220 549 929475978
823 458 665119950
150 334 380077921
564 77 651456082
65 778 545765423
762 432 623247822
62 130 394081570
937 74 2853356
179 352 412316726
265 920 366824594
489 340 115914558
599 269 444069059
129 918 85645341
616 787 400550482
839 722 598531261
841 864 346018224
819 255 30223960
331 912 480596150
988 731 527772941
262 933 494029218
563 94 591661825
381 48 812695488
595 495 184293656
130 336 600838377
682 160 230160427
526 414 814775133
490 746 94713272
294 860 191539668
599 838 239624255
680 928 105247095
915 957 973408743
819 44 155581322
654 643 236786915
459 570 11215797
724 554 741939403
258 148 909283415
819 112 865801284
410 362 823903575
899 571 702754568
437 843 925305579
928 980 345312910
831 463 807096603
202 217 703565219
221 524 226814500
192 985 314924478
742 87 425622137
390 886 96388475
848 550 793254478
200 563 829273732
870 712 324435631
385 667 574460397
42 909 837216676
879 149 649244350
250 268 395172118
335 498 804228683
537 655 298477923
674 748 275981655
900 162 971076674
191 660 204445153
185 58 591205809
988 647 682622115
13 303 700953272
174 472 300013242
686 861 225415991
112 253 107137339
994 584 503544823
681 314 29641477
913 51 480434706
511 405 951974366
544 904 535032313
161 907 804738185
781 201 335038254
313 315 437342901
856 3 879899554
619 256 521013982
79 261 7685241
774 885 750740231
436 865 469397063
941 203 377216778
545 873 396509215
717 720 347604061
801 786 412744470
608 311 333309468
878 299 736434881
719 634 444079926
361 674 60109558
939 124 749251178
362 808 93231526
879 262 370332429
137 75 139552635
644 445 834136204
221 18 286393618
881 620 186196816
233 940 543418636
518 669 372033628
730 384 321773046
502 680 968110874
742 681 527872408
448 458 123706781
939 493 464174446
207 193 997781195
854 537 185801830
885 612 445375925
648 929 800528943
209 804 368179673
441 599 51339098
464 937 134893680
57 943 933075435
562 23 844764960
439 276 698784188
789 28 409073762
353 292 946243641
442 392 898056665
865 790 940215658
480 128 911383001
745 538 966002395
579 779 211920837
226 330 471119966
317 693 709433392
323 510 188426748
643 587 517696411
916 184 587609590
836 582 370992056
349 975 871229644
625 911 790434545
357 806 569067109
489 689 431023003
17 500 815682851
748 517 412276005
326 628 821936798
746 491 107050855
661 572 136640543
680 220 16726977
360 772 601731643
185 982 673724350
358 521 815839348
896 248 72479210
844 425 14398113
771 649 55255507
211 986 619860801
841 730 364072156
436 677 957519645
408 868 781673102
411 116 619358775
494 659 309298451
890 706 922586907
991 924 801944819
709 672 692059062
836 408 899881812
848 606 257028471
620 901 49120174
138 541 373064079
865 358 547619148
106 566 576363178
682 295 812173021
894 760 431505884
795 656 332553194
931 183 25991226
313 238 419300948
550 356 135372930
988 532 279022032
682 796 69689818
588 154 735773007
256 230 855377070
273 632 873428141
937 499 844604324
881 265 166271330
746 64 972088868
9 177 239083648
389 142 672439149
653 645 924923387
954 381 70225567
817 156 214760728
924 232 871190116
91 993 556974201
592 316 312438998
924 379 167569560
146 321 931328667
124 363 84925890
8 979 828515835
619 856 810545247
762 698 527538132
744 673 978990015
994 949 373996531
648 122 148779530
70 837 478560195
975 679 578011034
71 595 587898960
742 882 73934343
548 286 704938196
865 388 763836430
595 671 848593673
327 833 187948821
495 894 101074878
854 306 816821488
656 264 292282895
745 197 152443013
905 621 819536740
86 325 453010231
928 214 823776423
301 999 966736572
235 932 495988780
741 798 842821167
73 322 483404259
42 857 336565875
485 32 743745799
560 484 581170218
307 848 287101079
818 45 481321538
654 867 147767191
447 963 958659709
863 59 455608080
70 694 236549725
743 930 399764803
789 385 385910675
166 186 626077789
710 348 353021656
910 755 70934451
90 169 868218301
106 581 195980697
39 852 699379576
368 90 938695514
17 20 770019207
214 195 978302000
671 845 151810874
796 831 388951419
794 14 433155665
956 310 242769976
653 898 107417783
410 452 951172417
118 460 704103311
960 878 499951818
975 822 331372707
761 152 566755923
502 55 596732142
910 560 107238870
905 663 947215157
631 773 560969774
490 781 750713481
452 297 636775267
436 905 343969873
994 219 314510896
676 802 482308781
909 664 169355380
22 66 831517278
121 875 201662555
955 503 990741887
266 391 473104565
306 395 499680466
51 43 654738753
430 360 804643400
35 557 628242739
723 67 550627303
881 442 607841335
211 237 313306252
411 424 1580320
595 266 176806437
964 1000 838091630
23 896 645732297
225 63 636007325
142 244 156374890
263 847 645420218
192 185 501059705
882 258 4862008
672 80 572852351
905 742 385879473
99 176 692034254
282 971 236742648
164 969 331361308
165 137 828378942
315 222 296330329
680 753 208903213
245 115 619489135
595 631 185909400
652 646 183175844
620 991 65854994
322 638 176556238
650 92 212190113
288 970 441643759
889 494 738267186
529 57 221881965
411 364 442135215
988 525 159746928
18 464 16730225
905 854 605987737
767 404 177992989
441 211 361436226
928 611 910741386
980 110 163267604
999 19 361522606
568 346 989805215
289 610 362376568
304 607 637667092
227 976 122743828
644 249 58323606
943 215 242708306
905 583 859901744
595 881 177471528
202 229 433468648
490 728 426171468
271 619 898935626
743 799 638734835
639 206 276496640
876 536 836027015
697 278 799792487
16 56 145715167
243 765 892052529
185 846 321434436
875 212 510646315
583 166 504373532
436 207 240413965
411 512 406382084
903 952 13617799
848 955 943152337
246 551 334154577
928 593 692423818
700 601 725229682
724 591 346735440
364 919 967429955
385 622 444505102
582 600 29737485
682 604 765210963
813 951 705756876
521 774 30705914
71 250 164482992
258 341 702110726
915 666 200090006
574 807 207554022
258 627 623736529
71 925 677279664
265 79 391256690
792 47 424697009
2 205 288545329
559 782 334583160
142 339 967053809
948 133 444162088
29 732 716243205
266 879 818599992
499 454 601103666
419 427 374268909
171 684 493077837
173 697 185835041
638 475 268911704
173 290 518412158
976 556 38162606
377 573 256436036
329 144 352953563
307 497 363284497
902 390 836426328
225 903 791807385
301 522 554278040
271 690 696452946
723 275 745894903
848 98 899660199
546 274 200352768
595 617 48490642
232 734 239970229
511 114 576478478
502 101 823209315
436 71 159464329
439 12 139613890
839 533 55281134
214 855 971014728
60 762 874093534
717 91 311799727
720 319 920695472
63 403 650849532
51 992 196033792
70 707 971830927
716 448 208032549
459 835 770596411
846 795 408402410
976 50 925992586
611 768 902155188
13 27 685299026
16 480 794393637
107 535 542470077
620 605 851392798
595 526 468570067
459 530 846111565
906 740 120073075
931 451 77733854
196 990 813758952
12 594 926413423
881 546 635813167
306 978 466098785
455 745 334631499
568 312 157190974
307 959 854074000
537 234 184204580
361 743 462388855
436 613 699460472
458 685 548791047
485 515 392968562
589 374 514200115
526 543 394567906
112 471 229074628
817 113 277692479
600 83 971045779
858 174 429311340
925 562 516410579
42 359 621930646
830 199 518247764
12 608 47882768
565 22 578492593
652 502 90243554
436 652 977421521
238 797 765106170
992 46 466169199
609 783 228272692
98 683 316616038
70 668 892706111
