1000 1000 6
200 843 302 317 895 147
855 136 849590994
380 609 872891400
672 680 369649760
979 847 815605160
614 47 42742
196 191 689206382
975 818 290363924
795 654 900879606
866 159 854231525
568 638 84372113
457 897 562026230
598 141 697414954
693 624 981853540
477 276 678298886
143 547 27442980
690 524 680430710
981 447 678973464
633 231 87298525
400 329 965235644
118 197 8157235
772 438 754429525
554 791 820109250
288 76 476948751
863 234 176207678
253 180 69273920
48 293 666827075
847 170 785484681
333 12 957224849
350 861 199035227
216 748 319019421
551 454 252161568
800 925 404299504
400 722 551565470
471 750 134469105
208 107 680306045
394 683 187955214
882 351 986475305
53 343 952762579
459 310 839019632
356 823 521983985
282 104 88726725
636 959 427983708
4 297 753698223
350 61 627675972
361 347 470553455
243 34 658036158
908 735 679423575
564 668 653546306
354 756 80954543
257 999 959356224
154 482 781634225
362 901 296352765
321 717 362911374
633 325 879237531
309 474 137441854
29 424 568682500
700 950 732077168
330 681 768738876
530 915 331743836
26 1000 43790282
158 192 679681633
633 593 756642451
216 388 946098017
669 826 982211867
455 793 117382681
861 153 399013799
504 391 866542060
827 81 663605228
736 882 599811063
398 648 743589022
857 618 720658936
589 448 178390443
430 369 587824247
715 278 429729333
477 425 12920321
202 698 857403633
432 800 531882596
15 185 65577505
584 247 616509144
541 799 874075043
455 249 48246638
38 257 735977108
118 914 508769685
292 931 675064723
183 603 817721647
996 512 321154599
204 73 949666541
883 940 437607240
132 54 720107560
539 206 720079224
133 678 359275033
96 713 122096966
788 123 694855503
410 815 390554069
72 115 499632741
686 270 454413638
977 390 120133778
563 920 74741437
432 786 195476855
230 441 559047425
876 923 720332438
52 239 709515231
277 785 686110788
779 673 551594802
683 946 781005019
48 738 415984063
929 393 697251444
928 308 398091828
872 384 201195158
755 214 434095935
768 840 493372111
950 336 92888882
503 508 320965353
761 277 816171997
382 458 98536752
794 562 927929050
837 450 670441539
94 212 549620933
940 332 506222672
89 411 377502014
651 532 556200361
470 875 80136489
64 540 348874845
820 319 358443258
709 900 490796814
919 533 350750023
142 14 830584976
915 980 295129481
410 656 532932877
159 198 319791584
736 781 260930132
559 662 366031766
765 199 777015060
302 396 372220223
609 661 270778685
359 802 692292441
984 229 641052139
545 549 582092143
587 598 243357552
567 693 980867149
356 32 398197986
620 213 650500800
110 810 582074594
600 937 65403721
773 790 284188746
232 33 594603051
804 188 815077109
651 969 516796368
247 927 436743464
775 333 671021331
747 140 878977713
285 274 766620023
678 895 583019062
817 223 21732209
37 91 323056120
762 96 355157494
757 49 196384319
740 363 960403308
864 145 335958400
615 101 496212855
17 990 308467735
822 701 143161293
737 535 313666988
296 222 385239123
513 243 637280187
271 686 459161226
504 883 984626197
131 812 624088424
848 122 519306193
413 942 296914949
108 387 710914081
295 657 353982272
187 98 50591610
28 703 788039546
745 385 843539727
83 169 648445627
210 420 850166288
202 292 213531238
48 36 841501940
420 44 483806016
426 99 936912749
354 888 440332165
99 677 177527007
580 588 544993874
712 7 549925383
781 928 207522009
213 542 895053640
296 872 571400207
513 709 106422464
805 983 679112150
726 334 602759407
573 436 675695124
298 633 399087898
504 775 235376686
794 517 385581142
610 783 508467474
350 978 929949523
893 477 399076535
42 144 400960636
703 365 947775226
210 383 561255348
503 649 990970238
410 827 37685104
551 468 287527402
615 719 890117697
685 478 427752670
432 798 78650419
504 430 128538316
135 172 560198085
391 465 879670316
28 492 295115261
745 729 73066238
415 440 803491065
568 577 783098516
923 982 243615125
772 854 979988878
957 401 478980509
780 757 980046716
691 605 369464099
561 359 208033724
224 585 408893894
697 326 410067643
929 349 787078572
988 576 890125102
410 201 242581731
665 419 12779741
634 702 340418548
837 805 918415252
721 760 780689345
715 356 772963643
83 256 753658678
528 538 119026340
21 464 619952049
974 77 370211153
697 62 158900441
493 237 311799063
901 398 624333865
756 505 974062584
42 64 184680991
981 506 872321257
466 176 912606261
486 779 16385660
71 971 174933143
347 764 227332567
918 208 586715268
647 358 379442354
866 536 246056212
198 595 293503758
296 486 135478651
413 219 617451242
893 488 187973324
750 988 263772022
396 66 392740142
9 884 135537589
565 641 876209366
416 311 804660477
130 808 460783731
776 305 246341874
620 807 407421602
331 216 627299930
271 653 666150991
475 112 357044156
490 40 103796935
565 816 952187324
649 476 204630943
671 996 323190865
324 550 673637741
359 152 662669873
531 399 382272676
299 367 633907544
720 981 226328929
447 817 359469159
446 559 364337865
374 467 140276473
649 958 433065644
530 43 367863098
400 108 558927248
119 375 346795620
3 362 346862345
271 997 273025504
947 723 2671534
120 660 215995081
494 132 813234901
253 204 317494244
135 503 216418390
535 381 708723157
394 65 560622760
881 318 317523953
34 58 991119700
230 650 169248131
156 218 359415252
61 658 626492483
483 496 133625261
344 435 429520243
322 921 594437603
969 691 970686461
846 24 596829602
742 5 215639854
942 866 908425654
577 298 101935704
292 304 611734764
565 849 691805098
117 974 903536756
477 887 213142773
370 828 158526939
214 580 66521439
981 721 713759055
384 803 455226905
413 530 36286335
640 142 461526887
210 78 393162444
723 600 217663761
303 560 5749563
64 635 430844326
503 225 105274549
118 579 235856054
932 856 152153145
593 342 591837607
523 258 901076019
802 431 191357177
633 973 94571843
20 551 463751052
820 623 279356017
412 306 171712364
811 989 193733256
888 362 504528038
332 934 654690167
715 400 290546829
45 881 61566906
346 455 354664209
533 546 398143897
837 466 145512932
541 410 523173091
555 74 173182264
575 845 676037968
900 607 635803531
42 671 990500926
319 268 764253504
723 972 585201546
835 977 719274570
261 868 367713700
751 676 518773546
831 245 104429296
663 328 364453761
646 753 521314818
309 105 152817936
840 124 333708416
474 539 685915308
565 37 53753027
94 39 993286358
96 739 941803046
703 894 965889944
573 846 369153061
222 853 604071661
122 416 120643637
520 167 96468653
797 8 259507066
230 590 675103902
122 339 275610627
820 801 123571127
410 734 8957221
190 89 574841462
746 269 159957388
731 518 761979397
195 525 711832510
669 819 251790032
110 300 852731057
704 364 968541183
475 684 873570222
657 301 244762816
296 747 165551695
103 138 377607590
359 688 31384224
718 616 112160573
322 725 652586937
530 475 363838762
570 916 772180320
537 449 506855682
837 183 803788569
315 55 423362917
530 922 819045767
9 85 447203054
570 215 374069009
117 330 549051523
490 963 660220366
934 302 430551502
756 63 751296828
859 889 531182488
796 886 967562016
221 402 673727321
81 187 817621912
199 890 979507141
288 88 830274147
330 620 934524247
424 644 374110207
779 597 693058460
969 280 732939044
148 195 816424324
516 473 817924858
42 730 639142615
791 194 655881762
958 614 967231492
780 531 421012638
940 27 771065475
827 461 278857499
957 130 795754239
703 902 887172306
953 694 431826328
400 210 987514401
888 714 559414964
703 820 102144371
257 612 966107535
126 327 145601793
305 519 159780848
102 338 582578890
54 862 978004749
393 497 543234131
694 566 486621571
746 891 776152629
296 774 961394046
146 295 460116760
737 324 760443943
277 165 668432642
436 634 956211359
312 23 607010456
513 309 601141126
37 672 116412431
53 42 195984342
747 998 181113550
24 954 748557233
258 341 78116979
825 232 487681287
440 769 408828832
354 871 475250096
213 471 424647928
504 567 632136328
532 114 904076
233 255 781505130
969 147 849261020
667 491 31154985
664 174 24255951
865 870 352457044
485 863 156600707
262 378 297918244
879 975 870415453
852 743 393752698
31 795 96558085
691 952 819516200
902 226 907809659
157 772 923048482
226 26 466792290
496 129 763793612
463 11 423804438
38 69 489201274
524 261 930459130
324 253 783610288
323 282 343296922
565 323 645101629
957 893 606756386
256 965 891340566
981 829 536729585
669 134 287297372
737 357 642768105
631 128 774610775
88 158 531894958
420 831 700746609
440 288 408011033
97 892 981694943
940 575 58490509
921 906 207860985
754 583 185406089
503 941 987850956
380 537 211774842
414 880 757070388
347 376 45247712
126 514 167214384
867 353 988722676
508 986 617677459
652 768 622363498
80 679 163763203
490 248 129549355
350 645 543371874
709 689 243287680
558 373 426461222
640 700 195121023
59 196 386275847
476 87 364060814
111 463 986449859
221 51 153972890
940 94 134498150
915 80 407740531
221 631 240388726
592 809 408166524
141 578 965083435
570 432 299708139
489 374 138366999
768 403 888948942
414 48 451649436
672 534 820124701
101 84 194478710
118 956 887922849
942 630 56027849
511 313 184453570
915 695 544804261
350 874 599846264
934 493 656598110
143 613 277020735
3 299 288034042
425 250 170671917
773 272 729093367
706 502 359858686
902 459 102767271
87 177 327751470
637 70 810006873
112 227 50012458
135 470 110311407
861 763 422739248
827 392 540754243
744 712 119353337
530 715 676484046
893 794 130377157
647 314 927648421
184 669 158757433
880 499 630920013
703 835 757786808
558 523 507372848
640 568 975653093
430 139 919361339
577 687 824250195
861 780 767408639
517 303 168260255
315 4 654224216
242 117 332546947
484 930 783827005
573 516 816272633
46 16 850542607
475 528 585036626
867 987 625140651
559 621 291985809
979 573 88505490
972 260 500628121
983 155 635099382
294 233 668207653
265 642 964565662
550 961 746564780
932 19 838142394
935 41 872703240
120 20 735989959
343 697 120621421
517 929 270516510
181 659 76410793
901 335 408923393
504 28 705868636
15 171 176889068
620 489 299453816
20 13 843107528
927 264 264652853
455 75 530273306
216 173 252050535
566 813 135528949
949 873 161555350
382 626 60394962
802 804 876331157
816 415 876281094
117 360 711589079
283 444 930134591
539 770 7319864
27 806 593334124
87 594 148552846
274 160 785571870
247 246 876322913
130 692 380302783
874 777 675460370
188 606 639112228
503 584 150559864
724 869 210645145
19 991 898545125
303 236 359687233
504 161 31659093
858 479 638316207
904 758 766637281
927 35 336211909
386 744 251003732
942 565 113566747
141 545 525310783
278 833 900944394
913 406 679639110
678 821 213253558
117 979 860398064
2 976 772586975
766 501 934727633
61 627 137785384
636 527 393521491
40 220 566635534
120 331 568347068
38 179 568612276
410 746 821227669
579 984 313370369
446 784 57747727
60 52 778117340
410 211 241419929
477 137 978439718
565 876 343427061
793 287 244540394
242 389 446893672
568 913 297423506
243 842 972431546
927 209 114825339
981 395 118015152
392 29 55821004
554 911 18401708
802 509 625374630
954 710 373336432
852 556 156159628
722 629 921529884
769 643 866930485
932 773 218192560
969 962 467891375
265 724 702446469
3 408 455518016
832 636 470650099
633 495 600882787
228 428 752093846
387 397 331948743
553 254 848980309
997 111 203577937
591 350 378073132
528 765 624016036
346 72 662534777
269 960 811070288
21 265 224238919
509 148 602790765
446 957 255668537
440 203 845217899
610 667 33553785
198 498 141545186
940 157 128409805
888 352 522404403
641 728 810600098
502 563 437787152
733 966 426967371
504 541 732239589
737 71 761092865
647 903 9484693
20 164 167495595
488 151 55101667
29 814 818712404
853 95 169901798
245 434 461438476
86 759 932990764
664 412 507478449
736 718 790979521
64 582 765755256
932 354 733442669
532 286 746807198
709 386 872679290
903 716 894678680
15 608 316900630
79 404 987929721
159 382 402482965
118 60 370598585
330 307 473171758
708 168 395116377
296 736 650089926
997 163 405092787
418 86 635324789
322 241 886747321
997 284 963870123
118 771 287050397
309 910 217830320
651 405 427592603
608 423 81420682
567 574 683271708
494 918 872891050
60 79 722326392
54 617 894392009
469 184 541356650
331 848 799666502
120 504 197712347
837 558 87264286
354 22 315040973
831 437 112601721
647 83 273329666
216 932 920643581
463 690 214439293
848 481 667072853
456 943 400472626
699 543 452764868
432 964 356294522
21 646 408028413
265 865 737348521
823 907 143645232
953 484 736686317
882 611 445134079
567 663 149862308
900 25 965437617
472 548 216499895
584 521 336125157
132 414 873102376
886 316 45741966
36 754 919272365
350 202 389913658
876 462 373231977
560 553 447627635
446 792 421680334
900 221 793854813
530 554 356116356
561 742 918088534
632 949 614286456
202 127 310993314
843 200 250196081
995 859 411623576
267 344 798058156
646 851 322357452
324 711 438670639
528 452 299031551
866 705 447644349
550 379 871815388
982 186 713751783
902 589 884792443
804 992 420777395
330 704 144191613
53 591 150082072
504 837 460212385
185 839 804284575
801 787 327426243
948 460 82668876
894 955 542755840
649 513 122937749
935 696 678430150
298 9 571032399
394 125 594456892
141 500 591113681
28 522 273757861
380 993 97662460
987 596 265615367
882 240 15721504
808 675 313910779
535 857 312558236
83 487 536454887
42 97 759238099
598 796 334328923
452 864 489077255
506 340 551261655
692 951 910921937
807 908 679235362
957 366 168254513
652 6 66983679
6 18 331616078
993 150 244686547
173 557 723085889
227 156 3325483
832 797 352765468
108 38 964584916
440 143 400774886
129 472 413647474
805 834 683497335
85 2 139169119
775 571 725008186
579 217 409549809
649 830 536642657
285 905 353323080
141 480 401271110
117 485 170904755
823 82 763830102
37 422 123007754
690 664 596477117
720 106 192357082
698 622 481761508
123 372 830913641
754 445 282470537
317 843 71024232
861 755 949406881
689 762 206995343
21 15 786990269
965 844 663608227
293 776 135507799
883 45 927700111
957 766 61437274
983 752 892491179
129 67 615986102
750 235 516630559
802 838 47412922
915 904 312956347
418 666 307628618
621 110 800700019
879 751 164344156
130 586 214285616
897 526 233603341
587 446 447449924
584 665 206400873
288 741 297597930
342 345 86515174
26 126 303920735
587 520 82943569
715 103 181181580
647 625 380435040
918 244 11649998
342 46 815752693
446 242 132729173
25 238 544198980
949 433 436418977
457 926 511005960
319 682 668614527
44 281 423629720
600 924 931330590
938 93 112641190
775 587 657835328
619 266 95955508
755 426 599382379
528 933 602798167
530 279 18058257
65 337 28680408
553 113 139367120
415 899 762548369
715 640 557319675
26 285 666625019
961 639 900396903
287 740 546054158
331 118 284155928
180 92 427176182
133 407 66827361
25 56 634666574
751 985 397439682
225 190 891828826
840 822 321053058
308 181 11620963
250 733 884296746
896 17 564578036
580 228 924641090
492 652 460456563
953 570 379280177
715 289 289444612
274 377 443585903
775 370 162672001
852 146 391322929
529 782 286812211
553 628 729797063
951 90 327275248
780 945 112477420
791 732 160080079
969 59 723606833
837 885 15759712
190 361 510686353
322 994 735089730
157 896 717175031
509 271 752144288
953 283 776756402
88 511 282435243
216 230 410051320
719 706 741748115
183 275 667219915
548 100 867564071
292 453 162387101
301 510 345408448
492 346 1713696
324 315 846688522
271 321 902601957
932 879 351129612
517 193 705819995
931 968 24789272
131 935 99677988
110 312 10829768
816 483 285286672
669 544 515025377
530 561 121215278
951 898 891591598
747 850 432850704
153 267 290629615
668 348 332228298
203 727 518909260
827 189 538193065
19 602 816573131
226 131 577390160
655 604 68907309
326 515 208204476
738 944 591285259
197 50 144968395
329 637 862579983
86 439 205479745
120 1 138790618
941 699 529261997
276 507 263237269
549 938 755084586
497 936 357829027
587 836 216045824
834 912 83179937
303 745 382095773
503 867 893056899
446 394 728543700
895 317 146787652
127 154 726928478
37 119 237652515
219 731 26440451
830 166 410052659
117 995 621132960
861 68 787760883
780 121 977295628
554 647 443005971
492 57 699909618
541 494 586631293
316 632 659206229
804 320 767665363
979 852 912822523
563 670 27692683
308 224 675936317
440 296 480130905
148 555 648376794
816 615 657610300
558 355 395653738
329 443 506770618
389 291 825311792
330 290 468666586
120 413 341213935
744 581 375649712
700 469 75337459
276 162 682660414
850 878 291889391
832 427 867426483
816 953 969410499
480 707 813075966
306 116 120499988
672 749 850905826
477 720 809437321
565 855 308712875
953 490 162494756
117 322 245298085
957 788 464385980
301 970 820237195
865 10 897033376
216 947 369257867
674 685 344785389
202 858 156711963
37 767 368790051
37 380 480195220
977 368 612921125
788 262 112614335
866 102 322482555
675 175 779669103
118 21 255391355
478 417 530725597
687 371 220508755
394 832 847441268
497 451 974056746
942 31 424874526
785 778 273337483
245 552 142430083
781 674 158451972
816 53 136460652
159 789 228438196
983 456 944597680
785 409 7911323
395 592 536569198
665 133 43045394
715 877 270640664
979 421 915941868
393 948 638979416
138 205 724414208
203 149 909828444
879 429 952737381
759 442 121088960
982 917 640070831
354 825 196379360
942 529 975567632
580 569 990527525
893 259 517839026
947 182 804024726
184 860 463472525
216 135 362399311
474 564 363621540
884 841 843652614
302 109 709009380
864 178 848626984
464 251 735206057
982 651 904819164
436 708 505778198
958 601 36342341
197 909 382282122
649 761 187728999
529 967 497742857
103 655 193160763
45 294 802168017
289 599 279341187
457 939 135783369
775 737 30448066
709 207 505286893
40 572 654643341
463 610 187382818
37 418 167084991
1000 30 782824411
967 726 602431459
430 263 448970716
1000 811 110560890
347 619 742549968
884 273 383356655
526 919 214814077
322 3 425529366
457 824 610406420
793 252 270685219
430 457 291149753
