800 1000 6
216 660 188 377 412 572
670 314 999400890
683 66 975943501
264 363 324768341
327 365 76348651
11 777 89175975
468 341 506712303
194 673 763021382
410 490 667109085
656 141 635704152
775 479 875920318
560 20 718703885
236 430 191810341
742 475 878828821
706 249 254876579
138 309 451396480
156 614 179301823
257 337 417382083
206 429 728470829
475 264 845799887
645 595 657219088
451 665 943246359
435 182 954007659
4 268 698054574
423 67 303105067
185 586 560708174
570 362 573199680
252 446 78535267
175 372 20185503
418 607 733441366
61 358 132902967
240 143 450905818
377 412 403332958
188 447 996268290
227 365 115440886
720 530 523478248
312 90 219059225
657 454 16544090
282 116 628124011
424 699 490528489
27 492 586705506
747 767 80754825
739 681 315788900
368 468 906627146
393 537 391109256
510 213 94662797
68 615 367107027
132 116 260854394
184 706 395553745
64 165 801074155
701 525 703697330
372 692 368851368
428 182 360532334
197 14 864009429
125 551 632947265
705 503 96847854
734 732 3780538
146 684 198573009
346 768 19179681
746 400 306470780
703 791 121718625
352 593 942084926
45 653 979821423
103 261 345229071
245 308 540415676
256 154 137827751
548 267 927338866
397 535 105992857
556 254 212936955
436 738 916791760
181 323 436870030
696 485 359671295
456 383 857186237
610 483 904821337
447 377 612547566
287 49 906508461
265 597 936241415
569 613 615166853
131 709 409650426
697 525 78332760
694 457 395088027
744 545 453674038
216 412 252715403
600 799 81560022
698 575 58807858
239 701 263371055
542 172 7594772
483 33 164764222
654 179 960118633
490 736 209475734
623 675 306139285
316 273 129836895
193 798 999107298
363 241 658820016
443 540 997217511
119 371 675842385
375 27 691742130
79 507 561142626
227 491 533925178
626 363 502065643
629 512 646757155
431 189 406193739
199 787 818603573
281 428 40093085
644 481 379706196
401 243 101723581
54 471 621015762
662 163 573151587
694 257 452748074
614 124 391403731
768 420 589227466
405 575 723704949
637 39 335680133
175 237 534047950
459 102 913664033
550 83 504140343
12 29 717157702
28 537 191364442
67 208 498989811
476 628 386510426
367 617 596326294
609 470 5903405
517 582 480110071
195 11 467725623
195 777 971843464
618 221 956149718
268 351 739613096
399 226 886220753
136 248 278525685
624 419 11201672
279 240 313379442
595 37 383835621
608 496 183061157
686 297 10587077
186 536 343209553
745 579 100221615
52 219 795599036
643 63 990080214
206 271 488453426
499 188 681446714
601 619 696818140
370 476 262066562
169 623 183453111
210 345 731449210
324 444 479361946
734 69 932139091
495 329 329003895
81 643 284367296
223 754 874824882
197 696 189805696
579 354 405317987
460 313 533823568
83 225 867202222
774 347 145246329
647 351 895954506
114 601 695048147
574 212 807225384
595 511 409011662
537 258 690470057
426 382 287667339
137 362 74596525
747 573 904783811
639 336 807396560
340 302 306780784
660 572 8860918
200 346 224556978
69 417 357659141
709 228 551211642
36 333 645343543
351 421 741485616
477 667 566185061
222 361 701309322
360 465 104203968
605 449 322168513
107 788 518587227
633 521 454093158
664 357 803742368
757 302 54831986
733 759 291689689
147 703 10338025
474 632 286562124
24 99 378924646
102 663 150672765
714 636 387247697
484 448 460623838
458 160 120581259
782 504 112660278
416 364 710790970
228 518 174956635
122 588 699259689
63 658 615160723
4 647 616994098
737 528 687180667
131 33 110545897
692 386 923482405
451 590 773734785
774 259 813453411
586 459 333256971
713 156 204740822
639 321 657121047
142 225 252117940
270 28 759824073
711 220 81812757
137 546 536428573
226 682 808630025
401 191 709378224
10 433 92032516
718 272 923739475
636 394 459930807
52 381 732426391
539 74 255988694
363 234 796650178
358 642 484773110
272 231 519511521
241 232 335239297
546 58 585882959
475 626 943679910
670 195 343157932
26 607 866564901
8 698 73459706
772 675 683189740
505 23 943559365
777 745 860938347
149 63 627592463
192 393 84166679
768 98 523766186
661 26 45454443
599 583 584816908
182 434 499785266
678 85 317177699
427 707 967718876
144 295 279351198
688 405 605461491
189 515 890917442
348 56 338063144
48 112 719625048
102 600 583853823
356 439 53845056
96 179 980327160
417 415 235590647
320 475 310577671
115 267 526743624
219 10 503228985
55 725 913538082
361 749 796732743
561 232 437197356
273 284 91458717
689 373 948726722
369 716 179545939
497 581 253837598
704 290 164432835
710 683 326896848
589 591 285536873
15 431 63157447
647 268 230429103
433 543 845777728
386 755 65541540
506 165 808770693
22 771 122150566
69 162 551065474
460 341 617694922
239 697 136324990
85 355 356417774
598 36 610869826
564 661 441313097
693 514 226179308
93 52 767500931
382 763 812172589
587 650 440072899
204 687 23302431
87 95 478147448
630 621 804174483
178 224 221618803
653 139 776405671
650 103 147544245
436 489 398133030
752 534 55696668
788 559 122120625
515 303 79321393
211 115 455909810
23 656 578913248
525 57 730994977
455 786 625221107
554 202 644815841
786 746 786096517
663 600 126617206
160 82 5120940
723 159 63540632
667 643 810106430
44 352 649896014
86 629 364551303
596 440 50341151
124 316 289744506
564 309 979009695
506 64 16788687
666 186 116045233
449 550 195302967
171 197 370290105
139 764 962856945
522 657 549206203
209 12 496224775
735 541 85247084
441 562 460901229
756 114 987117856
634 274 506377018
136 211 11644886
318 624 344610374
242 432 731683370
583 209 718024268
376 737 281821571
741 294 517104017
54 123 369355782
690 722 478578043
379 75 130007602
362 546 500990913
261 88 527640332
339 89 20177399
602 501 36599119
681 674 166322718
627 145 348898984
478 642 215353845
262 385 604253669
127 517 60493019
364 545 60541421
325 488 240381002
467 549 678886319
607 452 949446437
94 380 3654341
359 411 264211478
610 338 98817309
692 91 433068517
340 757 364160325
299 396 835792881
567 380 802544280
675 552 200412491
800 105 267949417
160 794 868487468
51 571 587690715
585 3 410176187
235 215 936974263
696 713 246657074
763 455 976628241
785 747 24389211
775 199 462917001
504 222 636189419
177 477 842868048
765 686 958408281
289 523 808330787
402 463 38321487
470 384 734286488
520 710 393161090
668 588 609674616
58 640 79379670
749 784 473011614
738 194 993545941
229 467 469986392
510 785 732477023
98 387 390171382
776 369 126167173
20 242 34898086
437 113 584699294
455 462 734835231
168 99 932700218
697 701 506916484
481 93 782597128
400 598 599037682
524 59 786720446
212 398 544203588
543 256 957066711
498 168 461925154
722 793 254570662
682 167 324527251
127 677 91891768
112 174 880160581
762 637 777602874
58 729 528339940
101 676 802125014
191 783 637236340
663 799 349136314
221 413 752937584
701 720 860804953
678 797 920439745
767 401 168210383
517 484 291052436
267 717 577993671
378 68 747467821
117 776 899058274
434 472 120797980
243 191 790209674
393 251 729032561
166 434 682781115
242 158 379956873
567 327 720131634
81 149 656112016
395 119 29735256
163 769 393632544
364 744 730096295
778 471 255961068
421 324 112486976
266 263 723827296
550 142 977707956
314 195 208513750
420 118 132845220
170 410 363638582
319 320 439134097
766 689 59515150
598 140 715231683
689 40 471608290
346 420 533964641
746 735 908413428
487 693 269131751
469 645 733924779
387 108 814667049
634 22 505578435
8 688 754005299
68 505 117662285
683 711 215878804
305 654 356672463
17 424 809150375
789 86 737678656
176 592 927529386
215 564 923699137
80 544 840114382
568 748 897546265
328 524 334701775
108 399 103251884
270 192 726594380
123 190 591330227
398 80 738217150
580 338 645533181
555 635 299933534
313 555 397034573
588 760 790099616
714 474 274439677
446 295 605911922
599 652 702543117
702 160 891935296
16 430 854906038
49 344 9571658
247 601 957383346
628 24 183077553
180 736 288799035
101 639 333311795
155 669 550155742
187 38 273873776
622 27 251628775
439 1 249596993
258 451 839233694
778 54 462778831
619 151 51153221
596 133 450589644
349 239 857344641
737 31 190721375
42 157 801811924
57 530 973615994
669 260 115552550
721 65 839085276
545 453 883654627
25 210 518535535
314 11 8440291
60 244 950190125
458 794 412615828
661 418 25453301
282 132 505490159
374 567 628475965
96 50 404100309
780 346 342544087
518 155 880721158
199 178 866566514
653 113 55834382
624 756 104041636
444 707 366542319
366 9 415451808
120 453 670418656
575 423 634928147
200 768 46298789
371 230 565778008
508 750 467995848
725 266 716716657
428 435 974649941
76 389 257692841
566 451 500620310
438 635 592967336
223 557 684119733
674 578 632526333
389 122 99450315
269 459 199351561
294 311 815653097
509 253 760924833
286 304 803925524
780 200 581878315
179 50 361032194
720 57 801612129
449 648 649779102
755 289 960774238
90 630 304468229
2 183 76803168
23 111 176295627
180 370 688258585
203 209 678874006
507 792 210281472
29 737 822617798
253 32 20178833
257 217 328304254
307 428 506315164
432 759 455516221
480 570 998707598
457 257 590751095
590 223 17606124
481 288 428998037
398 558 764863093
43 143 405096278
208 322 671554841
162 415 572708178
237 692 83228841
303 390 481137741
70 521 887889661
464 700 84965960
72 705 156263087
441 613 242500792
238 51 582472251
535 105 607200352
710 34 863479307
638 16 355786118
652 203 826649255
650 730 798545404
22 531 841590707
118 296 954856562
721 612 46822465
591 638 398800496
147 472 49639999
388 649 700628496
523 383 306248826
299 563 271702759
628 498 738051035
148 35 716094537
530 731 176459710
224 353 252041379
359 502 821982031
462 746 314405299
316 724 509500401
695 198 719500216
664 694 703896459
345 379 221226416
589 332 78537538
37 758 893587050
290 529 329264037
256 6 830558843
295 153 806769204
317 280 659409795
724 233 65705740
627 4 880946286
630 300 255692095
267 631 631116076
116 580 8094499
497 214 371576273
292 741 577520257
383 734 417767729
204 618 510973643
205 774 4804660
61 594 64063271
761 175 94323656
73 556 798387365
584 644 862561926
190 490 528097807
381 10 866759635
378 407 873692666
408 509 645975180
583 203 298729947
549 164 728319518
320 742 40870316
337 568 393184783
396 378 680399852
297 633 214319964
795 473 769363653
677 582 124605630
719 614 966803825
365 7 413227815
699 276 539432520
173 532 752518233
402 664 640766532
580 610 280087904
85 797 792929970
764 775 460363169
333 282 339880241
88 128 379498709
417 76 346246748
760 690 884196011
709 403 674360985
302 101 732202697
492 556 443897389
536 659 994604042
649 326 294377203
715 345 512967053
467 753 786403287
784 48 437019916
296 108 234235673
368 708 872649069
43 627 383148436
394 368 52855108
35 481 859802665
159 510 695606997
348 469 574637941
263 275 543307454
231 312 706421909
528 87 781607682
430 366 266693145
250 674 3868256
411 565 765181032
771 148 285502064
513 450 490950553
64 42 855608826
717 214 545486619
335 270 222076443
303 542 642824627
794 395 944158416
208 325 308680635
416 744 595185271
655 305 556618615
285 569 902304941
429 762 27558117
410 180 749261450
173 445 200312027
360 71 572168775
542 480 698706720
620 292 872177622
445 670 798629829
538 342 994877909
99 677 350963978
211 548 984870570
430 301 884988112
785 213 897148948
682 425 230147743
292 597 106228570
142 554 683615574
352 281 894522762
386 161 993081546
447 216 826690890
276 317 989086126
504 361 581352831
617 151 737668723
232 104 211240837
111 141 470851583
654 96 566068798
66 152 510981251
799 84 455772884
673 285 556727618
48 691 623017756
531 148 938221647
633 70 208670743
71 520 660140055
374 94 467966978
535 800 771645109
511 207 530428914
214 581 644494814
97 109 454871806
143 145 251614483
446 144 655138355
573 243 533007393
384 359 291147002
704 752 357615994
684 757 100389912
581 599 794381155
203 12 977514430
788 291 498342101
743 706 422296855
642 62 179250453
640 560 646940891
361 726 946704603
90 343 308509558
14 696 687556523
783 778 263559972
140 331 483866947
771 531 567523288
89 576 373260261
50 704 347838162
326 606 934559871
602 408 899270110
240 43 576053251
732 162 982598647
770 53 799711843
100 376 275465822
572 377 914628218
422 646 749532650
78 539 452990496
459 685 8095833
546 334 393676200
651 622 850221908
425 513 219098897
519 218 369637689
544 298 801988880
397 800 820319433
99 127 780834560
425 167 799288748
553 498 685093202
224 406 112694701
461 206 958572786
269 685 667316601
573 401 823219100
443 129 151572257
638 236 990020964
527 279 39902418
93 219 319662474
390 542 556198271
616 602 834329833
751 106 564288737
126 772 641750166
672 760 348420362
789 494 575119504
454 286 231741552
399 283 501156583
578 470 816232648
323 662 401054829
503 136 522054403
328 59 554833602
253 589 829395487
110 620 504121841
383 732 881917741
690 695 807502624
207 44 893650002
612 252 736557961
6 461 283445152
518 669 865387357
431 515 49261918
707 592 113383855
172 137 480700036
92 577 371099000
12 100 536165183
800 185 921797041
13 206 87265262
246 245 741700130
226 425 106840979
432 733 64741763
500 79 2727427
125 260 99056926
540 500 238280584
742 626 722676457
743 184 908318579
172 570 573079965
473 64 570717080
660 188 208680899
3 404 728431264
271 315 516851127
154 6 930858809
47 641 159555737
691 174 258403402
646 795 956503774
167 773 684904595
705 136 239694964
571 611 731319247
154 13 6183139
60 21 878308142
731 15 289339720
181 255 530761048
534 130 125445137
558 671 942309284
549 486 248447063
500 135 627646276
17 262 143014184
76 668 789386344
301 238 8173726
355 348 311394722
392 464 832250229
14 485 535653737
338 131 203069538
148 584 426255122
776 616 778026768
514 779 977777327
210 715 255800216
322 488 376048869
156 719 368212215
273 233 199336763
284 702 439805701
502 402 872310259
531 584 863038664
569 441 685253627
793 126 985728214
233 702 239628943
135 79 583609917
754 625 688837875
791 499 517645323
691 596 17827661
86 150 218945548
251 566 438462601
95 25 432481373
218 798 945780480
25 728 335850218
277 718 923402570
260 789 742519674
505 615 973557721
97 72 994384430
333 603 790362064
205 77 90116173
190 410 461737107
45 437 569472930
342 212 183382983
575 67 455718519
728 210 911220614
338 483 52658258
373 740 931505117
77 259 422389754
419 247 264584222
358 478 916985643
89 487 741357407
27 73 759446501
698 405 369049962
700 689 861662445
601 367 103190126
163 299 217273989
645 482 273975042
220 2 184951236
528 31 343134260
289 456 940015191
526 156 717115215
335 192 18808405
744 120 661864769
49 666 758114443
165 723 778279112
716 602 505132072
311 246 585690255
717 497 201935377
507 60 241751301
787 330 997952617
84 782 468868505
604 138 99148388
104 204 6898807
241 561 829952720
259 173 161582688
486 721 166783712
109 503 793276980
298 443 127401628
354 533 968529
501 134 629085813
16 236 379694942
652 583 347876536
488 426 703098321
534 277 728823592
727 553 633541053
750 585 372487232
5 522 367397517
183 538 596499457
488 382 753048090
648 550 302829429
304 287 404284515
438 519 389293651
556 409 46802021
618 187 562469691
421 427 597856247
182 166 871455055
582 761 796296806
791 660 918667018
176 318 269734004
512 53 184202089
308 712 719376203
659 678 719223208
562 319 543344310
1 181 974335044
536 678 170071731
201 8 250145497
390 480 914913875
530 751 979690766
244 780 963809734
312 343 219531690
84 504 120562017
263 416 901680406
713 526 788993275
262 424 283395268
568 466 352901118
26 418 351773956
264 234 585523010
708 460 137146880
67 121 340815694
733 374 692015619
588 672 772678888
24 168 552198531
379 61 37082956
604 215 427657218
593 281 445476952
146 340 490042306
107 414 570169624
740 508 703372414
586 269 10541846
764 790 658180114
512 770 509869543
470 359 813839306
244 21 995301415
193 796 626560340
434 147 11540295
555 438 445274897
367 619 267836487
350 117 118038135
82 18 420345886
608 229 986982
521 739 848828236
409 107 871240870
706 55 760116171
120 651 407307929
353 78 578535002
579 46 630706650
380 227 871890904
138 564 303057464
544 671 954839790
294 388 961641204
723 157 644125898
413 293 959540662
342 574 356544739
291 397 373951501
571 714 549441561
642 360 591475212
293 328 965191323
439 306 616240811
387 296 232121514
593 307 948315096
758 352 829496007
300 45 220687525
404 527 140030848
7 92 688667804
321 634 980430478
548 631 698603776
280 47 81823177
496 467 388969129
453 375 886439370
153 587 667120004
617 495 176360709
92 686 746874915
56 469 992290947
777 579 736123186
141 605 289902654
466 339 209592456
674 609 580908832
412 97 963839407
450 442 62804081
280 655 105057082
75 594 334559478
153 19 562821354
310 235 193804151
59 5 407969644
196 95 815385988
798 310 52333820
736 727 728394540
712 205 721041448
603 132 59616633
554 493 894820852
188 572 496943275
323 680 123522290
371 110 371460894
462 735 647493389
87 196 308155703
272 679 857468402
254 41 84271048
495 335 443749184
519 193 443981901
607 177 138324126
533 349 728006346
235 604 783930318
700 766 196811875
422 516 10706445
679 90 332339536
521 30 777151888
473 506 360233875
249 725 818392022
232 278 937306742
124 724 485529676
667 81 237326347
74 436 735647579
38 547 946102966
685 102 394523576
202 743 314307107
793 169 907850595
493 743 493535548
110 265 765690787
675 171 845804758
347 445 462954294
115 548 730839952
707 176 419098081
491 765 107613409
185 269 651878299
279 43 678091904
319 391 875052435
155 125 420627984
341 781 778757939
753 164 92096798
88 146 505559433
130 277 393190711
82 395 97874666
471 170 840076843
30 250 607833409
274 771 916075672
63 608 498171001
287 666 678004674
702 458 564148304
94 567 610287078
465 71 681786456
514 392 977612027
251 258 991238271
637 356 247191344
450 201 840324553
53 422 570356427
133 17 881081920
424 385 995881030
524 5 735451443
