1 100
50 100
v 1 37
v 1 20
v 1 14
v 1 54
v 1 18
v 1 41
v 1 19
v 1 31
v 1 38
v 1 30
v 1 10
v 1 25
v 1 57
v 1 27
v 1 28
v 1 35
v 1 45
v 1 48
v 1 16
v 1 55
v 1 52
v 1 40
v 1 43
v 1 22
v 1 39
v 1 21
v 1 51
v 1 49
v 1 34
v 1 47
v 1 50
v 1 23
v 1 24
v 1 33
v 1 15
v 1 11
v 1 56
v 1 36
v 1 53
v 1 9
v 1 44
v 1 29
v 1 32
v 1 42
v 1 26
v 1 12
v 1 17
v 1 46
v 1 13
1 44 1 49
1 5 1 22
1 26 1 33
1 11 1 42
1 21 1 45
1 9 1 31
1 13 1 28
1 22 1 54
1 28 1 29
1 30 1 45
1 43 1 46
1 5 1 61
1 30 1 53
1 6 1 22
1 14 1 33
1 20 1 45
1 11 1 21
1 32 1 38
1 56 1 61
1 14 1 61
1 5 1 61
1 24 1 57
1 18 1 53
1 6 1 19
1 23 1 62
1 33 1 34
1 44 1 53
1 31 1 37
1 53 1 55
1 21 1 33
1 6 1 29
1 10 1 23
1 18 1 25
1 34 1 46
1 33 1 38
1 8 1 15
1 33 1 61
1 34 1 62
1 17 1 40
1 8 1 37
1 40 1 56
1 10 1 24
1 36 1 54
1 22 1 49
1 26 1 52
1 20 1 46
1 45 1 59
1 23 1 45
1 14 1 53
1 54 1 58
1 32 1 42
1 27 1 32
1 10 1 17
1 11 1 22
1 16 1 20
1 5 1 38
1 10 1 35
1 36 1 55
1 35 1 51
1 15 1 37
1 34 1 47
1 17 1 60
1 36 1 52
1 10 1 59
1 14 1 22
1 23 1 44
1 26 1 47
1 16 1 55
1 16 1 41
1 37 1 45
1 8 1 50
1 10 1 47
1 5 1 14
1 37 1 41
1 53 1 61
1 34 1 36
1 39 1 59
1 10 1 40
1 5 1 60
1 8 1 53
1 7 1 13
1 8 1 31
1 10 1 23
1 13 1 34
1 40 1 57
1 32 1 61
1 42 1 59
1 11 1 38
1 12 1 47
1 15 1 16
1 27 1 54
1 30 1 39
1 45 1 49
1 16 1 25
1 7 1 30
1 26 1 52
1 45 1 47
1 27 1 47
1 21 1 34
1 8 1 23
