2 100
100 100
v 1 58
v 1 71
v 2 98
h 1 90
v 2 59
v 1 93
h 1 80
v 2 95
v 2 52
v 2 62
h 1 79
v 1 88
v 1 51
v 1 70
v 2 77
h 1 53
v 1 82
v 2 63
v 2 68
v 1 92
v 2 85
v 1 62
h 1 76
v 2 81
h 1 82
v 1 95
v 1 59
v 2 60
v 2 74
v 1 74
v 1 67
v 2 67
v 1 66
v 1 69
v 2 79
v 2 66
v 2 51
h 1 57
v 2 91
v 2 89
v 1 85
v 1 54
v 2 69
v 2 70
v 2 88
v 2 73
v 1 90
v 2 90
v 1 73
v 1 52
v 2 55
v 2 99
v 1 81
v 2 93
h 1 87
v 2 56
v 1 53
h 1 64
v 1 94
v 1 91
v 1 98
v 2 96
v 2 58
v 1 75
v 1 97
v 2 72
v 2 61
h 1 86
v 2 94
h 1 100
h 1 83
v 1 56
h 1 75
v 1 68
v 1 64
h 1 60
v 1 72
v 2 78
v 1 55
v 2 84
v 2 80
v 2 92
v 1 76
v 2 87
v 1 57
h 1 65
v 2 71
v 2 65
h 1 54
v 1 87
v 1 83
v 2 97
v 1 78
h 1 77
v 1 63
h 1 97
v 1 84
v 1 61
v 2 86
1 60 1 99
1 56 1 75
1 75 1 75
1 47 1 83
1 47 2 56
1 61 2 93
1 76 1 100
2 56 2 95
1 57 2 61
1 87 2 99
2 70 2 100
2 72 2 75
1 49 1 72
2 58 2 80
1 77 2 98
1 53 1 59
1 57 2 69
2 53 2 68
1 53 2 97
1 47 2 68
1 58 2 73
1 55 2 91
2 67 2 99
1 60 2 93
2 62 2 84
2 75 2 76
1 78 2 81
1 53 2 59
1 74 2 79
1 92 2 99
2 73 2 80
1 78 2 86
1 60 2 72
1 47 2 88
1 84 2 85
1 85 1 94
1 55 2 98
2 63 2 71
1 88 1 92
2 68 2 83
1 53 2 72
1 66 2 85
2 65 2 67
1 85 2 97
2 88 2 97
1 47 2 95
2 55 2 91
2 56 2 69
2 75 2 95
2 48 2 80
1 47 2 89
1 47 2 62
2 57 2 77
1 73 2 90
2 65 2 94
1 73 2 90
1 78 1 83
1 73 1 83
1 70 1 94
1 74 1 96
1 49 2 83
1 49 2 83
1 52 1 61
1 49 2 54
1 59 2 68
2 68 2 93
1 60 2 97
2 62 2 76
1 57 2 77
2 90 2 90
2 49 2 93
1 51 2 54
2 58 2 69
2 53 2 84
1 70 1 71
2 68 2 92
1 49 1 87
1 68 2 91
1 60 1 67
2 55 2 95
1 61 2 100
1 96 1 96
1 74 2 78
2 85 2 98
2 86 2 90
1 80 1 93
2 75 2 80
1 53 2 86
1 87 1 93
1 84 1 90
2 55 2 78
1 54 2 57
1 76 2 85
1 72 2 88
2 66 2 92
1 61 2 84
1 52 2 75
1 62 2 74
1 57 2 61
1 66 2 72
