100 2
100 100
h 27 2
h 69 2
v 47 1
h 54 1
h 39 1
h 50 1
h 23 1
h 70 1
h 37 1
h 42 1
h 33 2
h 43 1
h 64 2
h 53 2
h 22 1
v 37 1
v 24 1
v 55 1
h 55 2
h 40 2
h 66 2
h 28 2
v 38 1
h 27 1
h 58 2
h 35 1
v 49 1
h 30 2
h 52 1
h 44 2
v 67 1
h 22 2
h 44 1
h 52 2
v 32 1
h 68 2
v 48 1
v 28 1
h 61 1
v 44 1
v 63 1
v 62 1
h 56 2
v 43 1
h 47 2
h 55 1
v 68 1
v 30 1
h 57 1
h 64 1
v 31 1
h 36 1
h 49 2
h 36 2
h 59 2
h 25 1
h 60 2
h 35 2
v 34 1
h 51 1
h 58 1
h 53 1
h 32 2
h 41 1
h 59 1
h 56 1
v 25 1
h 29 1
h 38 2
v 33 1
h 69 1
h 34 1
h 63 1
h 24 1
h 26 1
h 50 2
h 67 2
h 45 2
h 62 1
h 40 1
h 65 2
h 63 2
h 70 2
h 42 2
v 70 1
h 48 1
h 41 2
v 66 1
h 51 2
v 46 1
v 23 1
v 29 1
h 46 2
v 58 1
h 26 2
h 60 1
h 31 2
h 49 1
h 39 2
27 1 59 2
21 1 41 2
35 1 41 2
27 2 46 2
55 1 66 2
25 1 38 1
45 1 73 2
59 1 60 2
22 1 24 2
43 2 47 2
54 1 57 2
32 2 41 2
35 1 66 2
22 1 52 2
29 2 48 2
41 1 41 2
30 1 41 1
49 1 66 2
41 1 64 2
33 1 68 2
47 1 72 2
37 1 53 1
52 1 59 1
41 1 51 1
21 1 45 1
56 2 64 2
26 1 33 2
25 2 47 2
21 1 56 2
33 1 43 1
35 1 45 1
21 1 74 1
59 2 65 2
23 2 52 2
30 1 62 2
19 1 72 2
18 1 28 2
43 1 53 2
20 1 52 2
25 2 41 2
47 2 64 2
58 1 66 2
19 1 23 2
40 1 55 2
68 2 69 2
29 1 41 2
31 1 46 2
49 2 64 2
29 1 36 1
28 1 43 2
18 1 28 1
18 2 35 2
51 2 55 2
58 1 65 2
49 1 67 2
24 1 25 1
18 1 55 2
21 2 63 2
34 1 42 2
44 1 53 2
43 1 52 2
36 1 67 2
46 1 69 2
56 1 66 2
62 1 69 2
20 1 38 2
47 1 74 2
37 2 51 2
37 2 55 2
42 1 65 1
39 1 74 1
18 1 72 2
38 1 71 1
35 1 72 1
53 1 72 2
31 2 55 2
20 1 24 1
32 1 71 1
21 1 33 1
39 1 62 2
31 1 63 2
29 1 40 2
53 1 67 2
51 1 64 2
52 2 65 2
28 1 63 1
35 2 36 2
35 1 72 2
43 1 51 2
21 1 58 2
67 1 75 2
40 2 50 2
21 1 41 2
36 1 63 2
42 2 60 2
18 1 22 2
55 1 59 2
32 1 46 1
68 1 72 2
19 1 31 2
