100 100
2 100
v 45 84
45 84 45 85
45 84 45 84
45 85 45 85
45 84 45 85
45 84 45 85
45 84 45 85
45 84 45 84
45 84 45 85
45 84 45 85
45 84 45 85
45 84 45 84
45 84 45 85
45 85 45 85
45 84 45 85
45 85 45 85
45 84 45 84
45 84 45 84
45 84 45 84
45 84 45 85
45 84 45 84
45 84 45 84
45 84 45 85
45 85 45 85
45 84 45 85
45 84 45 84
45 84 45 85
45 85 45 85
45 84 45 85
45 84 45 85
45 84 45 85
45 84 45 84
45 84 45 85
45 85 45 85
45 85 45 85
45 85 45 85
45 84 45 85
45 84 45 85
45 84 45 85
45 84 45 85
45 84 45 85
45 84 45 85
45 84 45 85
45 85 45 85
45 84 45 84
45 84 45 84
45 84 45 85
45 84 45 84
45 85 45 85
45 84 45 85
45 85 45 85
45 85 45 85
45 85 45 85
45 84 45 85
45 84 45 85
45 84 45 85
45 84 45 84
45 84 45 85
45 84 45 84
45 84 45 85
45 84 45 85
45 84 45 85
45 85 45 85
45 85 45 85
45 84 45 84
45 84 45 85
45 84 45 84
45 84 45 85
45 85 45 85
45 85 45 85
45 84 45 85
45 84 45 85
45 84 45 85
45 84 45 84
45 84 45 85
45 84 45 85
45 84 45 85
45 85 45 85
45 84 45 85
45 84 45 85
45 84 45 85
45 84 45 84
45 84 45 85
45 84 45 85
45 84 45 85
45 84 45 85
45 84 45 84
45 84 45 85
45 84 45 84
45 84 45 85
45 84 45 84
45 84 45 85
45 84 45 85
45 85 45 85
45 84 45 85
45 84 45 85
45 85 45 85
45 84 45 85
45 84 45 85
45 84 45 85
45 84 45 84
