7 13
91 10
v 1 7
h 3 1
h 5 7
v 3 3
v 7 6
h 2 6
v 6 10
v 7 7
h 1 7
v 6 9
v 4 7
h 3 4
v 5 6
v 5 9
h 3 9
h 5 2
v 5 11
h 4 10
h 4 6
v 2 9
v 2 2
v 5 2
h 4 2
h 1 8
h 1 11
v 3 11
h 1 6
v 5 12
h 2 8
h 5 3
v 7 5
v 6 6
h 1 12
h 2 11
h 2 4
v 7 8
h 4 12
v 1 10
v 2 6
v 3 12
v 2 5
h 6 10
h 6 3
v 3 9
v 7 3
h 4 11
v 1 8
h 3 11
v 2 8
h 5 8
v 4 6
v 1 9
h 5 13
h 5 9
v 4 9
v 3 6
h 5 11
v 7 11
h 6 6
v 6 1
v 5 8
h 4 13
v 7 10
v 7 12
v 1 12
h 4 3
v 2 1
h 4 1
h 4 8
v 4 5
v 2 3
h 5 5
v 2 11
v 3 4
v 6 11
v 5 1
v 1 3
v 6 4
v 3 2
v 3 5
v 5 3
h 1 2
v 7 1
v 1 5
v 7 2
v 6 5
h 6 4
v 1 4
h 2 13
h 1 1
5 5 6 8
4 2 5 11
1 8 5 11
2 4 6 5
1 10 4 10
1 11 6 12
1 6 6 7
7 4 7 12
2 2 6 2
4 9 4 13
