5 20
100 100
h 2 16
h 4 19
v 2 2
h 1 17
h 1 8
h 3 5
v 2 10
v 4 5
v 1 13
v 2 15
h 3 11
v 4 18
h 2 13
v 3 10
v 4 11
h 2 12
h 4 8
v 4 8
v 3 5
h 3 15
v 2 7
h 3 1
h 2 1
v 5 8
h 4 11
v 3 4
h 3 16
h 2 18
h 4 5
v 2 6
v 4 1
v 4 16
v 2 13
v 1 9
h 1 12
h 1 15
h 1 7
v 3 7
h 4 1
v 1 16
v 5 18
h 2 10
h 3 14
h 1 18
v 1 6
h 1 5
v 1 19
v 2 4
v 3 8
v 2 19
h 4 12
h 4 17
v 3 11
h 1 4
h 4 20
v 5 14
v 2 18
v 3 15
h 3 8
v 4 19
v 5 1
v 4 7
h 4 16
v 1 3
v 3 13
v 5 9
v 5 17
v 1 15
v 3 16
v 4 9
h 2 19
h 1 19
v 5 6
h 1 10
h 4 6
h 4 3
v 3 6
v 1 2
v 5 12
h 2 4
h 3 18
h 4 15
v 5 10
h 2 6
h 3 3
h 1 2
v 2 14
h 3 20
v 3 12
v 5 2
h 3 2
v 2 1
v 1 10
v 4 13
h 1 13
v 5 4
v 4 3
v 2 9
v 1 1
4 4 5 15
2 14 3 18
4 2 5 12
1 1 5 15
2 2 3 12
1 8 4 16
1 6 3 17
2 2 5 4
5 4 5 15
1 6 2 15
2 1 4 7
5 7 5 10
1 4 3 17
1 5 3 14
2 19 3 20
1 3 2 19
4 15 4 17
1 2 2 15
3 4 5 15
2 3 4 8
3 7 5 17
2 7 4 19
4 14 4 17
3 7 4 19
1 2 2 12
3 6 5 17
3 2 5 11
1 14 2 20
3 10 4 10
2 3 4 14
3 5 4 11
1 5 3 14
1 8 5 12
3 15 5 18
2 7 5 10
3 3 4 18
2 1 4 3
4 10 4 15
3 2 5 16
2 12 2 15
2 1 5 17
4 8 4 15
1 12 2 20
1 5 4 19
4 8 4 17
2 6 4 20
3 3 4 5
5 3 5 6
2 12 4 18
3 1 4 12
1 1 5 7
1 2 1 14
3 4 3 7
1 4 2 11
1 12 3 18
4 3 5 20
4 2 5 11
1 4 2 8
1 6 5 19
3 16 4 20
1 9 1 20
1 9 2 11
1 1 3 13
1 15 1 15
3 5 3 8
3 9 4 15
2 9 2 10
1 3 3 10
1 2 5 13
3 4 4 14
5 6 5 7
2 18 5 19
5 3 5 3
2 7 4 17
4 1 5 7
1 11 4 11
2 17 5 20
2 15 4 17
3 10 4 11
1 8 1 17
4 6 5 13
1 10 3 19
5 3 5 15
1 11 3 20
3 12 3 14
4 11 5 17
1 15 3 19
1 15 4 18
4 9 4 11
4 7 5 11
3 12 4 17
4 3 5 7
1 6 4 11
1 15 2 16
1 4 1 18
2 5 2 16
2 5 4 13
2 3 4 17
3 6 5 7
4 6 5 7
