50 2
100 100
v 19 1
h 21 2
v 41 1
v 30 1
v 20 1
h 6 1
v 4 1
h 37 2
h 41 1
v 3 1
h 4 2
v 36 1
h 44 2
h 36 2
h 27 1
v 46 1
h 11 1
v 45 1
h 46 1
h 44 1
v 34 1
h 10 1
v 26 1
h 35 1
h 8 1
h 48 2
v 7 1
h 5 1
h 31 1
h 9 2
h 29 1
h 38 2
h 30 1
v 17 1
h 49 2
h 18 2
h 1 2
h 13 2
h 1 1
h 40 1
h 33 1
v 48 1
h 34 2
v 22 1
h 12 1
h 20 2
h 4 1
v 11 1
h 34 1
h 47 1
v 28 1
h 29 2
h 12 2
h 3 2
v 42 1
h 23 1
h 5 2
h 32 1
v 38 1
h 28 2
v 47 1
v 15 1
h 8 2
v 13 1
h 2 2
v 9 1
v 32 1
h 45 1
h 19 1
h 25 2
h 39 1
h 49 1
v 2 1
h 27 2
h 42 1
h 40 2
v 50 1
v 21 1
v 33 1
v 43 1
h 43 1
h 37 1
h 24 1
h 16 1
v 16 1
v 14 1
v 31 1
v 25 1
h 14 2
v 23 1
h 26 2
v 24 1
h 15 2
h 7 2
v 18 1
h 17 1
v 39 1
h 9 1
h 22 2
33 1 43 2
1 1 29 2
10 1 42 2
6 1 42 1
11 1 45 2
8 1 14 1
10 1 17 1
29 1 36 1
28 1 38 1
27 1 43 2
11 2 35 2
15 2 32 2
14 2 33 2
35 1 50 1
14 2 29 2
33 1 33 2
43 1 47 2
6 1 21 2
20 1 33 1
5 1 29 1
6 2 6 2
12 1 33 1
11 1 23 1
23 1 35 1
18 2 21 2
8 1 9 2
19 1 20 2
24 1 48 2
9 2 10 2
20 1 24 2
6 2 36 2
14 2 37 2
4 1 5 2
16 2 30 2
34 1 39 2
13 1 36 1
17 2 47 2
2 1 35 1
8 1 34 2
31 1 50 1
11 1 32 1
17 1 23 2
1 1 25 2
8 1 21 1
37 1 43 1
5 1 24 2
18 1 28 2
23 1 28 1
17 1 38 2
21 1 38 1
35 2 46 2
38 2 45 2
34 1 35 1
20 1 26 2
14 1 28 1
11 1 38 2
2 2 16 2
42 2 50 2
5 1 13 2
23 2 36 2
12 1 17 2
38 1 50 2
5 1 10 1
3 1 21 2
35 2 45 2
13 2 31 2
20 1 50 2
19 1 30 1
46 2 46 2
15 1 21 2
1 1 29 2
3 1 41 2
29 1 34 1
5 1 43 1
14 1 41 1
12 1 21 1
18 1 41 1
21 1 42 1
31 1 40 2
26 1 28 2
13 1 44 1
5 1 45 1
16 1 48 2
11 2 30 2
16 1 22 1
24 2 27 2
44 1 50 2
7 1 28 1
5 1 26 2
32 1 40 1
33 1 50 1
1 1 6 2
3 1 39 1
25 1 29 2
3 2 50 2
10 2 24 2
2 1 47 1
1 1 44 2
16 2 23 2
14 2 49 2
