2 50
100 100
v 2 22
v 2 18
v 1 1
v 1 26
v 1 13
v 1 24
v 1 45
v 2 40
v 2 26
h 1 7
h 1 46
v 1 6
v 2 3
v 1 31
v 1 11
h 1 36
v 2 38
h 1 12
h 1 1
v 2 14
v 1 47
v 1 23
h 1 27
v 1 30
v 2 12
v 2 32
h 1 3
v 1 44
h 1 5
h 1 4
v 1 29
v 2 34
v 1 19
h 1 18
v 1 17
h 1 50
h 1 13
v 1 36
h 1 39
h 1 9
v 2 16
v 1 8
v 1 48
v 1 33
v 2 4
v 1 7
h 1 34
v 1 41
h 1 42
h 1 23
v 1 9
v 2 35
v 2 29
h 1 35
v 2 44
v 1 21
v 1 42
v 2 41
v 2 7
h 1 48
h 1 10
v 2 33
h 1 31
v 2 30
h 1 2
h 1 6
v 1 32
h 1 43
v 2 11
v 2 48
v 2 46
v 2 15
v 2 5
v 2 19
v 2 10
v 2 13
v 2 37
v 1 40
v 2 43
v 1 27
v 1 28
v 1 18
v 2 49
v 2 21
v 1 2
v 1 15
v 1 39
h 1 37
h 1 16
v 1 43
h 1 38
v 2 20
v 2 17
h 1 24
v 1 20
v 2 25
h 1 25
h 1 47
v 2 27
1 6 2 17
2 30 2 40
1 19 2 36
1 23 2 25
1 37 2 39
1 4 2 7
1 14 2 24
1 25 2 33
2 28 2 30
2 34 2 50
2 22 2 30
1 12 1 50
1 26 2 38
1 16 2 35
2 3 2 26
1 16 2 43
1 3 2 37
2 23 2 31
1 29 1 42
1 20 2 39
1 4 2 45
1 11 2 16
1 4 1 42
1 27 2 33
1 21 2 45
1 23 1 31
1 5 2 32
1 10 1 22
1 4 2 8
1 10 2 39
1 22 1 41
2 21 2 29
1 8 2 35
1 29 2 50
1 1 2 36
1 26 1 32
1 30 1 38
2 11 2 40
1 16 2 38
2 17 2 19
2 8 2 20
1 23 2 33
2 21 2 40
1 2 2 34
2 7 2 40
1 17 2 49
1 1 2 36
2 24 2 50
1 28 2 28
2 10 2 11
1 6 2 21
1 11 2 18
1 33 2 38
1 9 2 12
1 24 1 38
2 32 2 41
1 8 2 23
1 13 2 29
1 15 2 29
2 22 2 44
1 22 1 31
1 8 2 19
2 46 2 48
1 26 2 39
1 35 2 36
1 36 2 40
2 6 2 27
1 22 2 29
1 12 1 41
2 5 2 14
1 13 1 29
1 2 2 49
2 24 2 32
1 25 2 39
1 8 2 41
1 21 2 25
1 14 1 15
1 5 2 29
1 4 2 26
1 16 1 44
1 7 2 31
1 15 2 31
1 19 2 38
1 44 1 50
1 18 1 23
1 12 1 25
1 23 1 42
1 16 2 36
1 10 1 10
1 6 1 11
2 21 2 35
1 5 1 16
2 27 2 27
1 22 1 35
1 3 1 42
2 27 2 38
1 5 2 36
2 7 2 45
1 19 2 47
1 2 2 37
