100 100
100 100
v 100 38
h 99 12
v 100 39
v 100 90
v 100 74
v 100 85
v 100 35
v 100 60
v 100 91
v 100 43
v 100 14
v 100 67
v 100 87
v 100 83
v 100 12
v 100 99
v 100 49
v 100 72
v 100 46
v 100 76
v 100 84
v 100 88
v 100 58
v 100 13
v 99 30
v 100 42
v 100 41
v 100 23
v 100 21
v 100 50
h 99 91
h 99 33
v 100 31
v 100 81
v 100 57
v 100 79
v 100 24
v 100 63
v 100 32
v 100 59
v 100 66
v 100 94
h 99 67
v 100 40
v 100 51
v 100 69
v 100 86
v 100 10
v 100 80
v 100 34
v 100 55
v 100 11
h 99 31
v 100 92
v 100 26
v 100 95
v 100 29
v 100 62
v 100 18
v 100 47
v 100 20
v 100 54
v 100 52
v 100 97
v 100 15
v 100 89
v 100 53
v 100 70
h 99 97
v 100 64
v 100 93
v 100 19
h 99 66
v 100 28
v 100 33
v 100 45
v 100 75
v 100 65
v 100 48
v 100 16
v 100 27
v 100 71
v 100 73
v 100 77
v 100 30
v 100 25
v 100 36
v 100 82
v 100 61
v 100 22
v 100 37
v 100 98
v 100 96
h 99 98
v 100 44
v 100 68
v 100 78
v 100 17
v 100 56
99 7 99 84
99 19 99 94
99 14 99 82
99 8 100 77
99 16 100 95
99 19 99 81
99 17 99 81
99 13 100 82
99 14 99 93
99 1 99 87
99 25 99 99
99 10 99 98
99 18 100 78
99 14 100 78
99 15 99 88
99 12 99 86
99 2 99 99
99 4 100 97
99 9 99 100
99 13 100 76
99 1 99 92
99 12 99 82
99 8 100 90
99 19 100 85
99 25 100 90
99 25 99 84
99 5 100 86
99 23 99 78
99 6 99 92
99 10 100 79
99 3 99 86
99 23 100 82
99 21 99 98
99 6 99 87
99 3 99 76
99 8 99 94
99 8 100 88
99 15 100 91
99 25 100 91
99 4 100 88
99 9 100 91
99 8 99 93
99 5 100 81
99 11 100 83
99 5 100 95
99 2 100 92
99 10 99 98
99 16 99 96
99 8 100 77
99 2 99 100
99 10 100 77
99 15 99 99
99 6 99 77
99 22 100 96
99 24 99 88
99 20 100 99
99 5 99 98
99 7 99 88
99 13 100 89
99 17 99 90
99 1 99 86
99 3 100 86
99 8 99 76
99 20 100 86
99 7 99 89
99 24 99 94
99 24 100 79
99 10 99 97
99 14 99 82
99 9 99 86
99 4 99 92
99 11 99 84
99 13 99 77
99 11 100 99
99 2 100 95
99 20 100 95
99 15 100 87
99 12 100 77
99 21 99 93
99 22 100 79
99 22 100 94
99 17 99 100
99 23 99 76
99 25 99 83
99 16 100 79
99 22 99 93
99 2 100 94
99 15 99 97
99 13 99 90
99 5 100 82
99 22 99 83
99 10 99 75
99 13 99 99
99 16 100 90
99 1 99 91
99 2 100 89
99 1 100 84
99 1 100 96
99 6 100 100
99 11 100 89
