100 100
100 100
v 92 40
v 92 62
v 94 66
v 92 35
h 97 82
v 92 46
v 92 38
v 100 92
v 93 64
v 92 55
v 92 56
v 100 90
v 97 81
v 94 68
v 92 28
v 92 63
v 100 95
h 93 66
h 91 54
v 92 31
v 94 70
h 94 72
v 99 89
v 95 75
v 92 37
v 95 77
h 91 23
h 99 89
v 92 48
v 92 23
v 92 24
h 96 80
v 92 36
v 92 52
v 92 45
v 98 84
h 96 82
v 100 97
v 98 83
v 92 32
v 92 39
v 92 50
v 98 85
v 92 58
v 92 44
h 91 42
v 92 59
v 94 69
v 92 49
v 99 90
v 91 22
h 95 80
v 92 51
h 91 25
v 99 88
v 92 27
v 99 87
v 92 54
v 95 72
v 100 98
v 92 61
h 94 67
v 92 30
v 94 67
v 93 65
v 92 25
h 98 86
v 92 41
v 92 33
v 100 91
v 91 18
v 92 43
v 92 42
v 99 86
v 95 74
v 92 29
v 92 34
v 98 82
h 91 50
v 95 79
v 91 19
v 100 96
v 97 80
v 95 73
v 100 99
v 92 53
v 95 78
v 100 89
v 100 94
h 92 64
v 91 21
v 92 47
v 94 71
v 91 20
v 92 60
v 95 76
v 92 57
v 100 93
v 92 26
92 10 100 90
93 23 98 81
91 21 99 99
93 30 97 99
91 29 100 99
91 29 98 85
91 31 98 78
92 16 98 93
91 32 100 97
92 18 100 88
91 19 97 81
93 26 100 83
93 28 100 91
93 22 97 98
91 11 99 77
91 21 100 100
91 16 100 83
91 10 98 83
92 30 98 98
91 26 97 87
91 11 99 87
92 27 98 91
93 22 100 88
93 16 97 85
91 10 99 80
93 12 100 82
91 21 99 86
91 10 98 86
93 17 98 94
92 19 99 79
91 23 97 77
92 10 98 82
91 17 97 81
91 18 100 91
93 24 98 93
91 27 99 96
91 17 99 88
93 12 99 78
92 31 100 78
92 21 97 98
91 17 98 77
92 23 100 80
93 13 97 96
93 23 98 78
91 15 100 94
91 25 98 88
91 28 99 91
92 15 97 85
93 21 98 92
93 12 98 80
93 10 100 94
92 18 97 95
91 22 100 86
91 32 97 78
93 24 97 98
92 25 99 91
92 20 98 86
91 32 97 91
93 25 97 79
93 23 99 99
92 26 100 98
91 20 98 95
91 10 98 77
91 26 100 85
91 22 97 99
91 11 98 97
93 20 98 91
92 24 100 90
91 16 98 89
92 11 99 83
93 31 98 83
91 21 97 90
92 17 99 84
92 14 99 99
92 28 98 99
91 21 100 100
91 31 100 100
92 17 100 82
93 14 98 84
92 27 97 82
91 24 97 80
93 23 99 80
91 11 97 78
91 23 100 82
93 30 97 82
91 27 99 93
93 23 97 81
93 18 97 77
93 32 97 80
93 32 98 80
93 17 100 100
93 32 99 99
92 26 98 83
92 32 98 91
93 21 99 88
91 11 99 92
92 17 97 90
93 31 100 84
93 19 98 85
93 17 97 79
