10 10
100 100
v 1 1
v 1 2
v 1 3
v 1 4
v 1 5
v 1 6
v 1 7
v 1 8
v 1 9
h 1 1
h 2 1
h 3 1
h 4 1
h 5 1
h 6 1
h 7 1
h 8 1
h 9 1
h 1 2
h 2 2
h 3 2
h 4 2
h 5 2
h 6 2
h 7 2
h 8 2
h 9 2
h 1 3
h 2 3
h 3 3
h 4 3
h 5 3
h 6 3
h 7 3
h 8 3
h 9 3
h 1 4
h 2 4
h 3 4
h 4 4
h 5 4
h 6 4
h 7 4
h 8 4
h 9 4
h 1 5
h 2 5
h 3 5
h 4 5
h 5 5
h 6 5
h 7 5
h 8 5
h 9 5
h 1 6
h 2 6
h 3 6
h 4 6
h 5 6
h 6 6
h 7 6
h 8 6
h 9 6
h 1 7
h 2 7
h 3 7
h 4 7
h 5 7
h 6 7
h 7 7
h 8 7
h 9 7
h 1 8
h 2 8
h 3 8
h 4 8
h 5 8
h 6 8
h 7 8
h 8 8
h 9 8
h 1 9
h 2 9
h 3 9
h 4 9
h 5 9
h 6 9
h 7 9
h 8 9
h 9 9
h 1 10
h 2 10
h 3 10
h 4 10
h 5 10
h 6 10
h 7 10
h 8 10
h 9 10
2 4 9 8
2 3 6 10
3 2 8 6
4 2 8 7
4 3 6 9
2 2 9 7
3 4 7 10
3 3 9 8
2 2 8 8
3 4 6 10
3 4 10 6
2 3 6 8
4 3 9 10
4 3 8 8
3 4 7 6
4 3 7 10
3 3 9 7
3 2 7 6
2 2 6 9
4 3 9 10
2 4 8 10
2 4 9 10
2 4 6 10
4 4 6 7
4 4 10 7
2 3 7 9
3 3 8 7
3 2 10 8
4 3 10 6
4 4 9 10
2 2 10 10
4 3 10 8
4 3 7 6
4 2 9 9
3 4 8 9
2 4 6 6
4 3 9 7
2 3 9 8
3 2 9 9
2 3 8 10
4 2 9 9
2 3 7 8
4 2 9 9
4 4 8 7
3 4 8 6
3 3 10 10
3 3 7 6
3 4 7 8
2 3 8 10
3 4 6 9
2 2 6 6
2 3 9 9
2 4 9 10
2 3 8 8
4 2 9 10
3 4 9 6
2 3 9 9
3 3 6 6
2 2 7 6
4 3 9 8
2 2 8 6
4 3 6 8
4 2 7 9
3 3 7 10
3 4 7 9
3 2 7 6
3 2 8 10
3 3 8 10
4 4 7 7
4 3 7 8
2 3 8 10
3 4 8 10
2 3 9 7
3 4 6 6
4 2 7 7
3 3 7 8
3 3 6 8
3 2 7 10
4 3 9 10
2 4 8 7
2 2 8 8
3 4 10 9
2 2 10 10
2 4 9 8
2 2 7 8
3 2 7 7
2 2 7 9
2 2 9 10
2 3 8 6
2 3 7 7
2 3 6 10
4 2 8 9
3 2 8 6
3 3 9 6
2 4 9 8
2 4 6 7
3 2 9 7
2 4 9 8
2 4 8 7
3 3 7 6
