100 100
100 100
v 54 53
v 44 53
v 54 50
v 44 54
h 51 45
v 50 49
v 56 52
h 51 47
h 51 49
v 56 46
h 54 56
v 52 50
v 56 49
h 47 43
h 44 56
h 48 45
h 55 56
h 52 56
h 49 52
v 44 47
v 48 49
v 48 48
v 46 53
v 46 52
v 44 50
v 56 50
h 51 43
v 48 47
v 44 48
h 50 47
v 44 44
v 52 51
h 50 56
v 46 50
h 52 47
h 53 56
h 50 45
h 53 54
v 56 47
v 44 52
h 48 43
v 56 54
h 52 54
h 54 45
v 46 45
h 53 47
v 54 52
v 46 51
h 53 45
h 46 56
v 54 47
v 44 49
v 48 50
v 46 49
v 46 48
v 56 48
h 52 45
h 46 45
v 48 51
h 47 54
h 49 54
h 46 54
v 52 49
v 56 53
h 49 47
h 44 43
v 44 55
h 47 45
v 56 45
h 55 45
v 44 43
v 54 51
h 51 54
v 54 48
h 49 45
h 45 43
h 48 47
h 49 43
h 51 52
h 51 56
h 48 56
h 50 49
v 44 51
h 50 43
v 46 47
h 46 43
v 44 46
v 46 46
v 56 55
v 44 45
v 56 51
h 50 52
h 48 52
h 50 54
h 45 56
h 49 56
v 54 49
h 48 54
h 47 56
14 69 38 96
15 52 92 59
22 50 66 50
49 14 52 71
56 34 89 57
43 26 55 72
71 18 87 70
46 36 78 78
15 15 35 94
18 31 91 58
11 29 38 77
7 26 92 67
58 13 60 33
11 12 17 64
44 3 96 19
18 11 44 58
39 26 48 51
13 38 71 88
48 9 62 67
44 51 65 77
56 82 87 100
25 18 54 68
10 22 83 78
85 17 89 72
42 70 91 83
1 41 85 100
73 56 75 94
5 36 28 68
58 13 80 65
50 8 100 73
33 57 70 90
13 32 20 94
63 31 100 91
3 18 95 81
7 37 83 48
28 28 76 45
68 4 89 90
40 87 46 89
71 23 83 59
64 38 69 73
68 9 74 73
14 34 36 57
33 77 89 80
31 99 69 100
33 11 70 62
46 26 64 49
37 40 56 93
14 14 94 15
7 13 91 87
22 78 40 92
20 26 38 50
32 19 49 42
26 42 86 100
10 40 77 67
1 33 49 68
10 23 52 40
55 52 67 86
24 38 52 89
4 12 74 64
52 3 71 88
34 25 46 44
41 40 79 91
38 6 64 12
18 11 33 83
20 89 34 92
39 4 82 27
73 30 77 67
63 18 93 96
21 28 36 75
26 3 100 21
23 48 72 75
49 17 68 39
22 80 65 89
86 36 89 73
3 8 16 46
11 83 27 86
23 97 79 99
17 23 31 39
3 1 49 16
46 21 85 68
15 1 49 48
35 42 54 53
77 14 80 26
10 30 90 40
5 6 39 41
14 3 20 65
51 34 67 60
52 20 95 45
70 6 100 19
23 10 50 55
6 41 25 70
31 5 57 81
21 81 56 94
59 4 79 71
45 3 51 38
2 44 56 53
68 30 92 95
22 9 93 18
59 55 78 62
6 32 69 99
