100 100
100 100
v 42 43
v 59 49
v 59 55
v 42 46
v 59 40
v 51 49
v 59 52
h 47 54
v 42 52
h 43 43
v 51 47
v 59 51
v 46 53
v 59 54
h 50 43
h 43 58
v 42 44
h 47 47
h 51 43
h 53 54
h 50 54
v 55 53
v 59 50
v 46 51
v 42 54
h 49 54
v 42 51
h 50 47
h 47 43
h 58 58
h 44 43
h 55 58
v 59 53
v 59 43
h 48 43
h 52 54
h 50 50
h 54 58
v 55 47
v 59 41
h 50 58
v 55 46
h 53 43
h 45 43
h 49 58
v 42 47
v 42 57
v 59 56
v 55 48
v 59 46
h 51 54
h 47 58
v 42 48
v 55 52
v 46 48
h 46 54
v 55 45
h 54 43
h 49 43
v 46 52
h 52 43
h 46 47
v 46 47
h 48 54
v 59 44
v 59 48
h 52 58
v 55 49
v 59 47
h 48 47
v 42 55
h 46 58
h 53 58
v 42 45
h 44 58
h 56 58
h 42 58
v 59 57
h 51 58
v 55 51
h 42 43
h 54 54
v 46 49
v 42 56
v 55 44
h 57 58
h 45 58
v 42 49
v 55 43
h 48 58
h 46 43
v 59 42
v 59 45
v 42 50
v 42 53
v 55 50
v 51 48
v 46 50
h 49 47
75 35 98 77
50 17 61 88
25 55 37 67
21 81 41 94
27 41 76 90
14 55 96 66
21 16 36 33
61 44 73 93
46 86 67 91
36 85 47 95
31 9 99 85
3 67 96 78
71 10 92 71
38 34 55 40
26 91 73 94
14 3 35 88
76 39 94 49
37 38 74 71
34 25 50 31
4 44 19 53
12 64 98 89
23 27 89 81
20 29 31 75
28 7 73 78
26 42 84 47
36 45 67 48
12 11 77 97
65 51 84 57
36 19 83 85
35 98 72 99
1 71 92 83
2 26 67 51
38 12 67 74
16 42 43 78
45 15 96 47
68 48 70 53
42 26 50 48
19 17 50 60
68 16 85 46
21 44 74 71
16 44 74 60
84 28 99 29
3 49 55 50
16 3 96 69
26 41 64 65
31 51 94 64
2 1 26 68
32 56 39 64
11 62 91 79
5 30 26 47
32 1 51 30
37 24 46 74
44 72 59 100
42 10 85 18
14 48 60 78
54 35 92 96
28 11 61 42
41 49 50 73
19 36 35 89
2 32 81 91
10 3 73 10
13 30 47 41
12 22 90 87
73 5 99 32
25 22 48 42
2 32 7 94
4 24 99 79
10 26 47 56
29 30 64 67
57 8 70 45
52 27 72 92
8 75 79 94
46 11 94 57
47 6 99 32
3 46 56 88
53 25 66 31
32 4 37 58
59 35 70 94
11 13 67 43
24 12 78 49
43 74 80 97
22 12 83 27
9 32 68 76
22 9 28 18
76 20 88 66
86 25 95 75
45 3 64 100
12 20 68 21
1 10 49 91
2 20 48 79
64 16 89 36
36 10 73 32
64 79 70 87
33 98 35 99
23 29 40 51
12 2 31 15
39 66 46 95
1 67 37 71
78 6 80 12
31 69 42 74
