100 100
100 100
h 57 62
v 60 43
h 51 49
v 60 51
v 60 57
h 47 62
v 44 47
v 44 43
h 53 49
h 42 62
h 50 56
h 53 56
h 46 62
h 49 56
h 46 56
v 54 55
h 56 62
h 46 43
v 60 49
h 38 62
v 60 53
h 48 62
h 45 56
h 43 62
v 60 46
v 54 51
h 44 56
v 54 50
v 38 59
h 58 43
v 38 60
h 44 62
h 45 43
v 44 53
v 38 58
h 52 62
v 60 55
v 38 56
h 50 49
v 60 50
v 38 61
v 44 55
h 47 56
v 50 49
h 54 43
v 54 49
v 44 48
h 49 62
v 54 52
h 39 62
h 57 43
h 48 56
h 49 43
v 60 54
v 60 44
v 60 58
h 50 62
h 59 62
h 53 43
v 44 45
v 60 59
v 38 55
h 45 62
h 51 43
v 60 52
v 60 60
v 44 46
v 60 45
h 50 43
v 44 50
v 60 48
h 56 43
h 52 43
v 44 52
v 38 57
h 48 43
h 40 62
v 60 61
h 54 62
v 54 53
h 52 49
v 60 47
h 59 43
v 60 56
h 41 62
h 55 43
h 44 43
v 44 44
h 55 62
v 44 49
h 52 56
v 54 54
v 44 51
h 51 62
h 51 56
h 47 43
h 58 62
v 44 54
h 53 62
13 10 76 12
17 47 62 50
32 36 35 77
85 18 98 46
19 8 99 21
10 37 14 80
20 31 87 96
40 16 57 89
25 4 82 10
12 43 98 85
47 37 52 48
28 44 36 78
13 34 26 53
5 32 97 42
4 37 20 48
15 12 37 14
2 26 76 78
51 33 96 38
41 60 81 68
72 64 85 96
67 64 92 98
52 33 65 83
16 3 86 89
75 95 88 100
37 13 72 24
20 12 71 51
59 19 79 94
33 65 94 95
60 20 96 67
38 49 81 93
51 21 77 61
10 30 69 54
15 79 85 84
2 38 30 62
2 25 24 89
18 15 43 40
50 58 52 73
18 18 28 99
25 35 58 83
59 81 72 81
3 1 25 72
1 26 77 86
29 46 87 78
17 65 18 79
9 26 55 70
8 27 26 49
14 16 60 30
27 8 85 13
46 8 91 53
18 6 77 52
33 11 92 27
7 4 20 20
53 66 73 99
29 2 62 78
33 30 41 60
68 9 89 26
26 5 88 99
63 23 63 78
75 34 76 38
89 32 96 33
43 10 59 49
92 27 95 45
76 11 90 56
7 14 77 37
9 28 30 92
69 7 80 92
1 69 33 78
20 17 55 30
4 52 14 92
62 2 98 31
37 38 98 38
43 2 71 81
53 22 100 42
43 62 61 80
39 8 98 88
31 45 56 100
36 6 98 85
47 37 87 57
49 47 80 99
48 17 57 34
45 68 94 85
30 70 55 99
11 45 37 94
70 91 93 92
3 15 40 56
31 49 53 79
15 1 75 72
30 39 86 88
22 22 44 85
13 22 60 75
23 62 90 78
57 74 88 81
25 18 62 56
32 5 39 57
8 46 88 53
57 48 91 77
75 32 79 85
17 27 93 99
3 62 90 84
7 24 100 75
