10 10
100 100
v 2 5
v 3 4
v 10 3
h 2 7
v 7 2
v 8 2
v 6 2
h 6 2
v 7 8
h 8 10
h 9 10
h 8 4
v 1 7
h 5 10
h 9 7
v 3 8
v 3 9
h 5 2
v 1 3
h 5 9
v 3 3
v 9 6
h 9 3
h 8 6
v 3 5
v 8 6
v 2 8
h 1 8
v 10 8
h 7 2
h 9 5
v 10 4
h 7 10
v 6 9
v 5 7
v 6 3
v 5 1
v 2 9
v 7 1
v 4 9
v 5 3
v 1 8
h 1 3
v 6 8
h 9 1
v 10 7
v 4 4
h 6 9
v 1 9
v 7 3
v 6 7
h 5 3
v 5 4
v 4 7
v 8 9
h 6 5
v 2 3
h 3 2
h 8 9
v 10 5
v 1 1
h 3 9
h 3 3
h 1 2
v 10 2
v 8 8
v 6 4
v 1 5
h 8 5
v 6 6
v 5 6
v 6 5
h 9 4
h 4 4
h 3 1
v 4 5
v 4 6
v 1 6
h 1 7
v 8 1
h 2 8
h 2 3
h 6 6
h 9 2
v 5 5
v 4 1
v 9 5
v 2 4
h 2 2
h 8 2
v 6 1
h 2 1
h 7 9
h 4 3
v 1 4
h 4 2
h 8 1
v 9 7
h 6 7
3 6 8 10
6 2 9 8
9 5 9 10
6 4 9 10
2 2 7 7
7 1 9 8
2 9 10 10
6 5 10 5
3 4 8 10
3 3 4 4
3 1 3 6
6 2 9 3
2 1 10 9
9 1 9 4
1 6 6 6
1 1 3 3
3 3 3 6
5 2 8 7
1 9 1 10
8 1 10 6
2 3 2 7
1 3 7 4
5 7 10 10
7 4 10 8
4 2 8 5
1 5 4 10
6 4 10 5
6 2 10 5
5 9 9 9
2 3 10 8
3 1 8 5
6 1 8 10
1 2 10 8
2 4 3 6
3 4 4 10
8 5 10 7
4 1 5 6
1 4 9 10
2 4 6 8
5 1 9 5
2 3 10 10
3 7 10 10
7 1 8 2
5 1 10 5
2 4 2 9
2 6 6 8
3 4 7 6
5 6 6 10
2 2 3 7
6 5 10 10
1 10 4 10
3 4 8 10
8 7 9 10
6 2 9 10
4 2 9 4
4 8 4 10
7 1 8 2
1 3 6 10
6 2 9 9
8 1 8 2
2 3 3 8
1 8 7 10
7 2 9 3
1 1 2 6
5 5 9 9
2 4 4 10
1 2 7 6
3 1 9 6
5 3 9 9
5 1 10 10
9 5 10 9
5 1 10 2
3 1 5 9
8 5 10 8
1 1 2 10
1 3 3 5
3 5 4 9
3 6 5 9
4 2 8 9
4 5 7 7
3 6 5 9
2 2 6 3
3 1 5 6
1 1 4 5
2 1 5 5
5 7 8 8
3 5 10 10
3 3 5 4
1 1 2 4
2 1 2 10
4 1 4 10
5 2 6 7
2 3 5 5
4 5 8 10
6 1 10 9
7 2 8 3
3 8 9 9
4 4 8 6
4 1 7 9
1 5 8 8
