100 1
50 100
h 30 1
h 19 1
h 16 1
h 25 1
h 8 1
h 36 1
h 44 1
h 47 1
h 32 1
h 3 1
h 27 1
h 7 1
h 29 1
h 14 1
h 10 1
h 41 1
h 4 1
h 15 1
h 17 1
h 1 1
h 21 1
h 45 1
h 2 1
h 6 1
h 43 1
h 42 1
h 28 1
h 5 1
h 20 1
h 39 1
h 37 1
h 38 1
h 12 1
h 33 1
h 34 1
h 22 1
h 40 1
h 26 1
h 9 1
h 35 1
h 49 1
h 48 1
h 18 1
h 24 1
h 46 1
h 31 1
h 13 1
h 23 1
h 11 1
42 1 43 1
38 1 54 1
22 1 44 1
11 1 46 1
18 1 42 1
24 1 33 1
14 1 21 1
15 1 42 1
5 1 24 1
30 1 33 1
9 1 48 1
25 1 38 1
23 1 40 1
7 1 20 1
18 1 44 1
53 1 54 1
3 1 23 1
9 1 36 1
5 1 37 1
5 1 28 1
13 1 41 1
9 1 49 1
12 1 24 1
18 1 25 1
16 1 52 1
9 1 29 1
28 1 45 1
33 1 36 1
35 1 50 1
22 1 34 1
38 1 39 1
13 1 41 1
44 1 53 1
4 1 37 1
11 1 12 1
32 1 40 1
13 1 31 1
35 1 54 1
25 1 54 1
21 1 29 1
24 1 26 1
33 1 38 1
2 1 28 1
40 1 53 1
30 1 47 1
26 1 43 1
2 1 24 1
40 1 46 1
17 1 47 1
18 1 54 1
25 1 30 1
11 1 13 1
18 1 40 1
2 1 17 1
17 1 27 1
3 1 51 1
1 1 49 1
24 1 51 1
31 1 36 1
19 1 34 1
20 1 41 1
31 1 36 1
21 1 50 1
4 1 25 1
19 1 39 1
7 1 45 1
21 1 43 1
19 1 46 1
4 1 30 1
4 1 54 1
11 1 38 1
13 1 42 1
9 1 17 1
2 1 29 1
7 1 9 1
13 1 22 1
26 1 45 1
9 1 11 1
9 1 28 1
12 1 33 1
11 1 16 1
43 1 52 1
34 1 46 1
19 1 20 1
13 1 34 1
18 1 18 1
30 1 30 1
17 1 34 1
44 1 54 1
30 1 50 1
16 1 52 1
17 1 20 1
19 1 49 1
29 1 30 1
3 1 30 1
17 1 29 1
3 1 35 1
29 1 37 1
5 1 45 1
25 1 53 1
