1 100
100 100
v 1 22
v 1 75
v 1 56
v 1 48
v 1 19
v 1 27
v 1 62
v 1 15
v 1 21
v 1 12
v 1 80
v 1 92
v 1 34
v 1 41
v 1 57
v 1 81
v 1 25
v 1 82
v 1 68
v 1 69
v 1 77
v 1 61
v 1 79
v 1 85
v 1 32
v 1 70
v 1 88
v 1 87
v 1 83
v 1 71
v 1 30
v 1 37
v 1 28
v 1 58
v 1 47
v 1 67
v 1 51
v 1 40
v 1 10
v 1 9
v 1 23
v 1 94
v 1 99
v 1 89
v 1 36
v 1 38
v 1 50
v 1 72
v 1 33
v 1 8
v 1 97
v 1 90
v 1 64
v 1 35
v 1 26
v 1 43
v 1 7
v 1 4
v 1 93
v 1 91
v 1 65
v 1 59
v 1 11
v 1 96
v 1 44
v 1 6
v 1 29
v 1 78
v 1 42
v 1 55
v 1 95
v 1 46
v 1 20
v 1 14
v 1 54
v 1 45
v 1 63
v 1 5
v 1 60
v 1 74
v 1 24
v 1 17
v 1 13
v 1 18
v 1 86
v 1 84
v 1 66
v 1 31
v 1 2
v 1 98
v 1 53
v 1 3
v 1 49
v 1 39
v 1 52
v 1 1
v 1 76
v 1 16
v 1 73
1 85 1 99
1 73 1 87
1 2 1 62
1 13 1 46
1 79 1 96
1 47 1 67
1 9 1 90
1 19 1 72
1 36 1 70
1 83 1 97
1 25 1 85
1 27 1 56
1 62 1 86
1 50 1 79
1 18 1 77
1 58 1 95
1 27 1 74
1 79 1 83
1 19 1 81
1 29 1 62
1 33 1 52
1 7 1 30
1 9 1 59
1 41 1 92
1 41 1 52
1 14 1 90
1 12 1 46
1 26 1 91
1 5 1 57
1 16 1 69
1 80 1 88
1 80 1 96
1 8 1 97
1 76 1 82
1 5 1 36
1 74 1 96
1 58 1 59
1 19 1 59
1 40 1 97
1 8 1 64
1 44 1 85
1 19 1 74
1 9 1 32
1 27 1 69
1 70 1 77
1 52 1 59
1 23 1 87
1 47 1 97
1 56 1 73
1 78 1 86
1 37 1 56
1 19 1 76
1 46 1 56
1 36 1 80
1 75 1 98
1 36 1 77
1 3 1 36
1 62 1 94
1 31 1 62
1 28 1 94
1 43 1 99
1 43 1 100
1 8 1 80
1 22 1 48
1 24 1 96
1 27 1 93
1 24 1 98
1 43 1 74
1 12 1 22
1 15 1 99
1 26 1 34
1 27 1 57
1 33 1 70
1 28 1 49
1 37 1 87
1 59 1 82
1 21 1 30
1 77 1 96
1 2 1 41
1 55 1 75
1 6 1 32
1 25 1 90
1 21 1 68
1 31 1 67
1 9 1 39
1 10 1 38
1 22 1 73
1 22 1 47
1 8 1 97
1 58 1 95
1 56 1 87
1 61 1 69
1 42 1 68
1 37 1 91
1 29 1 67
1 4 1 83
1 29 1 76
1 7 1 84
1 48 1 59
1 29 1 51
