100 1
100 100
h 2 1
h 65 1
h 41 1
h 11 1
h 26 1
h 22 1
h 45 1
h 75 1
h 99 1
h 64 1
h 96 1
h 27 1
h 83 1
h 80 1
h 98 1
h 39 1
h 24 1
h 30 1
h 89 1
h 28 1
h 23 1
h 34 1
h 29 1
h 74 1
h 32 1
h 71 1
h 79 1
h 17 1
h 38 1
h 8 1
h 42 1
h 97 1
h 90 1
h 62 1
h 19 1
h 82 1
h 93 1
h 7 1
h 43 1
h 86 1
h 50 1
h 87 1
h 51 1
h 14 1
h 35 1
h 21 1
h 72 1
h 59 1
h 53 1
h 68 1
h 6 1
h 85 1
h 18 1
h 81 1
h 12 1
h 57 1
h 31 1
h 66 1
h 54 1
h 3 1
h 1 1
h 84 1
h 78 1
h 44 1
h 16 1
h 36 1
h 91 1
h 92 1
h 40 1
h 63 1
h 88 1
h 13 1
h 37 1
h 15 1
h 77 1
h 47 1
h 33 1
h 73 1
h 5 1
h 25 1
h 55 1
h 20 1
h 52 1
h 4 1
h 9 1
h 61 1
h 46 1
h 69 1
h 10 1
h 76 1
h 95 1
h 58 1
h 67 1
h 56 1
h 70 1
h 60 1
h 48 1
h 94 1
h 49 1
27 1 73 1
39 1 64 1
79 1 90 1
42 1 94 1
2 1 25 1
29 1 50 1
60 1 76 1
33 1 82 1
22 1 47 1
59 1 70 1
24 1 47 1
61 1 94 1
2 1 68 1
44 1 75 1
20 1 76 1
18 1 33 1
19 1 68 1
84 1 86 1
16 1 70 1
79 1 98 1
15 1 91 1
41 1 56 1
35 1 70 1
25 1 87 1
77 1 97 1
71 1 88 1
14 1 19 1
44 1 96 1
57 1 77 1
2 1 48 1
36 1 38 1
51 1 89 1
44 1 76 1
2 1 80 1
29 1 48 1
3 1 96 1
14 1 41 1
11 1 71 1
9 1 16 1
65 1 65 1
9 1 59 1
50 1 78 1
40 1 82 1
39 1 87 1
23 1 66 1
10 1 54 1
14 1 38 1
6 1 70 1
41 1 74 1
14 1 38 1
52 1 54 1
74 1 81 1
90 1 96 1
26 1 79 1
84 1 94 1
56 1 59 1
13 1 46 1
50 1 62 1
55 1 57 1
8 1 36 1
29 1 96 1
56 1 63 1
12 1 54 1
32 1 43 1
71 1 81 1
40 1 92 1
36 1 82 1
64 1 86 1
13 1 28 1
32 1 45 1
5 1 93 1
26 1 53 1
87 1 95 1
22 1 95 1
35 1 57 1
10 1 77 1
43 1 69 1
13 1 28 1
47 1 60 1
67 1 92 1
82 1 93 1
31 1 75 1
4 1 19 1
48 1 74 1
2 1 94 1
67 1 74 1
35 1 89 1
58 1 73 1
21 1 36 1
19 1 21 1
1 1 62 1
24 1 61 1
14 1 75 1
8 1 68 1
60 1 94 1
42 1 90 1
26 1 34 1
64 1 91 1
98 1 100 1
85 1 95 1
