100 100
100 100
h 55 14
v 57 15
v 61 18
h 56 16
h 62 11
h 58 18
h 58 16
h 61 13
h 60 17
h 56 15
h 61 17
v 60 9
v 58 22
h 62 14
v 59 15
v 57 11
h 59 17
v 55 11
v 62 10
h 53 14
h 59 16
h 63 13
v 62 9
v 60 10
h 62 13
v 58 14
v 56 14
v 58 11
v 61 11
v 57 12
v 56 13
h 59 19
v 61 20
h 62 12
h 55 15
v 59 17
v 60 14
v 61 12
h 60 10
h 55 18
v 62 15
h 57 16
h 55 16
v 59 21
v 59 12
v 54 14
h 62 15
h 54 15
v 57 18
h 55 12
h 56 18
v 62 11
v 59 14
h 58 13
h 61 12
v 61 9
h 63 11
h 61 16
v 58 15
h 56 17
v 58 10
v 60 12
v 58 12
h 58 20
v 61 10
h 60 20
v 57 19
v 59 18
v 57 13
h 54 16
h 57 18
h 60 14
h 59 18
v 62 13
v 56 12
h 58 19
v 61 8
v 58 20
v 59 13
h 59 15
h 60 18
h 57 17
h 62 16
h 57 14
h 60 13
h 60 16
v 58 21
v 59 16
v 55 13
h 61 18
v 60 20
v 56 18
v 60 13
v 59 20
v 58 16
h 60 15
v 60 19
v 59 19
h 62 10
52 18 54 20
63 13 65 15
55 7 57 24
55 11 65 24
54 7 63 14
53 8 60 19
56 11 60 24
53 7 57 19
60 7 60 24
57 13 63 16
55 8 61 14
57 10 63 18
54 8 60 24
55 11 55 18
54 14 56 22
58 18 61 19
62 15 62 23
57 13 64 17
62 20 63 23
58 15 59 17
54 19 60 22
53 14 57 23
55 9 57 11
52 9 65 9
57 7 58 10
56 14 60 23
56 8 56 23
56 10 58 17
54 9 54 14
53 16 63 23
56 15 56 17
54 8 60 18
54 7 60 21
53 8 64 12
62 8 64 21
52 7 52 10
63 18 65 22
52 8 57 19
62 16 65 17
52 12 65 19
60 9 63 16
59 15 60 15
57 7 64 9
55 20 65 21
59 22 60 24
56 7 58 20
54 12 62 16
53 8 62 22
60 14 62 18
57 10 61 10
52 10 62 19
63 17 64 24
60 10 65 22
53 7 59 17
61 16 62 18
53 20 61 22
55 10 62 24
57 12 58 13
58 14 59 17
61 17 64 21
55 15 60 19
56 18 56 18
60 11 64 13
53 16 61 17
56 20 59 22
54 10 64 21
62 11 63 23
59 12 63 14
52 13 61 19
56 9 60 23
53 7 53 15
54 9 59 20
54 12 63 19
52 21 58 21
53 22 54 23
55 10 56 15
55 11 62 15
53 13 55 23
55 14 63 17
58 14 61 16
52 9 65 16
55 10 56 11
53 16 56 16
60 14 61 19
61 12 63 21
63 7 65 20
52 7 59 24
52 11 64 17
58 14 60 24
63 9 65 16
58 8 63 10
60 17 61 20
55 7 65 16
57 7 63 21
54 7 65 16
65 12 65 19
52 9 62 14
52 21 59 22
54 7 62 9
57 12 65 16
