10 10
100 100
v 9 5
v 5 6
h 9 6
h 7 6
v 8 6
v 4 5
v 10 6
h 9 9
h 5 2
h 7 2
h 5 8
h 7 8
v 8 1
v 5 7
v 3 4
v 6 7
h 1 9
v 3 1
h 2 2
v 2 9
h 1 6
v 4 8
h 9 1
h 2 9
h 9 4
h 8 9
v 8 4
h 5 10
v 6 8
v 9 1
h 3 10
h 8 6
h 7 9
h 4 5
h 4 1
v 1 1
v 1 8
v 7 9
h 6 7
h 7 3
h 6 5
v 9 6
h 5 1
v 6 3
v 6 1
h 7 10
v 4 7
v 9 4
v 1 9
h 1 4
v 8 3
v 4 2
v 6 5
h 4 7
v 5 5
h 2 3
h 8 10
h 2 4
v 1 2
v 7 2
v 10 4
h 7 1
h 2 6
v 2 7
h 4 2
h 3 2
v 7 5
v 5 8
h 1 7
v 2 1
h 1 3
v 3 3
h 9 10
h 2 10
h 2 5
h 9 3
h 1 5
v 7 6
v 10 8
v 3 5
h 8 4
v 2 6
v 10 2
v 8 8
v 7 7
h 6 4
v 9 7
h 4 4
h 3 8
h 6 1
h 4 10
v 2 2
v 1 7
h 3 7
v 9 3
v 6 2
h 4 3
h 5 4
h 8 1
1 2 9 4
2 7 9 8
6 4 10 7
3 4 6 10
7 7 9 10
5 4 6 10
2 1 7 4
7 1 7 4
1 1 9 7
5 8 6 8
1 3 2 4
4 2 4 9
5 7 9 8
5 5 6 9
7 5 10 9
6 2 9 7
2 5 5 9
5 2 8 10
3 3 6 5
1 5 2 8
2 2 10 6
1 7 4 9
4 4 8 10
7 1 9 10
6 2 8 9
6 6 8 9
8 2 10 3
1 1 2 2
10 3 10 10
2 4 3 8
1 8 9 10
6 6 10 8
5 8 9 8
8 8 10 10
4 3 6 6
1 3 4 5
6 5 9 6
2 2 10 5
1 6 4 10
2 4 9 10
8 1 10 6
7 4 9 7
5 6 10 8
1 6 6 7
4 6 8 6
1 1 9 3
1 3 3 10
4 2 6 7
3 1 10 9
1 1 9 1
3 3 4 7
1 4 6 9
2 2 9 9
5 4 5 5
3 1 5 5
5 3 8 5
1 2 5 2
3 3 6 8
1 1 7 3
4 4 5 5
7 3 8 6
3 1 10 6
7 3 9 10
1 2 4 9
5 4 9 9
2 1 5 9
7 9 8 9
2 5 2 8
4 1 10 7
8 9 9 10
2 9 3 9
3 2 6 2
5 7 5 8
6 9 9 10
1 9 4 9
5 3 7 8
6 4 6 6
9 1 10 2
2 7 5 10
5 1 9 3
7 3 9 9
9 5 9 10
6 4 9 10
4 4 4 7
3 2 6 7
4 9 5 9
7 2 9 10
2 3 9 7
2 1 10 1
4 6 6 10
8 3 8 10
3 7 10 10
7 2 7 8
4 2 5 8
3 5 10 6
4 2 6 7
5 2 8 5
5 5 6 6
1 5 5 6
7 6 8 10
