20 5
100 100
v 7 1
h 7 5
h 7 1
h 5 5
h 10 2
v 6 3
h 2 2
v 4 3
v 7 3
h 9 2
h 3 1
h 12 2
h 17 1
h 9 5
v 19 4
h 4 3
h 14 4
h 8 1
h 8 4
h 16 3
v 1 1
h 2 5
h 2 3
h 9 4
h 17 3
v 14 1
v 9 3
v 6 1
v 8 1
h 4 5
h 19 5
h 16 4
v 10 2
v 6 4
h 13 1
h 5 1
v 5 1
v 19 3
v 18 2
h 4 2
v 10 1
h 5 3
v 13 1
v 2 2
h 11 1
v 9 1
h 19 2
v 9 4
h 11 2
v 18 3
v 17 1
h 10 1
h 11 3
v 15 2
v 5 3
h 1 1
h 18 2
h 10 5
h 2 4
v 3 1
v 14 2
h 17 5
v 16 2
h 11 5
v 20 2
h 17 4
v 4 1
h 18 5
h 16 1
v 1 3
v 9 2
h 14 1
v 3 4
h 1 3
v 16 1
v 13 4
h 14 5
h 7 4
v 20 1
v 13 3
v 2 3
v 19 2
v 2 1
h 15 4
v 8 4
h 10 3
h 1 5
h 15 2
h 3 4
h 7 3
h 14 3
h 19 4
v 13 2
v 12 3
v 16 4
v 19 1
v 15 4
h 6 1
h 10 4
16 4 19 5
15 3 17 4
8 1 19 2
16 3 20 3
9 2 13 4
2 1 7 2
6 1 12 4
14 3 20 5
5 4 19 5
11 1 17 3
18 2 18 4
3 1 11 1
6 2 11 2
12 4 15 5
17 2 20 5
15 2 20 4
15 1 19 2
6 2 11 5
5 2 8 2
4 2 6 4
9 3 12 5
1 4 16 4
3 2 9 4
5 2 19 3
4 2 7 5
15 3 18 5
2 1 16 5
12 2 14 3
9 3 17 4
4 4 9 5
6 2 17 3
16 2 19 5
3 4 7 4
5 1 14 1
8 1 12 4
9 1 13 2
6 2 20 5
1 2 15 3
3 3 17 5
10 1 20 5
3 3 19 4
16 3 16 4
11 3 19 5
6 4 14 5
9 2 19 3
1 3 15 5
9 4 19 4
5 2 16 5
1 4 20 5
5 1 14 3
6 4 12 5
7 1 18 2
1 1 17 2
6 1 15 4
4 4 13 4
9 1 15 5
3 1 7 5
7 1 10 3
7 3 14 5
2 4 9 4
14 3 15 4
2 4 8 5
16 2 19 5
7 2 10 4
14 2 16 5
4 2 13 4
5 1 20 5
18 1 19 2
8 1 15 3
8 4 11 5
2 1 19 2
8 3 9 5
11 2 20 4
8 1 17 4
5 1 16 4
16 1 16 4
3 3 16 5
7 1 10 3
11 2 17 5
9 1 17 4
5 5 16 5
14 1 15 1
14 4 19 5
5 4 18 5
17 2 18 2
6 4 14 5
9 1 10 4
5 1 15 4
5 3 15 4
9 2 13 2
1 3 6 4
2 2 9 4
13 5 19 5
15 1 15 4
6 2 12 4
13 2 17 3
13 1 14 2
1 1 14 5
12 2 13 5
4 1 12 5
