100 100
100 100
v 54 62
h 73 79
v 75 79
h 96 94
v 86 90
v 80 80
v 85 89
h 62 65
v 71 73
h 61 65
v 72 76
h 92 91
v 98 94
v 70 72
h 72 78
h 98 97
h 56 64
v 85 88
h 67 70
h 75 80
h 88 91
h 70 73
h 84 88
v 63 65
h 79 81
v 64 66
h 95 94
v 100 98
h 83 88
h 71 75
v 80 81
v 93 91
h 53 62
h 94 94
h 57 64
h 76 81
h 97 94
v 80 85
h 66 69
h 58 64
h 93 93
v 83 87
h 68 72
v 59 64
h 90 91
v 51 59
v 98 95
h 51 60
h 53 60
v 72 77
v 80 86
h 52 60
v 65 68
h 70 72
v 94 93
h 77 81
h 54 64
v 54 61
h 82 88
v 54 63
v 76 80
v 98 96
v 80 82
v 99 97
h 91 91
h 81 87
v 93 92
v 100 99
h 63 66
v 73 78
h 84 90
h 78 81
h 64 68
h 71 74
v 80 84
h 80 81
h 55 64
v 72 75
h 60 65
v 68 71
v 67 69
h 80 87
v 80 83
v 68 70
h 87 91
h 85 90
h 86 91
v 64 67
v 72 74
h 99 97
v 82 87
h 69 72
h 74 79
h 54 62
h 89 91
h 65 69
v 54 60
h 59 65
h 99 98
51 57 96 92
55 60 100 98
53 63 97 93
59 56 94 92
52 60 90 95
52 65 98 89
47 64 95 98
57 59 88 88
55 60 89 99
59 64 93 93
53 66 92 94
50 62 92 92
54 66 87 97
51 56 100 94
49 65 98 96
58 59 96 88
50 65 91 92
60 62 94 89
58 62 89 96
54 57 96 97
57 65 87 100
59 64 87 91
55 59 89 95
52 57 100 99
48 58 95 96
55 57 86 88
50 63 96 92
51 65 91 96
50 65 96 89
60 65 96 97
52 55 95 95
52 56 100 96
47 61 94 91
53 61 86 97
56 61 91 98
51 62 92 89
48 63 92 97
47 56 86 96
54 60 87 99
53 64 86 88
55 66 93 95
52 59 86 95
57 61 100 93
51 65 97 92
57 58 92 96
48 60 95 88
56 62 93 91
49 57 91 93
57 63 97 93
51 57 94 96
59 65 100 92
55 57 94 89
56 58 92 100
53 66 92 95
60 58 96 96
56 60 100 92
60 62 96 91
60 57 100 95
58 63 87 95
47 66 96 88
59 63 86 97
48 60 98 93
60 66 93 93
49 56 92 93
59 58 97 90
53 66 88 96
49 63 94 99
59 61 90 98
54 66 86 91
51 64 87 97
60 64 98 100
59 57 88 91
50 55 96 92
58 57 95 94
59 63 100 94
47 64 91 99
52 62 96 96
54 57 92 93
54 60 100 90
60 59 94 89
53 58 91 94
51 56 92 96
52 57 88 88
49 65 94 90
48 55 91 92
56 55 91 88
58 60 91 88
56 63 94 92
57 61 89 97
48 57 93 93
60 64 86 100
56 60 97 97
51 57 86 92
54 55 86 99
55 66 88 99
60 64 93 97
50 66 98 90
58 64 88 89
56 65 96 92
50 55 97 100
