100 100
100 100
h 35 91
h 67 95
h 54 95
h 97 99
h 77 98
h 22 89
v 40 92
h 85 98
h 56 95
h 98 100
h 21 89
h 53 95
h 91 98
h 37 91
h 74 97
h 28 91
h 79 98
h 52 95
h 46 95
h 33 91
v 94 98
h 87 98
h 58 95
h 49 95
h 60 95
h 76 98
h 64 95
v 60 94
h 71 97
h 68 96
h 73 97
h 69 96
h 23 89
h 82 98
h 95 99
h 94 98
h 55 95
h 40 93
v 25 89
h 80 98
h 94 99
v 71 96
h 42 93
h 25 90
h 31 91
h 83 98
h 50 95
h 48 95
v 64 94
h 84 98
v 80 97
h 86 98
h 66 95
h 24 89
h 26 90
h 44 94
h 88 98
v 46 94
h 89 98
h 81 98
h 65 95
h 99 100
v 44 93
v 68 95
h 75 97
h 90 98
v 98 99
h 29 91
h 32 91
h 59 95
h 57 95
h 45 94
v 65 95
h 51 95
h 34 91
h 62 95
h 93 98
h 38 92
h 98 99
v 74 96
h 78 98
v 76 97
h 41 93
v 27 90
h 85 99
h 72 97
h 61 95
h 39 92
h 96 99
h 36 91
h 47 95
h 43 93
v 38 91
v 85 98
h 63 95
h 30 91
h 92 98
h 27 91
h 70 96
29 90 79 97
17 90 90 97
17 89 83 100
30 91 82 98
19 91 88 97
25 89 87 97
21 89 95 98
35 89 95 98
20 91 84 100
15 89 92 98
19 91 79 100
25 88 83 98
14 89 83 98
34 88 81 100
18 91 85 100
25 91 79 100
34 89 82 99
30 89 82 99
31 89 78 99
28 90 88 98
29 88 78 98
26 89 82 98
24 90 94 97
26 90 85 97
25 88 93 97
29 90 84 98
20 89 98 98
26 90 88 100
17 88 84 98
25 91 99 99
27 90 79 97
15 90 81 97
28 89 91 98
29 88 91 97
16 90 94 100
35 90 89 98
29 89 81 97
23 90 79 100
34 88 85 97
21 91 88 100
18 91 99 98
26 91 84 100
21 88 95 97
16 88 94 99
27 91 79 99
15 90 79 100
20 91 100 100
28 89 87 99
31 90 80 98
16 88 80 97
31 91 91 97
19 91 99 99
31 91 90 100
32 91 86 99
23 91 96 98
34 89 97 97
26 91 93 97
14 90 84 98
35 88 97 97
26 88 82 99
14 88 97 100
16 90 84 97
33 88 93 99
14 90 99 98
35 88 96 99
29 90 87 98
14 90 81 100
14 89 80 98
18 91 98 100
32 90 80 99
31 91 78 100
30 88 99 98
28 91 83 100
29 90 81 97
33 89 92 98
14 88 93 100
24 90 93 99
17 91 86 100
20 90 78 99
30 88 86 98
31 91 83 97
20 88 93 100
16 90 91 100
34 88 95 97
19 91 79 97
35 89 79 100
20 91 94 98
30 89 90 97
22 89 96 97
17 91 81 97
19 91 83 100
14 90 100 98
25 89 82 99
16 89 86 99
21 90 95 97
18 91 84 99
21 91 96 100
16 91 94 98
27 90 87 100
15 88 80 98
