100 100
100 100
h 18 100
h 91 100
h 62 100
h 64 100
h 92 100
h 87 100
h 34 100
h 97 100
v 56 99
h 63 100
h 36 100
h 65 100
h 20 100
h 88 100
h 69 100
h 72 100
h 22 100
h 80 100
h 93 100
h 58 100
v 10 99
h 70 100
h 26 100
h 14 100
h 84 100
h 90 100
h 99 100
h 29 100
h 13 100
h 27 100
h 28 100
v 13 99
h 21 100
h 52 100
h 74 100
v 24 99
h 32 100
h 81 100
h 60 100
h 77 100
h 11 100
v 52 99
v 25 99
h 59 100
h 33 100
h 76 100
h 50 100
h 17 100
v 11 99
h 46 100
h 96 100
h 24 100
h 68 100
h 23 100
h 38 100
h 51 100
h 94 100
h 15 100
h 56 100
h 19 100
h 47 100
h 66 100
h 48 100
h 41 100
h 78 100
h 12 100
h 86 100
h 30 100
h 16 100
h 53 100
h 25 100
h 89 100
h 49 100
h 10 100
h 43 100
h 73 100
v 31 99
h 54 100
h 44 100
h 79 100
h 35 100
h 39 100
h 83 100
h 85 100
h 40 100
h 31 100
h 55 100
h 71 100
h 37 100
h 42 100
h 45 100
h 75 100
h 67 100
v 83 99
h 57 100
h 82 100
h 95 100
h 61 100
h 98 100
18 99 87 99
23 99 81 99
9 99 83 100
5 99 97 100
5 99 97 100
22 99 90 100
13 99 100 100
10 99 75 99
8 99 81 99
12 99 97 100
13 99 85 100
23 99 84 99
12 99 87 100
17 99 89 100
18 99 98 100
21 99 81 100
7 99 75 100
21 99 100 100
10 99 77 99
7 99 81 100
10 99 91 99
14 99 92 99
6 99 91 99
15 99 80 100
4 99 90 99
13 99 100 99
19 99 84 100
20 99 78 99
3 99 89 99
15 99 89 100
11 99 98 99
11 99 75 100
17 99 77 99
20 99 83 99
25 99 76 99
4 99 92 99
1 99 84 100
8 99 98 100
25 99 92 100
17 99 95 100
12 99 78 100
18 99 82 100
8 99 86 100
20 99 88 100
2 99 90 99
25 99 87 99
8 99 93 100
15 99 80 99
19 99 76 100
2 99 78 99
12 99 83 100
6 99 84 99
11 99 90 99
18 99 96 99
13 99 99 100
23 99 92 99
23 99 75 99
8 99 81 99
21 99 91 100
8 99 84 99
15 99 75 100
3 99 93 99
18 99 93 99
11 99 96 100
8 99 100 100
12 99 76 100
10 99 88 100
18 99 88 100
2 99 81 100
10 99 77 99
25 99 80 99
2 99 94 99
23 99 91 100
24 99 99 99
25 99 91 100
13 99 92 100
13 99 90 100
12 99 82 99
5 99 76 99
22 99 98 99
22 99 84 100
8 99 84 100
19 99 88 99
9 99 78 99
6 99 89 99
11 99 81 99
13 99 81 100
20 99 100 100
22 99 77 100
24 99 96 99
3 99 99 100
18 99 99 100
7 99 87 99
6 99 88 99
11 99 80 100
23 99 96 100
24 99 88 100
11 99 96 99
20 99 78 99
15 99 91 100
