10 10
100 100
h 1 1
h 2 1
h 3 1
h 4 1
h 5 1
h 6 1
h 7 1
h 8 1
h 9 1
v 1 1
v 1 2
v 1 3
v 1 4
v 1 5
v 1 6
v 1 7
v 1 8
v 1 9
v 2 1
v 2 2
v 2 3
v 2 4
v 2 5
v 2 6
v 2 7
v 2 8
v 2 9
v 3 1
v 3 2
v 3 3
v 3 4
v 3 5
v 3 6
v 3 7
v 3 8
v 3 9
v 4 1
v 4 2
v 4 3
v 4 4
v 4 5
v 4 6
v 4 7
v 4 8
v 4 9
v 5 1
v 5 2
v 5 3
v 5 4
v 5 5
v 5 6
v 5 7
v 5 8
v 5 9
v 6 1
v 6 2
v 6 3
v 6 4
v 6 5
v 6 6
v 6 7
v 6 8
v 6 9
v 7 1
v 7 2
v 7 3
v 7 4
v 7 5
v 7 6
v 7 7
v 7 8
v 7 9
v 8 1
v 8 2
v 8 3
v 8 4
v 8 5
v 8 6
v 8 7
v 8 8
v 8 9
v 9 1
v 9 2
v 9 3
v 9 4
v 9 5
v 9 6
v 9 7
v 9 8
v 9 9
v 10 1
v 10 2
v 10 3
v 10 4
v 10 5
v 10 6
v 10 7
v 10 8
v 10 9
4 2 10 7
4 3 9 7
2 3 6 8
3 3 9 9
4 2 10 8
4 2 8 9
3 2 8 7
4 2 8 6
3 3 10 9
2 2 10 8
3 2 6 7
2 3 8 9
3 2 7 9
2 2 10 10
3 2 6 9
3 4 10 9
3 2 9 8
3 2 9 7
4 4 10 9
3 3 6 10
3 2 7 7
3 4 7 9
4 4 9 6
4 4 6 6
3 2 8 10
2 4 7 7
2 4 7 8
3 3 8 10
4 4 8 9
2 4 6 6
3 4 10 6
4 4 6 10
3 2 10 10
3 4 10 7
2 3 10 10
2 4 7 6
4 4 9 9
3 4 6 8
2 3 10 8
3 3 6 10
2 2 6 8
2 3 7 9
2 2 6 10
4 4 7 6
3 3 8 7
2 4 7 6
4 3 9 8
4 2 10 10
2 2 9 7
3 4 6 9
2 4 9 10
2 2 10 6
3 4 9 9
4 3 10 7
2 4 7 6
3 4 6 6
4 4 7 7
4 4 7 6
4 3 10 8
2 2 7 9
2 2 7 6
2 3 7 6
3 2 10 9
2 4 9 8
2 2 9 9
2 2 9 6
4 4 9 8
4 2 8 10
4 2 7 8
3 3 6 10
3 4 10 7
4 2 10 10
2 2 10 8
4 3 7 9
2 3 9 7
2 2 6 10
4 4 10 7
2 4 10 8
2 4 10 6
4 4 6 7
3 2 10 8
4 2 8 6
3 2 8 7
2 2 8 6
2 4 7 9
2 2 9 10
3 4 8 7
4 3 8 6
4 2 9 8
4 2 6 7
4 4 7 7
3 2 10 10
3 2 8 8
2 3 6 6
2 3 8 9
2 2 8 8
4 4 7 7
3 3 9 10
3 4 9 8
4 3 8 9
