100 100
100 100
h 52 41
h 47 41
v 58 45
h 52 58
v 37 54
h 55 41
v 58 46
h 42 41
h 46 41
v 58 47
v 37 49
h 37 66
h 42 66
h 47 58
h 44 41
v 37 59
v 37 47
v 58 56
v 58 41
h 51 58
v 45 55
v 37 48
h 45 49
h 49 41
h 43 41
h 45 41
h 47 49
v 45 51
h 43 66
v 45 50
v 37 46
v 45 57
v 37 44
h 57 41
h 46 58
h 46 49
v 58 42
h 56 58
v 37 63
h 51 41
v 37 52
h 39 41
v 37 62
h 40 66
v 45 53
v 45 49
v 37 45
v 37 50
v 37 41
h 48 58
h 53 41
v 37 65
v 58 48
v 37 56
v 37 64
h 39 66
v 37 51
v 37 53
v 58 44
h 53 58
h 44 66
v 45 54
v 58 57
h 50 41
h 54 41
h 50 58
v 37 42
h 55 58
h 41 66
h 49 49
h 40 41
v 45 56
v 58 51
v 45 52
v 58 55
h 56 41
v 50 49
v 58 52
v 37 58
v 37 43
h 48 41
h 45 58
h 54 58
v 37 61
h 38 66
v 37 60
v 58 50
h 57 58
v 58 53
v 58 54
v 58 49
h 38 41
h 49 58
v 37 55
h 48 49
v 58 43
h 37 41
v 37 57
h 41 41
28 8 86 46
3 8 52 32
3 19 71 34
64 42 95 79
78 10 99 20
38 27 51 67
34 21 87 53
26 67 62 96
81 84 99 85
92 6 100 6
13 33 53 69
83 13 99 18
44 43 73 49
23 62 87 75
40 16 73 31
48 29 70 83
3 46 5 72
28 6 40 27
29 9 71 58
15 56 45 65
5 42 88 90
66 19 100 55
20 42 34 85
22 48 73 97
21 83 66 95
21 8 35 38
85 33 100 85
24 30 60 52
41 30 70 81
28 74 75 79
26 6 32 59
75 3 96 62
3 24 81 56
14 17 99 48
25 38 35 70
43 51 85 53
10 60 82 93
93 32 95 76
18 54 62 93
72 23 97 35
14 14 79 47
47 11 98 63
36 55 57 94
22 11 67 26
30 28 37 48
54 56 89 85
17 26 76 44
49 9 76 70
77 68 82 92
32 2 91 100
41 43 64 76
37 10 75 91
18 40 75 54
20 6 61 42
20 20 48 47
23 3 26 38
69 42 91 99
49 36 86 41
21 53 59 76
86 15 96 95
25 59 92 81
29 50 35 67
39 23 91 38
64 45 66 62
15 40 37 89
16 20 27 77
15 54 22 66
41 28 86 79
74 14 85 41
87 61 96 96
50 22 92 93
86 24 96 90
63 17 70 27
3 41 25 76
15 12 50 71
39 18 96 100
11 3 74 10
35 6 85 18
38 3 83 94
28 23 73 78
52 42 98 71
6 3 67 8
1 26 22 85
18 37 51 46
1 39 4 90
3 12 84 73
60 14 90 79
55 40 63 58
31 25 94 52
26 40 42 95
29 3 30 92
85 25 88 74
8 8 87 100
38 78 51 90
56 30 58 61
8 9 34 64
60 72 62 83
48 18 60 32
66 58 84 94
4 30 32 36
