100 100
100 100
h 72 20
v 34 36
h 49 20
v 50 50
v 34 22
h 34 20
h 74 20
h 38 51
v 34 43
v 34 24
v 34 28
h 40 51
h 34 51
h 46 20
v 34 50
h 54 20
h 66 20
h 52 20
h 70 20
h 48 51
v 34 40
h 46 51
v 34 48
h 77 20
h 35 51
v 34 31
h 62 20
h 76 20
h 69 20
h 56 20
h 65 20
v 34 32
h 39 20
h 36 20
v 34 30
h 79 20
v 34 46
h 43 51
h 47 20
v 80 21
v 34 35
v 34 27
v 34 37
h 61 20
v 34 44
v 80 22
h 40 20
h 35 20
h 44 51
v 34 41
h 78 20
v 34 23
h 67 20
h 64 20
h 37 51
v 80 24
h 59 20
h 42 20
v 34 25
h 43 20
h 36 51
h 39 51
v 34 33
h 58 20
v 34 49
h 45 51
h 68 20
v 34 39
v 34 45
h 53 20
v 34 42
v 34 26
h 48 20
v 34 47
v 34 20
h 41 51
h 42 51
v 34 21
h 38 20
v 80 23
h 73 20
h 37 20
h 60 20
h 75 20
v 34 38
h 49 51
h 45 20
v 34 29
v 80 20
h 57 20
h 55 20
v 34 34
h 51 20
h 41 20
h 71 20
h 44 20
h 47 51
h 50 20
h 63 20
13 10 19 50
11 41 37 61
40 7 98 84
26 24 75 32
25 36 38 62
66 14 100 65
28 12 36 85
55 16 74 32
68 26 92 42
72 29 78 43
17 13 20 25
18 52 40 95
9 21 74 52
16 66 41 88
4 30 36 31
6 43 87 92
33 55 76 73
49 3 69 49
2 8 74 10
70 68 86 87
50 16 100 61
21 48 83 81
72 35 75 42
9 22 50 28
54 3 93 25
63 4 99 79
3 26 17 61
3 44 22 98
42 22 77 40
8 47 49 70
33 24 74 38
10 20 24 94
5 36 96 48
6 18 88 93
61 54 95 55
5 32 86 66
70 47 96 56
21 1 84 28
33 49 99 66
75 77 85 90
45 17 59 53
72 35 86 45
27 50 66 52
33 21 33 38
50 15 86 66
92 40 94 50
20 7 57 70
54 18 89 61
43 7 85 77
12 23 16 98
38 10 73 30
20 3 62 69
63 19 98 84
31 18 33 98
42 1 88 7
25 38 46 83
70 5 86 50
27 31 43 56
63 47 82 55
40 1 81 77
52 72 60 86
43 45 78 84
33 30 88 45
5 42 42 89
10 30 94 63
7 38 33 91
52 78 83 80
24 96 70 100
58 64 90 89
59 20 93 44
5 18 10 48
39 56 52 82
19 64 57 85
42 28 56 59
60 55 94 62
67 13 88 26
3 87 58 98
34 41 37 46
36 41 50 77
82 15 99 73
33 7 100 70
3 29 83 61
65 14 75 43
70 43 78 95
55 18 96 35
62 63 68 75
29 43 76 83
67 54 71 97
22 15 73 50
31 44 39 78
6 56 22 74
18 30 85 39
54 32 99 54
18 62 45 67
40 9 54 30
33 70 75 97
3 26 34 61
6 22 60 36
1 30 100 54
43 11 46 27
