5
100 100 20
0 0 4 5 0 3 0 0 0 3 3 0 0 0 1 1 0 1 0 1 3 0 4 0 0 0 0 5 0 0 5 0 2 0 1 3 5 0 1 0 0 0 0 3 5 0 0 0 2 0 0 0 2 0 0 0 0 0 0 0 0 0 5 4 2 0 0 5 0 5 0 0 2 4 0 0 4 2 2 2 0 0 2 0 0 0 0 4 3 0 0 3 0 5 0 0 0 4 0 1
2 6 0 0 1 6 4 0 0 0 0 4 5 1 3 5 4 0 0 1 0 4 0 3 0 3 0 1 0 4 5 3 2 1 0 0 0 0 1 0 0 0 0 0 0 0 0 3 0 3 4 0 0 0 0 0 3 2 4 0 4 0 3 2 0 0 0 6 3 0 2 2 0 1 1 0 0 3 4 1 6 0 6 0 0 0 0 6 0 0 4 3 0 4 1 0 0 4 0 0
0 0 4 7 0 0 4 0 0 4 4 1 5 5 4 0 1 5 4 0 0 3 0 1 0 5 0 0 6 6 0 3 1 7 7 6 6 3 0 3 0 0 0 3 0 0 0 7 4 2 0 3 4 0 0 5 2 2 0 0 0 5 6 0 6 0 0 3 1 2 0 2 3 0 6 1 3 0 7 7 3 7 0 1 0 7 2 0 0 0 6 4 6 0 4 5 3 0 0 0
3 0 0 1 7 1 4 2 8 7 0 8 1 2 4 1 6 3 4 5 0 7 7 7 0 3 2 2 0 5 8 0 5 7 0 2 0 0 3 1 0 0 6 7 0 5 4 8 7 0 1 1 2 6 0 8 7 7 3 0 3 1 7 6 6 7 3 5 1 0 0 0 0 3 1 0 0 4 0 5 6 0 8 6 0 5 5 7 5 2 4 8 0 2 0 8 0 0 0 2
0 1 9 7 0 3 8 3 6 9 3 4 2 3 0 0 6 6 8 0 1 2 0 5 8 2 2 8 4 3 3 7 5 4 4 5 6 2 0 0 7 0 0 7 2 9 8 5 4 4 5 0 7 7 0 1 3 4 6 2 5 9 8 7 1 4 0 0 3 3 0 7 7 2 2 6 0 4 6 4 2 2 4 0 6 0 3 7 4 0 8 9 2 9 5 9 0 1 0 2
5 4 1 0 7 5 10 0 4 9 4 1 5 0 1 8 1 0 1 5 0 10 10 3 2 7 8 7 8 4 9 0 6 4 10 9 2 3 10 0 3 10 6 4 8 10 7 6 5 3 4 4 4 10 8 7 8 9 6 4 2 7 10 6 8 1 2 5 8 9 9 5 3 3 9 7 9 8 4 10 7 0 2 0 9 2 9 1 4 4 10 9 8 5 2 10 0 7 6 0
9 9 11 9 7 10 4 5 7 7 3 3 2 2 9 6 10 2 4 8 9 6 4 2 8 2 5 7 7 10 5 8 1 2 10 6 5 7 11 7 4 11 7 4 6 7 3 7 10 11 2 10 7 4 3 10 6 4 2 7 11 2 8 10 11 7 4 4 10 7 5 10 8 2 7 3 11 8 2 10 6 11 10 6 4 1 10 3 1 9 5 8 7 7 3 8 4 10 5 2
12 5 11 6 12 3 7 12 3 12 11 9 2 6 7 6 10 3 5 9 5 10 12 6 10 10 12 9 8 7 5 5 5 7 11 10 2 2 2 9 4 7 2 8 12 11 5 9 12 5 12 12 12 12 5 12 6 10 3 7 5 10 6 7 9 3 10 8 10 4 11 10 12 9 8 7 4 12 8 2 9 8 11 6 6 9 10 11 4 6 5 2 10 12 6 8 10 6 10 7
8 8 4 6 7 10 9 7 6 9 11 9 5 7 12 9 4 4 11 12 5 13 13 11 10 8 10 3 12 13 12 13 7 13 11 4 13 6 7 3 9 6 8 7 8 9 11 13 3 13 13 4 9 3 11 6 8 10 4 6 13 3 12 9 7 13 11 12 9 13 6 8 7 10 9 5 7 4 10 13 5 9 11 12 5 7 3 9 5 9 5 13 5 6 8 3 4 11 9 3
9 5 13 7 13 9 5 12 8 11 4 4 13 8 10 14 6 12 11 14 4 10 13 14 7 11 9 7 4 6 10 12 11 11 7 8 9 9 10 13 4 6 14 7 8 4 8 14 8 10 8 5 8 9 4 4 5 12 13 11 11 5 9 7 14 4 10 8 8 9 12 4 11 10 13 4 12 11 5 13 4 4 13 7 10 6 5 6 10 8 14 11 6 10 8 8 12 8 10 6
5 14 10 14 9 14 15 14 12 12 9 7 14 15 14 12 11 8 5 14 14 13 11 8 7 9 13 7 9 13 15 5 10 10 10 13 6 13 15 9 11 11 8 12 11 7 12 13 5 8 7 12 12 13 10 15 15 14 13 11 5 8 8 6 14 10 5 8 12 6 7 8 10 12 7 8 9 11 11 6 12 5 13 10 15 12 14 10 12 8 8 9 12 8 9 12 13 6 5 6
13 16 13 16 6 7 10 11 10 12 13 9 10 14 10 16 11 16 16 11 13 13 8 9 9 14 9 13 15 8 6 12 16 16 13 11 7 9 13 8 13 13 11 10 15 16 13 15 16 8 15 13 11 11 11 7 12 12 9 12 15 13 9 15 8 7 12 15 15 14 14 13 8 9 6 12 8 15 13 7 8 9 15 15 10 10 13 12 9 7 15 6 9 9 6 6 13 16 14 10
9 15 14 12 17 10 13 11 16 8 7 15 11 7 16 12 9 16 9 15 14 9 17 14 14 9 11 11 7 7 8 14 17 8 8 14 10 9 11 10 8 16 7 7 10 15 10 12 7 12 11 15 8 16 10 8 14 11 9 17 7 16 9 10 16 12 15 11 12 15 15 16 11 13 13 16 14 17 8 13 11 9 10 15 16 7 11 16 7 12 15 7 9 17 16 16 15 10 12 14
14 8 17 16 11 8 13 13 18 12 9 14 9 13 14 16 13 11 18 18 17 18 11 13 13 8 17 10 15 17 17 13 18 15 18 10 11 9 16 10 11 18 17 16 13 14 10 17 12 8 9 17 17 14 11 11 14 12 15 18 17 12 17 18 18 10 17 10 16 8 13 17 10 16 13 9 17 18 17 18 17 8 15 18 15 17 18 14 9 14 10 15 16 9 8 16 11 9 8 11
13 19 19 13 13 12 15 11 11 12 18 16 9 11 17 15 16 12 12 12 18 14 13 18 16 18 12 11 10 12 15 15 12 12 11 10 16 14 16 16 13 11 15 18 14 18 14 16 17 16 17 13 14 18 14 14 13 17 13 10 16 12 12 14 12 18 12 10 17 15 13 16 14 18 19 17 17 19 15 10 16 17 19 17 17 11 16 12 9 14 12 13 15 18 19 16 14 12 16 14
16 15 10 18 12 16 12 18 14 19 17 14 10 11 11 13 12 11 18 13 18 20 11 18 11 18 11 14 19 10 15 14 11 13 11 13 10 17 18 17 16 17 15 15 13 12 12 16 14 15 10 15 13 17 18 16 19 12 10 10 10 19 11 18 17 17 12 15 17 10 13 18 12 14 14 17 12 16 13 15 15 13 15 16 20 11 12 15 15 13 13 17 19 17 11 16 19 18 16 17
12 21 20 19 15 16 21 19 18 19 18 13 16 12 13 19 19 13 20 11 19 16 17 13 12 15 16 11 19 20 18 20 14 15 21 12 16 14 12 17 16 21 13 18 11 18 20 18 20 12 21 18 18 12 21 21 14 17 20 18 21 14 12 11 13 14 15 18 12 11 11 13 21 18 18 21 14 12 21 15 12 18 15 19 17 11 12 21 13 19 16 16 13 11 16 13 16 19 16 15
17 17 14 20 21 18 19 20 19 22 16 21 22 21 21 19 16 16 12 15 13 20 21 19 17 22 21 22 21 16 20 20 13 18 18 14 15 17 13 13 21 13 19 16 17 13 18 13 15 21 14 15 17 13 12 17 19 19 17 13 17 22 14 16 17 12 19 22 14 22 12 22 20 22 17 16 15 22 12 15 20 21 13 13 18 19 20 19 19 13 21 14 22 22 19 12 15 13 13 13
23 14 17 18 19 21 16 18 19 19 14 16 16 18 16 20 17 13 15 20 17 16 13 22 22 19 14 20 20 19 20 20 21 17 21 17 13 14 14 13 13 23 16 16 18 18 22 16 18 14 17 16 22 15 18 14 15 14 15 22 13 18 16 14 21 19 13 15 21 14 22 18 23 17 14 18 19 19 23 15 21 20 20 15 19 19 22 16 17 20 23 23 13 21 22 22 22 19 17 19
22 19 24 19 15 16 22 18 19 22 16 20 15 14 18 21 19 21 14 22 14 20 19 22 19 20 21 16 14 16 19 18 16 24 19 21 19 20 21 24 15 22 15 22 19 15 21 18 15 24 24 14 21 18 16 17 20 14 20 14 23 16 15 20 17 19 24 22 21 23 22 24 19 18 16 14 20 22 21 23 21 14 24 23 15 23 17 23 17 17 15 15 20 16 14 18 23 21 23 21
18 18 25 20 19 23 23 23 23 23 19 20 16 21 18 24 25 15 18 20 16 23 21 19 18 18 23 21 22 18 24 15 23 22 17 24 23 17 16 18 22 22 17 22 19 25 21 19 24 16 17 18 20 22 17 25 20 24 24 16 22 20 16 19 20 24 20 23 15 21 19 24 18 20 20 15 20 23 25 19 22 17 15 21 18 15 24 25 15 17 17 20 20 25 21 15 18 19 19 16
25 25 20 18 20 23 17 20 24 21 23 22 21 20 25 23 21 26 19 17 20 26 23 21 24 19 25 18 17 26 18 16 19 22 20 26 19 24 17 20 26 20 19 21 25 19 21 22 26 21 16 25 25 25 18 24 24 25 26 22 20 18 22 17 25 20 18 21 23 22 17 18 16 16 24 19 22 17 16 24 18 17 20 16 17 26 26 25 20 21 17 21 21 20 24 21 21 26 18 17
25 26 25 17 17 27 24 22 25 19 17 24 22 17 19 19 25 27 19 27 17 25 19 22 21 25 18 21 19 22 17 20 19 24 25 27 27 22 17 21 24 24 22 26 19 26 19 19 22 26 22 24 27 26 18 23 18 19 26 22 20 22 26 21 21 19 23 25 24 21 22 22 22 20 24 25 20 18 19 25 20 21 22 20 27 24 25 19 24 22 26 26 17 21 23 21 25 23 24 19
22 18 24 21 25 22 24 26 28 22 23 25 20 28 18 23 23 20 28 20 20 24 18 27 25 28 22 27 27 21 23 22 25 28 24 28 24 20 23 19 23 20 28 21 28 18 24 19 25 21 28 22 22 22 27 20 22 24 20 20 19 25 28 26 20 22 22 28 19 28 19 26 25 23 26 19 20 18 28 20 22 27 23 19 27 25 23 26 21 18 18 19 28 18 18 20 19 25 21 22
28 21 22 24 21 25 23 22 21 21 20 28 22 25 20 19 28 25 24 23 29 21 24 24 22 24 22 21 27 24 22 19 25 25 25 19 19 19 21 29 19 21 21 24 22 19 23 24 26 23 26 29 27 26 23 19 26 29 25 26 24 29 26 19 25 26 20 23 20 21 27 26 22 20 25 27 27 21 28 21 29 27 22 24 20 19 25 20 23 21 29 28 22 19 27 21 22 27 22 24
27 25 24 23 22 22 30 20 25 20 22 27 26 25 30 20 28 29 25 27 28 23 30 30 21 28 29 29 24 29 30 21 24 20 21 23 21 23 23 21 25 26 21 29 29 27 24 23 20 29 21 25 24 30 21 25 26 27 23 20 29 25 29 26 26 29 30 28 28 25 28 28 28 20 27 22 20 23 25 30 20 26 28 25 20 23 29 26 24 21 22 25 20 29 22 25 28 20 29 24
25 24 25 28 28 24 21 23 28 23 21 29 27 23 31 23 27 28 21 29 29 21 30 24 31 25 28 23 24 27 29 22 25 23 26 21 24 31 25 24 27 28 28 21 26 29 27 23 24 21 24 27 25 27 30 24 30 24 22 28 27 22 26 23 26 30 31 21 24 26 22 23 21 24 31 25 24 21 21 21 30 27 28 25 29 22 23 30 29 29 25 30 24 27 30 21 29 25 24 30
22 28 29 27 25 26 25 30 23 31 22 27 26 27 23 26 26 24 26 32 24 25 24 25 24 22 22 23 32 28 27 30 23 25 27 27 22 25 24 24 22 22 29 26 32 27 31 27 28 29 29 26 28 32 30 30 24 31 26 28 25 31 27 23 32 24 26 25 31 32 25 22 27 26 30 22 28 28 23 24 24 24 30 31 29 22 27 23 22 31 26 30 22 28 30 30 26 24 26 22
33 31 27 24 26 24 27 32 32 25 33 29 26 23 33 27 27 26 33 27 27 29 29 23 23 29 26 33 29 32 24 29 23 29 27 29 23 31 32 23 33 25 32 25 31 33 27 31 25 30 26 31 23 26 33 29 23 32 23 26 33 32 30 32 26 24 30 30 29 30 24 26 25 29 29 25 24 24 29 24 32 31 23 32 24 33 29 29 31 29 32 26 23 30 28 29 24 24 25 28
26 28 34 27 25 32 26 34 24 29 32 32 34 24 26 29 32 29 28 28 33 28 32 25 27 24 28 26 26 27 34 34 29 24 25 27 26 31 33 29 24 28 32 27 30 29 26 34 31 31 24 28 32 24 27 31 33 25 27 28 30 30 24 25 27 33 28 30 32 25 32 30 27 27 34 32 28 25 26 27 33 32 30 34 25 28 27 31 27 30 30 33 25 26 25 24 24 30 30 26
25 34 31 35 33 26 34 27 28 34 35 28 28 28 30 33 31 28 34 29 31 28 31 35 29 32 26 27 28 32 28 30 25 27 34 34 35 27 34 29 25 32 25 28 30 35 26 31 34 26 34 35 26 27 31 35 27 26 30 32 28 33 34 33 32 32 26 32 32 29 32 32 30 28 26 35 31 31 32 25 30 26 33 26 30 30 28 31 32 30 33 30 33 32 27 33 26 25 27 34
28 28 30 31 34 35 28 26 31 28 32 33 28 26 28 35 28 28 36 28 26 34 34 27 34 32 28 33 27 34 26 28 30 30 29 26 29 31 35 36 31 28 26 31 29 33 27 29 33 36 36 28 27 35 27 28 30 36 31 27 31 32 36 26 31 26 27 26 34 31 30 35 26 36 29 31 36 31 34 31 27 26 32 27 26 29 36 34 33 30 34 30 27 33 28 31 31 28 28 31
35 33 32 29 35 36 35 29 32 30 28 27 30 30 29 31 27 30 29 28 27 27 34 33 33 29 27 33 35 37 30 37 35 32 32 30 33 37 35 27 31 34 36 34 33 34 32 37 36 27 35 29 32 29 27 32 28 33 37 37 33 27 31 27 29 29 31 29 34 37 34 29 29 34 35 27 37 32 31 35 31 27 32 37 37 33 28 29 27 32 27 30 28 27 31 34 32 36 28 32
30 36 32 28 32 29 37 32 37 38 29 38 37 37 31 30 34 30 30 34 28 31 30 28 30 38 36 33 33 30 31 34 30 35 28 34 36 37 35 33 37 29 33 32 38 29 32 32 30 37 28 28 36 33 34 28 28 33 36 33 29 37 28 31 34 34 30 36 37 28 31 28 30 30 28 37 30 29 34 28 31 36 31 36 35 30 29 32 32 30 31 33 29 37 31 30 34 28 35 31
33 34 33 35 39 29 36 37 30 29 32 29 37 33 36 34 32 30 37 38 31 31 33 35 36 34 34 35 33 32 31 39 37 34 30 33 29 35 38 36 31 32 37 32 38 31 38 30 29 37 38 38 29 38 32 30 29 38 38 37 39 34 34 38 32 30 38 29 35 35 39 38 30 39 34 31 31 33 34 35 38 31 33 37 38 37 33 30 34 36 33 38 34 39 32 38 39 30 34 30
35 34 37 33 31 40 33 37 33 40 34 37 34 30 38 33 37 31 31 39 38 40 36 35 38 37 32 30 35 39 36 31 39 34 32 32 34 32 31 30 30 30 32 36 39 38 32 37 30 31 35 31 37 38 33 39 33 36 32 37 30 33 33 37 38 30 31 33 33 35 39 37 38 36 35 39 30 30 34 31 34 34 30 36 39 31 32 32 40 38 38 37 36 35 32 37 33 32 39 38
32 34 36 33 35 37 38 37 36 38 40 37 32 31 31 33 31 40 37 34 41 31 32 31 34 36 41 39 39 36 35 41 33 35 40 36 37 32 41 35 36 39 31 41 33 37 33 35 39 40 40 34 33 36 37 31 37 36 32 41 31 38 38 41 41 39 39 32 31 41 31 35 31 31 35 38 41 41 38 34 40 39 40 39 36 39 32 39 37 41 33 36 33 39 39 31 40 32 41 34
42 38 42 42 32 35 41 36 38 40 32 40 41 37 34 37 38 32 36 38 38 38 35 32 39 39 36 38 35 41 32 35 41 33 41 41 42 39 34 34 33 32 34 42 33 42 34 33 34 34 33 39 34 42 38 39 38 34 36 41 33 38 37 36 36 40 34 41 40 39 39 36 41 42 41 33 39 40 41 41 36 36 32 42 35 35 38 40 39 40 38 42 37 34 42 34 32 34 42 36
40 40 34 33 40 36 33 41 41 36 43 34 36 41 33 36 40 37 34 34 43 33 33 35 38 37 33 34 40 35 35 43 34 39 36 35 41 41 36 35 38 38 41 40 41 38 43 34 33 33 40 39 39 35 38 33 42 37 35 43 39 42 35 37 36 39 42 34 42 42 35 34 41 36 39 41 38 42 41 38 34 40 36 37 35 43 41 36 42 34 33 40 43 33 35 36 41 39 34 41
39 41 37 39 40 39 34 41 43 34 39 41 38 36 44 41 42 42 36 34 36 42 40 40 41 38 36 41 37 34 41 39 44 36 39 38 38 42 35 40 35 38 39 38 40 42 37 39 36 38 37 35 37 35 35 37 44 44 39 35 35 43 41 42 40 42 41 36 35 38 35 37 38 34 40 41 34 37 40 36 41 43 36 43 37 42 42 38 39 40 38 36 38 40 41 40 39 43 39 38
45 45 39 42 45 41 41 40 39 41 38 36 36 35 44 41 36 36 41 41 35 42 40 43 44 39 43 41 35 40 36 37 43 39 41 44 40 35 44 38 42 37 43 41 35 35 40 40 35 42 38 44 44 44 43 38 41 42 43 43 35 44 42 40 44 40 38 45 41 35 38 41 43 42 37 39 44 40 37 37 43 45 39 40 40 40 40 41 35 44 39 45 36 40 41 45 42 40 42 38
36 43 42 41 38 37 40 46 36 40 44 36 41 38 36 37 45 40 42 37 38 46 46 42 46 42 41 36 44 39 37 43 43 43 42 43 41 37 37 36 39 44 36 41 45 39 41 37 41 40 38 45 45 43 45 40 37 42 45 42 39 46 45 43 36 45 45 42 45 45 40 37 45 42 45 42 41 42 39 44 43 45 39 43 42 45 46 40 38 42 43 36 43 43 46 44 44 41 38 36
44 38 43 39 42 39 37 40 42 44 44 44 39 39 43 44 46 47 37 42 43 43 46 37 39 43 47 45 37 40 38 43 47 46 37 44 44 47 37 39 37 44 42 42 38 40 39 44 43 43 43 37 44 43 37 46 44 40 43 38 47 40 38 37 38 39 38 40 44 42 37 47 37 45 44 41 46 40 40 39 46 40 37 39 38 39 47 44 45 39 47 45 38 46 47 40 46 41 44 39
38 47 44 44 45 48 42 44 41 45 39 46 44 48 38 48 41 48 47 48 48 48 40 44 40 41 39 48 38 40 47 38 39 48 40 42 46 45 38 47 48 38 42 46 43 38 45 38 41 39 43 42 48 48 47 48 43 40 43 41 46 46 40 40 41 48 44 46 41 42 42 44 42 48 40 46 42 43 48 43 41 48 41 42 42 38 43 45 46 39 45 46 43 46 40 46 39 40 40 48
43 47 46 43 39 45 39 43 44 41 45 46 40 42 41 40 39 41 39 44 39 39 39 48 47 41 49 40 42 41 46 40 49 47 49 44 43 45 43 40 43 46 41 43 43 48 42 41 46 46 41 44 45 39 40 47 39 43 39 40 42 44 47 45 47 45 40 49 44 48 43 42 44 44 48 43 44 40 46 39 42 44 44 46 43 45 43 41 49 41 43 47 46 46 40 39 39 47 44 43
41 44 49 47 46 46 45 49 41 47 44 45 47 46 50 43 43 46 46 50 40 50 46 49 44 50 40 47 43 48 46 42 45 49 44 50 50 47 50 41 43 43 41 43 48 42 47 45 41 50 40 44 46 47 46 43 42 46 45 49 50 47 41 47 40 47 49 48 41 43 41 42 46 46 48 43 40 48 43 42 44 44 47 48 40 47 41 49 44 49 42 41 42 40 44 50 48 45 43 41
49 49 50 50 45 44 43 50 45 50 51 46 41 45 50 48 42 44 42 51 42 44 45 42 44 43 48 51 42 46 43 51 42 41 48 41 48 47 42 49 47 50 50 47 50 48 45 45 43 51 42 48 44 48 46 44 47 47 41 44 51 50 48 51 49 50 42 48 49 46 49 42 43 51 41 46 48 47 41 50 45 47 44 43 42 46 47 44 48 43 42 41 46 44 48 42 41 49 45 43
45 47 49 51 50 52 49 50 52 49 45 45 49 43 50 50 49 52 44 45 43 43 48 42 52 42 46 50 43 48 47 43 48 45 51 46 49 52 42 42 52 51 45 42 51 48 51 44 45 51 47 49 43 50 48 45 51 50 49 49 48 44 45 46 48 44 44 45 42 44 43 42 48 47 45 49 48 44 46 48 42 45 42 50 52 52 51 47 44 45 50 46 44 52 46 44 45 51 51 44
48 44 51 50 49 49 53 53 45 44 43 46 45 49 47 52 50 47 43 47 46 45 45 52 51 52 43 44 51 43 46 52 48 48 51 45 52 47 44 45 47 52 52 51 51 49 47 50 53 52 47 49 47 45 45 53 43 46 53 51 48 50 45 47 45 47 50 45 51 53 53 49 43 46 45 51 53 51 49 51 47 46 51 53 50 50 46 48 50 50 48 47 47 43 45 44 46 49 46 53
50 48 50 47 54 51 46 49 54 52 49 51 52 53 50 54 45 49 48 51 51 51 53 45 50 44 50 52 50 51 50 52 46 51 46 48 53 50 51 44 51 44 52 47 49 50 50 53 47 52 47 51 52 53 48 52 45 52 47 48 45 52 54 50 45 46 52 47 51 53 54 53 47 54 49 53 51 49 49 53 45 54 49 50 53 47 50 49 53 46 49 45 52 54 53 45 47 48 54 49
53 49 48 54 45 49 53 52 50 49 52 45 47 52 48 54 50 47 47 52 54 47 49 46 46 53 55 50 48 50 55 51 53 53 47 50 45 54 48 55 49 55 50 51 45 55 46 47 53 45 51 48 51 50 51 47 53 49 55 52 51 47 49 46 54 47 53 52 49 55 51 50 46 46 46 49 46 47 52 45 48 49 52 50 55 54 53 50 46 45 51 51 46 49 53 51 47 51 54 51
47 51 49 55 52 55 56 47 53 46 55 52 56 48 46 56 51 49 48 56 46 54 47 52 52 48 55 47 56 47 46 55 49 55 51 54 55 52 50 48 48 52 51 52 55 56 52 48 51 51 49 55 55 48 46 49 51 53 54 49 52 54 49 56 49 51 47 54 54 51 49 56 50 56 48 46 48 52 54 50 46 50 50 49 56 48 48 56 48 48 49 50 49 48 51 56 48 46 52 46
55 50 55 57 49 49 55 54 50 50 54 47 51 49 53 55 53 48 57 56 49 51 51 55 51 57 47 53 50 53 57 56 56 54 53 50 52 49 57 56 53 55 57 50 56 49 52 57 54 50 53 53 56 49 57 56 53 51 49 52 57 55 51 56 47 49 51 52 49 48 52 51 54 51 55 50 57 52 51 50 54 49 56 52 56 53 53 51 47 55 54 56 48 48 52 55 49 54 52 49
57 48 49 54 53 55 54 49 57 55 58 54 53 52 53 54 50 58 52 53 50 53 53 56 52 55 53 50 50 56 50 58 50 55 58 53 52 53 57 52 49 49 58 56 58 51 49 49 52 49 54 58 54 49 50 58 53 57 51 54 50 53 51 57 55 56 48 51 54 49 56 57 49 53 56 54 56 57 55 54 54 58 55 49 49 56 54 56 58 53 51 50 58 55 55 53 57 56 49 53
49 52 55 52 50 58 49 52 59 55 56 53 50 56 52 55 50 52 51 54 56 56 49 51 51 54 53 56 51 51 57 56 55 52 50 50 59 51 49 49 52 59 59 49 54 51 49 55 53 57 58 58 58 58 51 49 52 57 58 49 57 50 58 54 56 56 49 52 54 49 55 59 54 49 58 49 57 52 57 55 49 53 49 50 55 57 57 52 55 57 51 57 50 54 57 51 49 49 51 54
54 60 54 51 58 51 51 53 52 51 53 59 51 60 52 56 55 53 54 51 51 50 57 59 50 54 52 51 56 59 57 57 53 55 60 56 54 52 53 51 51 54 59 60 51 51 50 54 51 58 59 53 51 50 52 54 59 54 56 57 50 59 56 50 50 57 55 54 50 55 58 56 55 56 53 53 55 56 51 54 52 58 50 53 54 55 56 60 60 51 55 56 58 53 57 59 57 51 50 54
61 60 59 61 59 57 60 56 55 52 59 53 56 58 57 58 57 59 53 55 58 55 59 59 51 53 56 57 59 59 60 60 60 53 58 53 53 60 58 58 59 61 54 61 58 59 56 61 58 60 54 61 61 61 57 53 56 58 61 53 60 59 60 61 60 52 58 60 56 52 61 51 59 57 54 53 56 55 54 52 54 60 59 53 57 53 57 60 59 59 57 53 61 61 59 52 56 59 54 51
53 60 59 52 56 62 59 56 54 52 59 54 59 55 55 61 52 60 56 54 59 61 56 52 62 56 55 59 52 61 52 60 53 62 56 54 60 57 55 57 58 59 55 52 55 59 59 58 59 57 54 52 59 56 56 56 55 61 62 52 60 60 52 60 58 60 55 61 56 55 56 60 54 62 60 53 55 61 59 54 53 62 52 58 57 54 53 59 61 62 55 62 55 55 60 55 62 60 60 62
55 62 58 59 63 61 60 61 56 58 61 59 60 53 61 61 61 58 63 63 61 63 55 56 60 53 55 61 60 61 63 54 59 58 53 56 55 56 55 61 60 63 57 61 60 60 56 54 55 63 53 57 61 60 62 63 61 57 58 60 55 63 60 62 56 61 60 61 53 55 53 58 54 57 55 63 53 57 55 54 53 55 60 63 54 60 58 59 61 59 58 62 56 58 53 60 54 60 61 63
54 62 57 62 57 57 54 55 58 55 56 54 63 61 54 60 54 57 61 63 57 60 54 58 64 62 63 64 54 59 60 60 54 56 63 59 62 60 64 56 55 63 59 63 60 63 54 57 58 54 57 54 60 63 63 56 55 57 62 54 64 61 59 64 54 54 55 61 57 61 62 61 57 62 58 55 61 55 59 64 55 62 57 58 57 58 61 58 54 63 57 54 60 59 64 62 55 55 62 60
60 64 62 62 56 55 63 60 62 62 60 57 63 59 63 65 58 61 56 62 57 61 60 63 58 62 55 62 63 60 63 63 62 64 63 55 59 55 62 65 58 61 56 60 57 63 55 56 59 60 56 57 59 63 58 59 55 56 63 56 59 56 59 58 55 58 58 65 65 57 61 57 57 58 60 55 63 57 60 58 55 58 59 58 60 62 56 56 63 62 55 57 61 63 57 58 64 58 60 64
65 57 56 65 57 62 56 56 58 64 62 59 61 61 61 60 65 57 65 58 60 65 61 65 62 63 59 61 60 58 64 60 65 58 62 63 56 62 66 65 58 63 59 60 61 61 64 66 56 65 59 58 59 64 57 61 60 64 59 64 59 62 61 59 66 59 63 62 66 60 59 57 58 61 63 57 65 64 65 60 65 62 59 56 65 57 64 57 63 57 57 60 63 66 59 59 63 63 64 62
62 63 60 63 65 61 61 58 64 60 66 62 66 64 61 57 62 59 63 57 62 57 66 65 61 65 66 67 60 58 60 65 67 64 60 64 60 58 64 59 59 62 61 66 58 65 64 61 64 57 61 59 59 57 58 63 64 63 62 57 59 60 67 63 57 67 66 64 67 60 58 61 66 60 59 67 64 58 60 63 61 67 57 59 59 57 65 66 65 60 66 65 58 64 62 63 63 58 63 67
65 64 58 59 63 58 60 61 67 59 62 65 63 63 58 63 59 65 62 60 58 59 63 68 61 61 61 65 61 61 63 66 58 60 64 68 61 64 60 59 67 62 61 59 68 68 65 59 63 60 64 60 66 61 66 68 68 63 68 64 60 67 61 68 68 64 65 59 62 63 65 61 68 58 65 62 63 63 62 68 67 66 61 61 60 58 67 64 62 65 67 60 61 67 60 67 66 67 60 61
69 69 68 68 69 59 60 59 68 64 62 64 60 66 66 65 67 64 67 65 65 61 60 65 69 63 68 60 62 59 64 62 62 61 63 66 66 60 62 67 59 61 68 61 61 69 66 61 64 69 68 61 64 69 69 64 69 63 64 62 60 66 69 64 66 67 62 66 63 68 68 61 62 64 64 67 69 67 68 59 64 68 60 60 66 66 62 69 59 69 61 67 67 67 62 62 64 63 64 68
62 62 66 69 67 65 60 61 70 62 62 68 66 63 68 66 62 65 62 61 60 69 63 64 63 68 69 68 69 62 70 63 67 63 62 68 70 70 62 64 61 70 66 65 69 64 62 60 67 70 65 67 62 64 61 67 69 67 68 68 66 65 67 62 64 70 67 68 61 65 66 69 65 67 60 70 60 66 65 70 61 61 65 66 66 69 70 63 61 61 61 65 69 69 62 64 61 62 60 66
70 66 62 64 65 69 65 71 65 71 69 66 70 71 67 68 69 64 63 67 71 62 66 63 71 67 67 61 65 61 63 71 68 67 68 68 70 61 64 63 62 62 68 61 71 61 61 61 63 69 65 65 70 69 64 67 65 65 69 65 65 70 70 71 69 64 68 61 71 61 62 68 65 61 70 66 69 64 70 66 67 62 69 66 71 61 70 69 62 62 67 63 62 69 65 64 64 67 70 71
70 63 65 68 68 64 64 70 69 65 62 64 68 63 67 62 62 65 70 69 67 68 66 64 63 72 64 71 72 65 67 63 64 65 63 67 71 70 69 64 70 71 64 72 68 64 62 62 66 67 63 68 62 68 72 70 70 62 68 71 66 70 64 65 67 65 62 72 65 63 71 70 72 64 65 66 62 65 64 69 72 62 66 64 72 64 65 67 69 63 69 68 71 63 70 71 65 66 72 69
63 71 63 68 63 72 71 73 67 66 73 64 68 64 71 72 71 70 65 69 65 72 67 73 68 72 63 73 73 70 63 71 66 66 73 63 64 67 68 70 65 73 70 63 67 70 64 67 65 73 65 70 63 72 65 69 72 64 68 71 70 68 71 65 64 64 69 72 63 66 71 64 70 72 72 73 73 69 66 70 63 68 71 72 72 66 70 73 64 69 69 71 73 67 72 66 72 68 71 71
74 64 68 66 71 70 64 66 73 68 74 64 73 70 70 70 72 72 68 71 68 67 74 74 73 66 64 71 64 66 72 70 68 69 69 72 69 64 68 68 70 69 72 68 64 74 66 70 64 72 73 70 64 70 72 65 69 64 72 64 72 73 66 65 72 70 73 71 74 73 72 71 73 67 74 68 67 65 70 66 66 71 65 71 71 64 65 71 65 71 65 70 69 73 71 69 67 72 71 70
74 72 75 69 70 70 70 71 74 75 67 73 71 70 66 75 75 75 73 75 72 65 65 71 71 72 72 70 70 67 75 65 71 72 68 70 72 75 67 73 75 65 65 71 73 68 69 72 74 74 66 68 75 73 69 73 69 72 68 72 67 65 65 72 74 75 69 74 71 72 73 71 70 68 67 71 68 71 71 75 72 73 69 65 73 71 69 73 70 68 74 68 67 75 73 69 69 72 70 75
70 76 69 76 66 72 69 72 69 76 66 69 75 71 66 76 69 76 69 69 75 74 69 68 73 72 67 70 69 75 76 66 68 67 67 66 74 69 74 73 72 67 69 67 73 66 69 74 75 76 72 71 73 68 71 72 67 71 75 68 76 73 69 68 70 67 75 71 67 67 75 70 74 73 73 71 74 69 71 70 72 73 68 70 71 76 68 69 75 68 69 66 69 67 68 75 74 75 71 71
72 69 68 68 77 76 68 71 74 69 68 73 69 67 70 74 73 75 68 76 71 68 74 76 76 70 75 76 74 76 77 75 76 71 71 70 69 72 74 69 73 67 67 70 72 68 73 72 72 70 67 75 70 69 69 67 71 69 77 68 75 70 77 70 74 76 77 69 68 77 69 67 74 76 70 72 67 74 74 73 75 77 76 77 68 67 75 67 67 68 73 75 70 75 72 68 70 68 71 67
74 68 69 75 76 70 73 77 70 70 74 71 69 73 76 68 77 74 69 75 68 73 70 76 78 69 76 76 68 72 69 76 72 76 73 76 72 73 73 78 76 77 69 73 78 75 72 75 74 77 75 75 69 70 74 75 72 76 70 76 77 72 74 73 78 73 70 68 72 76 77 76 72 71 75 76 76 68 68 73 71 74 72 76 71 74 69 78 73 72 77 71 71 76 78 73 76 72 74 73
75 78 79 79 69 70 69 70 71 75 74 74 72 75 76 74 70 78 76 79 74 74 75 76 76 78 70 75 76 77 78 79 76 73 71 77 75 77 78 74 78 71 72 69 76 73 79 75 74 78 71 77 74 71 79 70 74 72 70 70 73 72 78 70 72 76 71 69 75 77 77 79 72 74 71 75 74 74 76 73 70 71 75 79 70 69 76 75 74 70 77 72 69 78 78 76 72 78 74 69
78 77 77 73 79 78 75 78 79 73 77 78 80 79 75 79 72 78 73 75 72 78 79 72 79 79 74 78 73 79 71 70 73 77 73 72 75 74 76 71 75 73 78 73 73 80 71 70 77 76 72 79 73 73 70 70 71 80 80 70 77 80 75 80 73 78 75 76 71 75 79 74 74 72 78 78 77 71 71 70 72 76 78 70 77 70 76 74 71 73 73 74 80 79 76 76 76 71 74 73
78 75 74 76 81 80 78 79 76 73 71 71 76 72 72 74 75 76 78 76 73 81 73 73 80 73 78 81 80 78 75 72 80 77 73 71 79 75 76 78 74 77 73 78 77 76 73 74 76 71 75 72 75 80 80 74 73 77 78 78 73 75 78 72 81 81 76 80 80 80 75 81 79 77 71 71 74 71 74 71 75 77 73 75 76 76 81 76 75 74 77 77 74 77 73 78 81 77 80 77
76 79 73 78 76 81 73 72 76 74 75 77 76 77 76 82 73 77 74 78 75 82 82 77 79 72 74 74 79 78 76 80 80 79 74 74 75 74 72 82 75 79 80 75 72 82 72 74 79 72 79 82 80 76 78 76 81 76 79 82 77 75 79 72 77 73 76 72 75 80 73 75 73 78 81 75 76 75 75 73 82 74 78 79 75 77 74 74 81 73 75 78 77 82 75 75 72 76 73 72
83 73 81 77 81 75 82 79 83 76 81 73 81 79 74 80 82 77 76 82 83 82 82 80 82 74 80 74 74 78 83 83 75 75 76 83 73 77 75 75 81 83 74 74 78 77 81 73 78 81 82 81 74 73 75 83 78 82 73 79 76 82 74 82 82 74 81 74 80 76 81 78 74 79 83 76 77 78 75 74 74 81 82 73 73 82 77 83 82 73 82 81 79 74 73 74 83 76 79 78
74 81 75 77 77 82 81 77 74 81 84 81 74 78 84 83 81 76 79 83 84 75 76 81 76 75 75 75 76 82 77 82 77 82 75 79 84 84 82 80 79 78 79 77 80 75 76 77 82 76 80 75 84 81 74 76 81 82 83 80 75 79 84 79 83 83 80 84 77 84 77 75 76 84 76 81 74 74 78 76 78 83 83 84 84 84 75 79 79 83 79 81 76 74 74 84 79 77 82 80
84 79 80 75 82 83 78 80 84 81 76 81 75 77 75 79 83 75 77 80 77 84 82 80 75 78 77 75 76 81 83 79 85 83 83 83 83 75 77 78 85 84 84 82 85 79 75 76 78 81 78 85 79 82 77 81 83 81 81 81 77 82 79 83 77 77 78 76 75 79 85 82 81 75 78 81 79 75 75 76 81 84 80 85 84 82 75 75 85 76 79 81 78 79 77 77 80 78 76 77
84 79 80 86 79 78 82 86 81 84 80 84 79 82 76 81 76 80 83 84 84 77 81 77 85 81 86 83 80 80 86 86 79 79 77 84 80 86 80 86 76 83 78 83 81 86 83 76 83 76 83 78 77 78 77 84 85 83 81 82 84 86 79 86 82 84 81 80 77 86 79 82 84 86 85 76 76 85 85 77 77 84 81 79 80 83 85 76 77 80 77 80 76 82 77 76 86 85 81 78
79 82 86 81 81 82 87 85 83 77 77 86 81 86 86 81 77 87 77 77 79 78 78 77 80 79 78 84 80 79 83 78 81 83 87 86 87 78 84 80 78 87 83 78 80 83 86 79 85 79 82 87 77 80 86 78 85 81 86 86 86 83 87 77 87 79 79 81 80 84 77 82 78 79 78 78 80 87 80 82 79 79 82 86 78 84 77 77 77 82 87 77 87 86 78 86 87 87 77 87
88 85 87 78 78 78 87 85 85 79 83 88 88 84 86 82 82 80 80 80 85 86 85 87 80 81 78 85 84 88 80 84 84 78 84 79 81 86 88 82 84 78 81 86 81 84 84 82 81 83 82 78 80 79 80 88 88 88 88 88 79 85 82 81 78 80 78 83 84 83 85 84 81 81 88 81 86 84 80 84 85 86 85 84 85 87 82 80 80 80 85 80 87 81 88 78 86 86 80 87
85 85 80 81 84 83 82 86 80 88 82 83 84 84 84 87 83 85 79 80 89 83 89 86 82 79 86 86 84 79 89 83 85 83 80 89 87 86 79 86 89 79 80 88 86 87 84 86 85 82 83 87 82 81 89 89 86 81 80 85 89 79 86 79 81 88 88 86 80 82 82 80 89 86 88 87 87 88 85 89 79 88 80 86 88 86 79 79 86 85 81 85 79 80 85 84 85 86 82 81
81 89 89 81 87 87 87 80 82 87 83 86 85 84 80 82 88 82 86 84 90 89 89 85 90 85 86 90 82 80 83 83 83 88 86 87 80 86 80 85 85 83 82 87 86 85 85 80 83 85 80 90 89 89 86 87 87 90 83 83 81 83 86 90 88 86 89 85 87 87 85 80 82 86 86 84 89 87 85 89 83 82 87 82 88 81 85 84 88 86 89 80 84 90 88 89 89 81 83 80
91 90 89 91 82 88 90 90 88 87 90 84 82 81 91 85 83 91 88 83 91 91 89 84 89 85 84 89 87 88 86 91 91 81 82 81 89 88 88 91 88 90 82 88 83 87 84 85 87 90 81 91 82 91 85 84 91 85 84 91 88 81 85 86 90 83 89 84 88 87 83 85 91 87 85 82 90 85 81 88 90 82 86 90 91 90 85 88 87 81 82 81 90 83 89 90 91 89 85 82
89 90 82 86 85 84 90 86 84 84 87 89 90 88 84 86 85 90 84 82 90 91 85 83 88 84 83 91 86 86 84 92 91 91 92 84 84 85 92 87 87 92 88 91 91 82 90 89 87 90 85 88 88 84 92 85 85 89 82 90 85 89 82 86 92 89 85 92 84 88 89 83 82 83 88 92 87 91 92 83 92 88 90 89 90 82 88 90 88 83 89 85 85 85 92 86 88 83 92 83
90 87 87 89 85 90 91 93 83 91 83 91 91 86 87 92 89 93 93 91 91 86 85 90 91 87 92 91 85 86 93 92 91 87 90 92 92 87 88 84 93 93 93 86 83 93 90 92 93 88 85 92 85 90 87 83 87 90 88 90 87 84 84 85 85 93 84 86 90 83 83 93 87 83 87 83 89 90 85 88 90 84 83 93 86 90 87 89 85 85 89 88 88 86 93 88 84 93 91 89
94 89 86 94 92 86 89 89 89 92 92 85 92 92 94 93 86 85 90 90 94 85 84 93 87 93 86 85 91 84 89 91 93 91 87 91 92 85 93 91 90 89 84 87 87 90 84 92 91 91 90 85 88 94 84 93 93 89 84 93 90 94 87 90 87 88 90 89 87 94 92 89 92 86 87 86 93 91 91 84 85 90 86 86 94 91 88 86 88 91 91 85 86 94 85 88 85 87 93 94
89 93 88 90 88 86 87 86 93 90 85 91 87 86 92 91 93 89 90 87 88 89 94 90 89 94 90 86 94 93 89 86 85 95 89 91 92 95 87 90 87 85 85 85 93 87 94 87 94 88 85 91 91 94 85 89 86 91 85 90 91 92 95 93 92 85 89 95 90 92 88 93 90 88 88 95 91 92 90 89 95 89 87 88 93 85 87 94 95 92 87 90 94 92 86 86 86 91 93 85
94 90 93 96 89 89 86 96 91 92 91 96 94 90 93 96 86 92 89 92 94 86 88 91 88 91 88 95 87 92 86 93 90 94 88 92 91 94 91 95 94 86 89 86 86 93 89 86 86 87 93 87 90 95 91 86 96 87 88 88 87 93 90 92 89 90 89 89 88 92 96 89 90 90 89 87 89 96 91 86 89 88 90 93 87 88 86 89 87 92 89 87 88 95 91 88 91 86 92 96
96 88 94 96 91 89 87 91 89 89 91 96 89 92 96 87 93 89 97 93 92 87 88 88 88 93 96 87 90 87 88 87 96 95 97 96 92 97 97 90 95 96 95 92 88 92 88 90 96 91 90 95 94 87 93 91 90 91 95 88 95 92 97 89 88 87 94 90 96 88 96 94 97 90 88 87 97 89 93 93 97 92 89 97 90 89 91 93 92 87 87 94 96 88 87 95 96 93 96 91
88 89 91 94 91 90 90 88 98 89 96 94 93 95 91 88 96 88 88 88 94 89 92 96 89 88 90 98 96 94 89 95 97 90 88 90 97 95 91 89 90 95 93 92 91 95 89 93 92 89 90 97 94 93 96 89 92 95 97 89 97 95 94 94 91 96 90 88 98 94 98 92 94 96 96 97 94 94 96 90 89 91 90 89 90 98 94 96 98 89 88 90 90 98 93 97 95 91 90 89
89 95 96 94 96 91 99 97 90 98 91 92 97 94 96 95 93 90 99 91 99 92 94 92 99 96 94 95 95 94 91 99 96 92 93 98 94 91 92 99 98 96 94 92 91 94 95 92 93 95 92 98 91 95 99 94 94 92 93 98 93 95 98 90 89 93 93 95 90 90 94 90 92 92 99 92 94 93 96 97 95 97 96 99 97 91 94 90 93 98 96 98 92 94 95 92 92 96 94 90
96 96 100 93 99 99 97 96 97 99 99 92 90 92 91 91 91 94 99 94 92 99 96 90 96 98 96 96 97 94 97 91 90 97 97 90 95 96 93 99 90 92 100 99 100 95 91 99 92 94 91 97 94 96 94 91 98 99 97 92 96 97 98 90 99 93 91 97 99 100 92 99 94 99 99 96 96 90 91 95 97 98 97 97 92 92 93 98 95 93 95 95 90 99 91 99 100 98 90 96
94 95 100 100 92 99 93 97 96 93 95 100 98 99 96 91 93 100 100 99 98 91 92 91 93 97 96 91 91 92 95 98 100 93 96 94 98 91 96 100 99 96 97 94 93 98 91 96 92 98 98 94 95 92 98 98 92 94 99 92 96 96 95 100 100 92 100 93 100 94 94 95 100 100 100 99 94 98 92 97 100 98 93 97 91 92 94 100 100 97 99 92 93 98 94 98 97 97 100 99
99 95 96 97 100 98 92 100 100 95 100 100 93 93 100 98 96 95 99 97 100 92 97 92 95 95 96 100 96 100 92 95 99 94 92 100 98 92 97 97 100 94 100 100 96 100 100 100 100 94 97 93 97 100 92 97 96 99 94 95 92 100 92 100 94 93 100 94 95 100 98 100 96 99 99 97 92 100 93 92 100 92 93 100 97 100 95 100 94 100 100 93 99 100 93 92 100 94 96 94
99 94 100 97 93 100 99 98 99 100 100 99 95 100 99 99 97 100 97 98 100 100 94 96 100 100 97 100 99 98 100 99 96 100 98 97 96 100 100 100 96 93 93 95 99 95 96 96 94 93 100 94 100 100 94 98 97 96 95 97 97 97 93 100 93 95 100 94 100 100 95 98 95 96 94 98 98 100 96 99 94 97 100 93 100 95 95 100 100 96 100 94 99 95 100 97 100 99 99 99
97 100 100 100 95 99 98 97 98 100 100 94 100 100 94 94 100 99 100 100 100 100 100 100 100 100 95 98 95 100 97 94 100 100 100 97 100 97 94 95 100 95 100 100 100 100 95 94 96 97 100 96 99 98 98 100 100 100 100 100 94 100 100 99 100 98 98 96 94 97 100 94 100 96 100 95 98 94 98 99 100 94 94 100 95 100 94 99 100 95 97 100 99 100 99 97 95 100 100 99
