5
100 100 20
0 5 0 0 3 1 1 5 5 3 3 5 0 5 2 0 0 3 0 1 0 0 2 1 4 0 0 0 0 0 0 5 2 3 0 0 0 0 0 4 0 0 0 2 0 0 2 0 2 0 0 3 5 0 0 0 3 0 4 0 0 4 3 2 0 5 2 5 0 4 0 0 2 3 2 3 4 2 0 0 1 0 2 3 0 1 0 1 0 1 3 3 2 0 0 0 1 0 0 2
1 3 2 4 0 0 0 2 6 5 4 1 6 0 0 0 3 1 0 5 6 6 6 6 1 0 6 0 0 6 2 4 0 0 0 5 0 0 0 3 2 4 0 3 0 0 2 0 5 5 0 1 4 2 0 0 4 2 0 3 0 6 1 1 0 5 2 0 0 4 0 6 4 0 0 0 0 6 1 0 0 0 0 1 0 0 5 0 6 0 0 4 0 2 2 4 2 0 0 6
0 0 0 5 6 4 4 7 0 2 0 1 1 1 7 0 0 7 0 4 7 0 5 0 0 1 0 4 0 6 6 0 0 0 1 0 7 6 6 0 3 0 4 3 2 0 7 3 0 7 7 2 5 0 0 0 4 5 0 0 6 4 7 2 7 0 6 0 1 3 3 0 1 2 4 0 3 7 0 7 0 0 4 5 0 5 0 0 2 0 6 1 5 5 5 1 4 0 1 4
6 8 5 7 6 0 0 0 8 7 0 6 2 6 7 1 2 3 0 7 4 2 7 2 0 3 5 2 0 3 8 8 1 8 0 3 5 3 4 4 0 4 5 4 1 0 3 8 3 0 0 0 3 2 1 5 0 0 0 4 1 6 0 0 5 0 0 3 0 8 8 5 8 5 0 7 2 3 0 5 1 7 8 0 1 6 3 4 0 7 0 7 4 5 0 2 0 6 5 4
1 1 7 6 2 0 2 2 1 4 8 7 2 9 8 8 2 7 7 1 7 7 5 5 6 5 0 9 7 5 8 5 5 6 6 7 8 1 8 8 2 7 5 7 2 2 5 4 2 0 5 0 5 0 8 3 9 6 7 9 0 6 1 3 6 6 7 6 6 5 0 0 6 6 6 6 7 5 5 7 6 3 0 2 7 1 2 3 8 9 4 6 1 0 0 7 2 9 5 4
1 10 9 8 5 0 5 2 9 6 3 9 6 1 8 7 10 0 1 8 0 4 5 10 1 5 0 4 5 5 3 5 4 4 7 9 10 3 4 9 9 10 1 7 7 2 3 4 8 2 9 0 0 10 10 3 3 2 9 10 8 6 1 4 5 5 7 5 5 2 1 6 4 10 8 0 4 7 8 9 3 8 2 5 1 0 7 5 4 2 6 8 10 9 7 6 10 1 0 1
1 2 2 2 1 6 2 5 2 8 3 10 5 2 6 10 9 2 5 6 3 9 11 5 8 3 11 10 3 3 4 8 2 2 10 2 11 1 10 11 2 8 9 4 8 10 6 7 4 5 6 9 7 4 11 8 6 9 3 9 6 9 2 5 9 2 11 11 10 10 10 4 6 10 1 4 6 10 10 2 10 1 1 2 7 1 5 10 6 4 9 2 11 7 4 3 3 1 6 9
9 12 11 9 7 7 4 12 8 9 12 3 11 8 11 7 4 11 2 2 10 3 5 8 2 10 12 6 2 4 10 3 2 7 4 10 3 5 10 12 2 8 10 5 6 4 11 4 5 5 12 2 2 6 4 12 6 9 11 8 5 8 3 4 9 12 8 3 5 5 10 6 4 4 10 12 11 10 10 8 6 5 5 7 2 6 2 12 11 7 5 2 6 3 3 3 6 2 3 12
8 5 4 9 9 3 3 6 10 7 4 13 5 8 3 3 9 8 10 6 9 10 12 5 13 5 13 13 4 7 5 7 10 8 13 3 5 4 11 4 8 13 4 12 11 4 8 3 7 3 8 7 11 9 8 9 13 12 9 10 6 3 5 7 6 4 13 6 9 5 10 4 5 13 3 13 9 13 6 7 4 13 13 10 12 13 4 9 7 9 5 5 3 9 7 3 13 3 9 5
5 14 8 14 4 6 10 12 5 8 14 7 13 5 8 12 4 7 14 8 8 8 8 4 12 11 4 10 8 5 9 4 14 11 11 13 8 8 11 4 13 14 8 8 12 14 8 7 11 6 14 5 12 5 6 13 13 11 8 6 11 4 5 13 7 12 14 10 10 7 9 11 9 14 5 13 7 11 9 11 11 7 12 4 7 5 10 11 11 10 9 9 9 11 11 8 9 5 13 5
7 8 13 13 7 9 13 7 11 9 12 6 12 7 9 9 5 6 7 11 12 7 9 13 6 7 7 6 10 7 9 12 11 11 15 13 7 7 7 5 12 7 11 8 12 13 10 9 15 8 15 14 15 7 15 8 9 10 5 9 7 10 12 7 5 13 13 10 7 10 5 8 8 6 15 11 14 11 8 15 10 14 5 11 14 5 7 12 13 10 13 13 12 8 10 10 14 5 6 15
8 15 15 12 8 7 14 6 16 16 6 10 12 8 9 12 10 10 11 7 14 14 7 6 6 7 9 13 6 10 13 8 13 14 7 12 13 13 9 7 12 7 8 13 11 7 8 15 12 7 10 13 10 9 12 12 13 9 6 6 11 7 15 9 15 10 6 12 6 9 13 8 12 13 11 6 6 7 13 6 14 8 7 11 10 8 12 10 7 6 9 6 8 15 12 15 13 16 12 13
15 7 17 16 9 10 10 12 16 14 15 8 13 10 10 7 16 14 9 10 16 11 17 17 11 12 16 17 13 10 8 11 13 8 17 9 9 16 12 15 12 15 17 11 14 12 15 9 10 16 17 16 14 12 16 16 16 13 7 8 13 10 10 9 16 14 14 12 7 9 7 11 16 14 11 7 16 8 13 7 7 10 14 10 7 7 11 11 12 8 8 16 8 9 7 16 14 8 13 11
18 10 16 8 16 8 12 9 15 11 8 17 12 13 16 9 15 8 18 10 8 16 18 13 8 16 12 17 17 18 13 8 16 17 11 13 17 12 18 17 15 15 13 9 9 17 11 16 18 15 18 16 12 10 16 11 18 15 18 15 15 11 18 18 9 18 18 17 15 11 13 11 13 9 9 12 13 14 13 10 11 17 18 12 8 9 8 16 12 8 8 8 18 11 13 13 11 17 14 8
19 10 11 15 16 12 9 19 9 10 15 10 16 14 18 18 13 13 9 19 13 12 15 12 12 14 17 15 19 16 19 9 10 19 14 10 19 18 11 11 14 17 17 13 16 9 14 12 14 19 13 17 9 9 15 11 18 13 10 13 14 10 14 15 15 9 14 10 15 10 11 18 14 14 9 9 13 9 12 11 19 18 9 17 12 10 13 15 18 11 11 15 19 18 17 14 15 10 11 15
14 17 13 11 19 10 18 19 16 18 20 14 15 17 18 15 19 11 20 10 12 19 11 13 20 13 12 13 16 20 10 15 11 16 16 18 18 17 13 15 10 13 18 11 16 10 16 18 17 10 15 14 17 17 16 18 13 16 16 14 17 11 12 13 11 18 17 12 12 17 19 19 19 19 19 20 14 10 19 12 17 14 16 18 16 12 15 20 20 19 18 11 10 18 15 10 18 12 19 16
18 15 20 18 15 14 14 12 13 19 20 18 15 16 12 15 11 17 11 14 14 16 20 16 20 17 20 21 11 16 16 17 14 16 16 14 17 18 20 20 21 16 21 20 21 17 16 21 13 17 13 17 17 19 14 14 12 13 21 12 11 18 21 11 13 18 14 13 19 19 14 16 21 18 17 16 21 18 15 11 15 20 16 20 13 14 12 14 19 17 18 16 16 12 11 15 15 14 21 12
16 21 18 14 21 21 16 21 15 16 19 16 15 20 22 15 16 16 12 14 21 20 21 21 15 13 18 18 16 12 14 20 22 15 14 12 15 19 22 22 19 12 14 12 20 14 14 14 16 18 22 14 13 15 17 12 16 19 15 22 18 16 18 12 19 17 20 15 13 13 20 20 16 13 17 17 17 14 16 22 13 13 14 14 16 14 21 13 21 21 17 19 16 15 15 14 16 16 13 21
17 15 17 13 15 17 20 22 22 17 22 19 17 23 19 18 18 19 21 16 14 23 19 16 19 22 22 13 22 17 23 17 21 17 21 21 14 23 14 14 16 21 13 15 17 16 14 18 23 13 20 18 18 17 13 16 23 18 16 17 22 15 21 15 15 13 16 22 20 14 19 15 22 18 16 19 19 20 21 19 23 21 17 16 14 16 18 13 18 17 20 22 20 15 16 13 23 15 23 22
18 14 23 19 14 16 14 20 17 15 19 15 22 23 15 14 23 15 20 23 16 14 22 21 22 15 15 16 17 23 16 20 15 14 20 19 20 24 18 15 20 18 15 23 15 20 24 24 15 20 19 17 19 16 21 19 21 23 23 23 21 21 14 19 24 16 16 19 16 23 23 18 20 24 14 19 17 16 21 15 17 22 24 14 21 14 20 20 16 16 24 21 24 23 14 24 16 16 19 22
16 23 20 20 23 15 18 18 22 15 17 17 16 22 18 23 24 15 18 16 15 18 16 16 22 21 23 17 22 21 24 23 20 15 16 18 22 24 21 22 20 15 22 16 18 23 18 22 22 21 19 17 25 21 24 18 20 21 21 18 21 18 23 22 16 16 23 21 23 20 23 18 19 25 20 25 15 19 18 22 17 25 17 25 20 15 23 16 23 16 20 20 15 22 23 17 17 20 17 24
16 24 22 16 20 16 21 21 19 26 18 21 16 26 18 18 19 22 16 20 17 20 20 16 26 18 17 25 20 23 25 21 18 17 25 20 17 24 26 18 18 23 20 20 23 25 17 24 21 22 22 26 17 26 20 26 25 18 20 18 23 17 17 20 26 18 24 24 20 24 19 26 26 24 25 19 24 19 19 24 23 25 23 16 20 21 17 21 19 26 18 18 26 17 22 24 19 26 21 21
21 20 20 19 27 26 22 20 22 20 23 17 18 19 21 18 23 25 23 25 25 20 19 24 19 25 18 22 18 20 27 20 24 23 19 21 21 19 18 21 26 20 22 17 22 24 24 24 18 21 18 23 22 23 24 20 27 19 21 22 22 22 22 25 25 20 26 18 24 25 18 21 17 17 27 25 18 25 27 27 17 22 19 22 22 20 19 26 26 27 22 23 20 22 25 24 27 26 18 26
19 28 26 23 21 26 24 28 27 26 26 27 25 22 21 21 23 25 25 18 20 27 21 21 25 28 20 20 25 20 21 27 24 27 26 26 27 18 20 23 19 27 24 24 25 25 25 24 23 20 19 21 22 21 23 23 25 26 24 28 21 28 23 21 23 24 25 22 25 21 23 21 22 21 24 25 21 19 23 23 28 18 27 18 21 28 18 19 18 27 28 18 22 18 23 25 25 27 26 28
23 29 26 26 28 29 23 23 24 29 21 19 27 20 26 24 29 24 25 21 25 28 27 24 28 21 21 24 29 28 21 23 24 26 27 19 27 20 25 23 23 26 25 27 19 25 20 24 26 24 27 22 28 25 21 25 19 25 27 26 20 25 21 29 22 27 27 24 20 20 19 23 19 19 28 26 23 22 19 27 25 21 28 20 26 25 27 21 20 29 26 27 22 27 20 20 24 25 22 20
25 26 23 20 24 29 24 23 26 20 20 27 22 25 27 23 23 30 26 25 21 20 26 26 22 20 26 22 22 24 20 30 21 22 30 29 24 28 22 27 23 20 29 28 21 24 24 22 20 23 29 23 20 28 20 28 23 29 20 28 24 27 23 28 27 29 22 24 27 22 25 22 21 24 20 30 30 30 20 21 30 22 28 21 23 23 29 28 23 23 28 23 20 22 26 23 21 21 20 30
27 28 22 28 23 23 30 22 29 25 29 31 23 31 22 27 26 26 22 30 21 28 29 21 29 24 23 26 29 27 24 26 24 28 30 27 24 23 27 29 23 31 22 24 24 22 27 24 28 25 23 31 25 24 23 30 28 27 30 28 30 28 27 21 29 21 29 23 29 26 21 21 28 29 26 25 30 24 31 26 30 24 24 28 28 21 21 26 21 24 29 25 24 25 22 29 27 24 21 29
25 28 26 29 25 26 32 28 30 30 25 23 27 25 31 27 32 26 26 24 30 23 22 24 31 25 23 30 23 32 30 22 23 22 28 23 25 32 29 32 26 29 25 32 28 32 30 31 28 30 27 23 27 24 29 29 29 27 27 26 30 24 29 32 24 28 31 29 32 23 30 28 27 23 22 27 24 22 24 22 30 23 28 31 30 32 29 27 32 32 22 26 30 29 30 28 22 29 27 32
31 25 29 29 23 29 31 33 25 31 23 33 33 27 24 32 33 32 32 27 31 24 28 33 30 31 27 28 25 26 23 28 26 27 29 31 33 28 28 27 23 27 23 27 30 23 23 32 32 32 30 25 32 27 24 33 23 28 29 30 28 26 26 31 24 30 30 25 30 27 28 27 30 24 25 25 23 33 30 33 26 31 33 30 32 28 29 25 23 23 32 30 30 29 30 28 25 25 24 29
33 28 33 31 31 24 26 26 32 29 32 26 25 34 25 29 30 31 24 34 28 32 34 26 28 27 27 29 32 31 29 33 31 24 32 24 25 25 27 25 29 31 26 34 33 34 26 30 31 26 25 31 28 34 29 28 33 31 28 33 24 27 26 30 28 27 32 24 25 27 34 32 28 25 32 28 29 29 25 31 27 30 34 28 32 28 30 28 33 29 25 30 34 32 30 33 29 33 29 29
26 31 30 33 27 26 28 32 35 25 26 31 27 25 31 35 34 28 28 32 35 35 29 25 27 29 33 29 33 33 28 35 35 32 27 34 34 33 26 27 30 28 31 32 33 33 28 35 28 28 25 26 25 33 31 35 28 34 28 25 28 32 28 32 30 26 33 28 27 26 27 32 32 35 26 25 34 34 30 30 32 28 33 35 25 30 27 35 34 30 34 30 29 32 34 30 27 25 29 27
30 33 30 26 29 33 32 34 27 29 33 27 29 30 35 34 33 33 31 35 30 34 33 29 27 31 29 34 32 32 27 28 33 32 28 30 36 30 31 34 35 26 29 26 30 28 31 29 26 26 27 32 28 32 29 31 30 33 32 26 30 26 33 33 27 26 33 31 28 31 28 34 33 36 33 32 36 29 31 30 36 32 31 32 33 32 26 31 35 27 31 26 35 27 30 32 30 27 27 36
31 29 34 36 27 29 34 31 29 37 34 37 32 28 33 28 28 36 37 31 33 29 29 30 33 27 33 29 36 29 27 29 27 30 27 32 27 30 36 36 37 35 30 28 35 33 34 32 32 33 31 32 33 29 31 33 31 34 37 29 28 27 27 30 36 35 32 27 34 27 27 36 27 29 32 33 30 30 34 28 37 31 35 36 29 30 29 27 31 37 28 32 28 28 27 32 32 37 28 37
29 35 32 32 32 38 37 33 30 35 36 38 32 32 31 28 32 32 28 36 31 31 36 36 29 31 28 30 36 29 35 35 28 32 36 29 29 29 37 35 35 37 38 38 30 37 34 36 29 28 31 37 28 38 30 28 36 35 28 32 34 30 30 28 28 37 33 35 38 31 32 36 28 31 38 29 28 38 36 37 33 28 33 35 38 35 32 37 38 31 32 35 29 34 38 30 38 37 35 28
30 34 30 30 32 37 36 37 37 33 29 31 33 35 38 32 37 39 29 37 29 34 29 37 32 34 30 35 39 30 32 30 36 31 39 33 38 37 30 31 38 30 37 37 39 30 39 34 39 39 36 32 37 29 38 31 31 36 39 37 36 36 36 36 29 29 31 29 30 30 38 29 31 29 32 34 38 39 29 31 29 30 29 39 38 34 29 29 29 35 31 31 36 30 31 31 37 35 37 29
37 37 31 37 39 34 40 34 33 36 35 32 39 34 31 40 30 36 34 39 34 30 38 34 38 33 36 36 35 32 38 30 30 35 36 34 34 32 38 40 30 33 32 32 39 39 35 33 32 31 32 37 40 33 35 32 39 34 37 38 30 37 38 36 36 32 35 36 31 33 35 34 34 36 32 40 37 39 30 40 39 30 38 32 36 35 36 39 35 34 32 38 33 38 38 37 37 40 40 40
31 37 33 37 32 37 40 36 33 39 34 34 36 36 39 36 40 34 40 37 37 36 34 37 34 34 37 40 40 40 33 34 38 34 36 34 32 36 35 33 34 40 38 40 34 37 36 35 38 38 36 40 32 33 32 39 32 35 36 41 34 39 36 33 38 40 33 33 31 36 39 41 36 38 37 34 40 37 38 36 31 31 31 35 40 35 36 33 34 34 40 32 34 41 37 40 38 36 34 38
36 36 41 34 38 42 42 42 41 34 40 40 32 39 34 36 33 33 41 38 42 38 32 39 32 37 35 34 35 40 37 39 34 41 39 35 38 33 36 36 42 38 40 33 35 32 38 33 37 33 42 38 33 42 41 34 38 41 33 40 38 37 42 36 34 41 34 40 39 37 36 40 38 32 39 41 42 39 32 42 41 42 36 42 42 41 41 38 33 34 42 37 42 33 34 38 40 33 41 38
43 35 43 35 40 34 43 36 33 34 38 35 39 39 39 41 42 42 37 41 34 34 43 43 36 38 35 40 35 38 42 38 38 34 37 43 35 36 42 35 38 41 35 42 37 38 33 43 37 35 35 42 41 41 41 39 35 33 42 34 43 37 42 38 40 42 39 35 38 39 37 39 42 36 40 41 42 41 38 40 36 40 36 34 34 40 41 36 33 41 36 40 43 40 33 33 33 41 33 36
39 40 38 39 39 37 43 36 36 42 36 40 41 35 44 34 41 36 39 39 41 43 38 39 43 38 35 41 38 38 41 44 35 37 35 41 35 37 35 36 40 44 44 41 38 38 40 34 38 41 35 41 42 40 38 38 39 42 38 34 39 44 43 38 36 44 36 40 34 40 40 44 40 41 43 38 43 34 39 38 43 35 34 42 37 41 34 36 37 35 44 42 39 41 43 42 44 39 42 40
40 37 45 42 41 38 38 41 35 35 38 40 36 43 36 40 45 43 40 38 37 43 44 37 35 44 37 41 37 37 39 43 41 35 42 37 37 36 36 37 35 45 38 41 42 40 36 37 45 36 36 45 37 36 40 44 38 37 40 43 45 44 44 40 35 40 42 43 41 35 41 44 43 38 38 35 40 45 41 38 38 44 37 36 40 42 40 45 39 39 38 36 40 37 42 41 38 43 42 42
43 41 40 40 39 42 41 44 43 44 37 37 40 46 45 38 43 46 41 42 41 39 39 40 41 40 44 36 42 40 36 38 44 36 43 36 36 36 38 38 42 45 42 46 40 39 36 41 40 39 37 38 36 45 38 45 43 45 41 43 44 42 44 45 38 37 36 46 39 41 42 37 46 38 37 37 38 36 46 38 42 45 41 46 36 45 42 42 45 43 37 46 46 44 44 41 36 37 43 39
39 45 42 43 47 44 47 46 45 40 41 39 45 45 41 45 40 44 42 43 37 45 38 40 39 37 43 42 46 43 42 43 47 43 42 37 39 39 37 40 38 44 40 38 47 38 45 43 47 47 44 43 41 37 38 38 41 42 39 41 40 41 38 44 46 42 46 37 47 44 44 40 46 37 46 45 40 38 39 38 38 43 39 37 40 46 42 41 43 39 38 37 42 47 38 40 47 38 41 37
48 47 48 39 40 47 42 46 40 45 48 45 46 47 45 39 44 41 40 48 48 42 38 46 43 43 40 44 44 38 40 47 40 44 39 43 47 39 46 44 41 38 38 42 41 45 46 45 44 46 44 40 42 44 43 40 43 44 38 44 41 38 44 42 39 44 45 45 48 44 47 41 46 45 43 39 44 38 47 43 41 45 43 38 48 42 43 38 39 44 45 39 48 47 43 47 40 40 39 38
47 43 40 43 47 39 46 46 47 40 45 49 40 49 46 46 41 40 41 43 49 42 44 46 45 44 45 43 44 46 41 45 46 44 48 44 41 44 45 43 44 40 39 39 43 47 49 44 46 43 47 44 45 48 48 46 42 49 46 39 39 41 39 49 42 39 43 48 47 46 45 47 45 41 40 44 48 43 46 39 46 46 43 40 40 44 42 47 47 45 45 42 40 41 49 43 41 46 40 45
40 40 40 42 42 47 42 46 50 44 50 41 49 44 42 46 43 47 48 46 50 49 50 44 49 45 40 47 42 50 46 44 41 40 47 50 40 46 42 49 43 44 40 42 44 48 49 40 48 44 45 50 40 44 40 43 50 48 47 48 50 46 40 43 47 50 46 43 42 40 42 48 40 47 49 41 45 45 45 45 41 47 50 49 47 40 41 40 49 41 48 43 46 43 47 50 42 49 43 42
47 49 51 50 48 42 50 42 42 48 42 42 51 49 43 42 43 44 42 43 48 44 41 51 42 47 44 47 46 48 45 50 45 51 48 41 46 46 44 41 48 48 46 42 51 44 44 51 49 42 51 44 49 44 41 47 43 46 51 49 42 47 43 41 42 43 46 47 42 41 41 48 50 45 43 41 45 48 48 51 51 50 46 42 43 43 49 42 50 46 46 50 44 42 45 42 44 48 49 42
43 42 44 45 50 50 50 46 42 50 42 50 42 51 48 42 43 42 44 48 49 48 51 43 49 51 46 45 44 44 42 43 45 46 47 52 52 42 44 42 46 45 50 47 49 48 44 49 46 51 49 52 42 49 51 49 52 45 44 43 46 48 45 52 45 42 48 47 42 51 42 51 51 44 47 48 51 47 43 45 52 51 46 47 52 46 52 43 42 44 42 52 49 50 51 46 45 45 50 43
44 48 44 50 50 48 52 48 52 51 50 49 50 49 51 53 48 48 45 51 47 52 50 45 48 51 50 43 51 45 43 49 46 52 50 47 48 45 51 43 49 52 52 50 52 53 45 45 50 51 53 43 53 47 45 46 43 44 48 44 44 49 43 46 47 45 47 43 46 43 44 48 46 51 48 44 45 47 47 46 49 51 45 45 50 51 51 43 46 49 50 44 43 49 52 49 46 48 51 52
45 50 50 50 54 50 45 52 51 47 53 47 45 53 48 54 44 49 48 44 52 53 49 47 51 50 47 54 53 54 49 48 53 54 45 53 50 44 44 45 51 47 46 51 54 53 52 50 45 52 49 48 48 48 46 46 52 44 49 45 52 51 51 45 47 47 48 48 46 53 50 44 48 52 44 52 47 52 44 46 44 50 46 48 51 50 49 49 53 44 47 48 52 53 50 49 54 45 54 49
51 49 48 49 51 45 48 53 54 51 48 47 45 45 52 55 48 48 53 46 53 54 55 48 54 49 55 54 52 51 55 52 47 49 51 45 46 53 45 46 48 53 52 55 53 48 50 49 49 51 49 45 48 52 51 47 52 50 47 50 53 54 54 46 48 51 49 53 46 45 54 47 52 51 53 49 53 54 53 51 55 50 53 46 54 54 45 51 54 45 47 52 47 53 51 49 47 51 46 50
52 52 53 53 50 49 47 49 55 56 46 55 50 50 50 47 48 51 49 48 46 48 53 51 47 55 56 47 49 49 48 52 53 56 50 48 46 53 52 46 53 56 52 48 50 51 51 54 51 55 53 52 46 56 56 51 53 53 51 56 49 52 50 47 52 55 46 55 56 51 53 49 53 46 46 49 47 53 51 47 56 50 49 55 47 53 52 46 54 48 47 49 55 48 48 50 56 56 46 48
52 53 53 49 49 49 51 57 57 53 56 51 51 55 56 56 47 57 48 50 55 54 53 53 48 49 50 48 52 56 48 53 53 52 51 56 47 57 56 51 57 49 50 57 57 52 54 47 49 49 50 57 48 50 48 56 57 57 50 54 57 51 57 51 55 51 56 57 57 47 55 51 49 54 56 52 50 56 49 48 50 50 49 55 48 50 51 51 49 49 47 49 55 52 48 56 54 50 47 50
54 50 58 53 54 49 53 49 48 51 58 57 57 51 58 58 49 52 57 58 53 55 48 58 48 52 52 48 55 53 48 54 48 58 54 55 48 49 52 58 57 48 58 53 52 57 51 53 52 48 55 53 51 58 52 54 55 57 57 51 52 49 49 50 51 58 52 51 51 55 57 52 53 51 55 52 53 58 57 52 56 54 49 48 52 51 48 52 50 54 58 51 48 55 50 57 53 50 50 55
57 56 54 53 55 51 49 49 56 53 57 59 57 52 50 51 53 58 49 56 49 50 49 51 49 52 54 58 56 50 56 58 59 56 55 52 55 58 57 55 58 56 52 52 51 57 55 51 49 57 51 56 52 53 49 52 58 57 55 55 51 55 50 50 54 53 53 52 52 50 49 50 53 57 52 49 55 53 59 49 52 54 50 54 53 57 51 55 53 55 56 58 59 55 59 55 51 58 57 50
55 60 58 54 54 50 56 56 59 52 58 59 55 53 59 57 52 60 57 53 58 52 51 56 59 53 53 56 50 56 52 53 54 60 58 51 58 54 60 60 51 53 54 55 60 50 52 51 52 51 56 53 60 52 55 50 55 60 50 53 54 56 51 57 59 57 58 56 57 54 55 57 58 53 58 56 58 57 55 58 50 56 50 60 52 52 50 59 53 54 57 55 59 56 51 58 57 55 56 50
54 53 59 58 58 54 55 59 61 56 57 57 59 61 53 51 55 52 55 58 61 54 55 60 52 51 54 52 59 53 60 52 57 60 53 59 54 57 61 59 53 54 56 53 56 51 61 53 56 58 58 54 56 51 61 56 59 56 56 59 55 61 56 55 56 51 56 57 53 60 58 60 61 57 53 60 61 57 55 60 60 60 60 56 59 61 54 53 54 56 51 57 54 59 55 58 51 56 52 52
60 52 54 53 62 59 53 53 62 57 61 55 54 56 59 54 60 62 54 57 56 60 58 59 61 62 56 55 57 61 58 61 60 62 57 56 53 55 60 53 53 60 58 59 55 58 53 56 58 56 60 60 58 54 53 59 55 62 61 56 53 53 52 58 52 54 52 56 53 62 58 58 57 62 57 55 55 60 58 60 61 56 56 57 61 62 61 59 53 62 54 53 54 60 57 59 60 60 60 62
59 55 58 61 59 57 55 59 61 60 63 59 62 60 55 61 62 57 63 58 54 59 61 60 60 62 58 54 58 62 54 61 59 56 54 57 56 57 62 58 60 58 56 53 55 57 53 63 53 54 57 54 57 63 62 53 63 59 58 57 62 62 62 63 63 55 54 60 54 53 56 61 60 59 54 58 58 58 60 59 53 53 61 60 62 62 59 59 58 57 63 61 55 62 55 56 55 54 57 63
57 59 63 60 61 62 63 57 55 62 56 54 58 61 57 62 54 60 55 62 54 55 56 62 58 60 56 60 58 63 61 61 56 62 64 54 55 64 57 60 56 62 57 54 56 55 55 61 59 64 59 61 55 56 58 61 57 63 59 54 61 54 61 62 62 63 61 58 61 63 57 55 60 56 63 60 57 62 54 64 59 54 60 54 58 60 60 63 62 63 56 60 57 59 63 54 57 54 58 56
57 65 65 63 58 63 60 59 64 62 62 64 56 61 56 62 65 62 62 64 60 57 64 57 57 59 62 65 63 61 56 56 58 62 65 55 65 63 62 61 59 60 56 55 60 56 56 61 63 60 65 59 64 58 57 62 58 63 64 56 58 64 56 65 58 58 55 56 63 60 59 65 55 56 65 59 59 63 65 64 62 62 62 57 57 55 57 63 62 60 62 62 65 56 56 57 63 59 65 57
66 62 65 64 62 65 60 59 61 56 58 66 59 57 59 65 56 60 57 62 56 62 59 59 57 63 58 60 64 57 63 60 57 58 57 66 61 64 63 59 64 57 65 63 57 60 60 63 63 57 65 66 61 63 59 66 56 66 64 60 56 65 56 56 66 58 61 59 57 65 64 66 57 58 63 63 66 59 63 60 59 56 57 58 57 66 60 64 63 62 65 57 60 60 61 60 60 57 59 64
65 58 67 58 60 66 58 58 58 65 63 66 62 63 62 60 61 67 65 62 67 60 65 59 63 63 65 60 64 65 66 57 62 65 62 64 63 66 64 67 57 60 65 59 65 64 67 61 59 64 63 64 63 67 65 60 66 60 58 62 62 62 59 57 61 62 65 64 58 58 58 63 59 57 65 62 64 61 62 61 62 62 67 65 58 63 65 61 61 59 67 61 61 62 60 60 62 60 66 65
61 63 63 64 68 65 66 63 59 64 67 66 67 66 61 67 66 59 66 60 60 65 59 67 60 65 67 65 68 64 66 64 59 60 64 60 61 64 59 63 61 60 59 67 66 63 66 60 67 68 66 67 58 62 63 59 59 63 63 67 62 68 65 63 67 63 59 62 64 66 67 58 66 64 62 67 67 63 59 58 64 58 65 67 68 68 65 61 68 58 66 68 68 62 68 63 65 61 64 66
66 68 61 59 62 65 66 63 60 66 62 59 64 60 69 62 59 68 60 59 69 60 61 64 63 61 62 66 67 68 61 64 63 68 61 59 59 61 68 62 64 66 62 64 60 61 66 59 63 64 60 63 59 68 61 62 64 69 64 69 65 64 62 66 68 63 68 59 62 63 66 62 59 61 67 63 61 59 65 68 65 65 64 59 68 59 63 69 66 68 62 66 69 60 60 66 62 64 65 63
61 70 62 62 60 65 68 67 68 62 63 62 68 62 67 66 69 66 62 64 68 67 63 63 68 66 62 62 61 60 70 62 61 68 64 64 70 66 60 68 70 69 66 62 61 70 60 68 67 60 70 62 62 68 67 67 70 66 70 64 61 66 69 64 66 62 68 64 66 68 61 62 66 69 63 69 69 69 61 60 67 63 70 65 70 60 64 70 65 61 65 64 70 68 60 61 70 64 61 66
67 69 62 68 68 69 65 67 63 69 64 65 62 61 67 64 66 67 71 61 67 67 65 68 62 63 65 62 68 70 62 69 71 65 62 65 65 67 68 61 68 71 62 63 65 67 68 67 62 63 69 71 69 68 68 65 62 67 71 64 67 64 64 61 66 68 70 64 71 64 65 65 64 70 61 67 67 67 67 66 69 70 70 71 71 64 64 69 63 68 61 69 69 69 69 63 62 63 69 69
62 72 72 67 67 69 67 69 64 70 66 67 67 68 71 70 63 69 67 63 62 71 66 63 64 70 68 72 63 72 62 66 65 63 70 71 63 63 69 72 68 63 64 67 66 64 71 67 65 65 65 70 72 64 68 71 63 68 62 68 62 65 72 63 67 67 67 67 62 66 62 72 65 67 65 70 67 66 62 64 71 64 67 71 62 71 68 72 66 71 68 71 64 62 71 66 67 67 69 65
72 69 64 66 66 67 65 67 66 70 65 72 68 72 63 65 63 65 63 64 64 64 68 67 69 66 67 68 68 63 70 68 72 66 72 66 71 70 68 63 70 63 65 69 67 69 65 68 70 64 72 66 68 65 69 64 68 69 73 65 69 70 69 71 70 72 66 73 68 69 71 66 71 67 70 66 72 73 67 63 64 68 67 68 63 71 63 72 71 71 69 70 67 70 64 67 68 73 69 73
67 64 64 74 69 68 66 68 65 64 71 71 73 70 69 74 65 71 65 65 72 65 64 69 70 69 65 65 70 66 64 68 65 74 64 64 71 65 70 66 64 69 65 67 65 65 69 72 68 72 74 65 72 71 69 65 71 71 71 65 68 71 65 71 65 65 64 68 65 65 66 74 73 65 69 67 71 71 73 68 72 74 73 71 74 70 73 73 70 67 66 66 66 69 65 74 71 66 68 71
68 69 75 73 65 67 67 69 68 74 68 74 68 73 74 66 68 71 70 68 73 74 73 68 69 65 69 65 67 68 68 65 65 74 67 65 73 67 66 74 71 74 66 69 67 66 65 69 68 74 69 69 66 70 71 74 72 74 65 65 70 75 67 65 65 75 69 70 74 67 69 67 67 74 70 72 74 73 66 72 73 74 71 73 68 74 72 75 66 71 73 68 67 73 74 68 70 75 68 68
66 67 74 71 69 68 71 71 71 70 72 71 70 68 70 70 74 74 71 73 67 75 69 76 73 68 71 72 68 68 74 70 71 76 74 71 71 67 72 67 73 73 72 70 74 73 68 70 66 66 76 73 75 71 71 71 71 75 69 74 70 71 66 68 69 72 75 74 73 67 71 68 70 69 69 66 73 67 67 68 66 70 76 75 71 75 72 76 70 72 66 70 67 71 76 66 75 67 66 74
67 71 68 69 70 73 76 68 68 69 74 68 77 72 72 67 74 71 74 72 73 72 70 73 77 77 73 67 75 75 69 75 73 72 74 74 77 67 71 69 76 73 76 68 72 72 69 71 71 69 69 76 68 70 75 77 71 76 71 71 76 77 72 76 71 73 67 75 68 68 67 74 72 76 68 72 72 74 71 67 67 71 68 75 71 74 72 75 69 71 73 67 68 76 77 72 68 68 75 73
72 76 78 74 78 78 72 68 72 73 78 78 73 71 68 75 69 74 72 77 77 69 69 73 70 70 71 77 74 69 68 75 74 71 71 72 78 69 70 74 78 73 73 74 71 75 69 77 77 69 73 78 78 78 73 76 75 75 71 78 70 74 70 71 74 74 76 72 78 77 70 68 75 75 68 69 73 72 75 77 68 74 70 70 73 74 77 68 72 74 72 72 77 77 72 77 72 68 77 70
77 79 75 70 73 78 74 75 75 69 74 75 75 78 76 69 71 79 75 69 73 74 72 77 72 70 79 79 71 74 72 78 77 71 75 74 79 77 76 73 72 69 76 71 71 73 69 75 71 77 69 74 69 77 75 76 76 70 69 79 75 69 73 75 78 79 73 75 72 70 73 71 72 78 74 78 77 73 76 75 69 76 70 78 73 75 75 74 69 77 75 77 69 77 74 75 76 79 75 77
79 77 75 72 71 76 76 75 71 72 78 74 74 77 72 80 80 75 72 80 71 70 76 77 73 76 72 76 74 72 74 71 75 71 72 71 80 75 73 75 75 71 79 80 70 72 78 71 74 80 72 78 73 74 71 77 72 79 79 73 76 77 79 72 71 76 75 70 80 80 78 72 73 73 70 73 77 80 70 71 78 74 70 75 72 74 74 71 72 74 76 72 71 70 70 80 74 73 77 78
77 71 79 77 72 75 78 72 71 71 72 81 77 75 79 75 78 79 73 75 71 80 74 78 81 72 78 72 74 76 80 81 76 80 75 73 81 71 77 79 81 80 77 81 74 76 74 81 71 73 72 75 71 73 80 79 75 73 73 71 75 81 74 81 75 72 73 76 75 76 73 74 75 79 71 78 81 77 74 78 77 73 79 74 74 78 72 78 80 78 71 72 79 73 75 75 73 71 75 79
81 82 72 81 76 82 81 81 80 74 80 79 82 77 76 80 76 77 80 77 74 80 81 73 77 81 72 79 82 75 75 82 73 74 79 78 75 78 80 81 82 75 80 82 73 79 81 81 78 72 82 76 79 81 76 72 76 81 80 81 81 76 80 76 72 78 73 80 82 82 75 79 76 77 75 80 73 72 77 76 74 77 75 77 81 80 82 76 78 73 79 78 72 80 82 79 81 76 80 79
74 76 80 73 83 82 81 80 80 80 78 80 80 81 76 73 82 76 81 80 76 82 83 73 83 75 82 81 80 79 82 79 83 79 73 79 80 73 81 79 76 76 81 76 83 82 82 78 74 77 78 82 82 80 77 80 73 81 77 80 81 75 75 79 80 75 81 79 73 79 83 77 83 78 73 76 75 73 83 77 75 78 83 77 80 81 78 77 83 74 80 79 80 79 74 82 74 80 75 77
84 76 84 79 78 83 79 77 83 76 80 84 76 81 74 84 82 77 77 75 74 78 83 83 75 80 79 81 84 76 82 76 75 77 77 79 84 83 84 77 78 75 82 77 80 78 82 84 84 79 76 78 78 74 76 77 81 83 78 81 77 77 74 75 78 83 79 82 79 80 76 84 79 82 81 75 77 77 80 77 74 81 75 77 77 74 79 80 80 78 78 78 79 79 75 82 77 83 76 77
82 82 78 80 79 75 79 77 81 77 82 80 79 83 81 82 80 79 76 75 85 85 77 84 81 75 80 84 75 85 82 83 82 75 80 76 75 82 82 85 78 84 78 85 85 78 83 81 77 76 77 79 76 83 77 78 75 85 78 76 83 75 83 82 85 79 82 77 82 81 76 75 85 84 75 78 83 75 78 84 83 76 81 78 75 80 79 82 75 77 83 80 77 80 84 82 76 82 77 75
76 84 79 80 76 77 78 84 77 85 84 84 84 81 80 81 85 84 76 77 77 78 80 80 86 82 79 81 76 81 82 84 78 82 84 84 84 83 80 80 79 77 86 82 85 79 84 79 80 79 86 86 77 79 80 84 86 76 77 83 77 82 86 82 81 83 83 82 84 86 83 81 77 77 77 84 83 83 82 84 83 84 82 85 82 85 80 77 78 84 76 80 86 76 83 84 77 85 86 80
80 83 83 78 82 86 83 77 83 83 84 85 83 80 87 87 85 80 83 83 83 81 79 85 87 79 77 78 77 80 80 78 81 87 83 86 84 77 78 80 81 85 79 83 85 78 85 85 80 84 84 87 78 86 86 82 78 77 78 79 82 81 87 83 82 84 81 81 84 84 84 87 79 83 87 80 81 79 83 82 86 77 78 80 77 84 81 86 83 77 77 77 82 86 81 81 81 81 86 84
85 87 81 79 88 82 79 84 80 83 79 83 88 79 80 85 79 78 86 88 82 84 83 79 78 79 81 79 84 81 80 85 83 86 81 81 84 82 87 82 78 80 80 80 87 83 81 86 79 82 83 81 85 86 82 86 81 81 87 78 84 86 88 88 88 87 79 81 85 81 85 78 83 82 86 85 85 82 83 86 87 85 80 79 78 84 78 81 79 78 87 86 78 86 83 82 82 84 88 82
89 79 80 79 82 89 86 85 82 89 80 88 83 84 85 89 79 81 80 87 80 79 80 79 81 84 88 88 88 89 79 89 85 87 89 80 79 83 83 79 88 84 83 84 85 81 82 81 86 79 81 89 86 82 79 81 81 88 86 80 83 82 82 88 79 89 82 89 82 84 89 89 89 83 82 82 85 82 89 84 88 88 81 80 84 86 88 89 87 82 83 81 87 84 84 80 85 83 81 83
86 81 85 90 80 89 89 90 80 82 87 80 80 80 82 87 88 88 84 87 88 86 86 83 89 87 82 89 86 82 88 80 83 83 86 88 82 81 81 80 89 89 88 81 83 83 86 89 85 86 84 83 87 89 89 82 88 90 87 85 81 80 88 82 81 87 80 88 88 87 81 84 89 81 89 81 86 87 85 83 80 84 89 86 87 89 86 80 85 85 83 84 84 86 87 85 86 82 81 87
81 81 88 82 83 85 84 91 91 82 86 81 83 82 83 86 83 91 88 87 82 85 86 83 84 82 90 87 89 87 82 88 89 86 81 91 86 88 88 89 81 87 89 84 82 82 87 85 81 86 88 91 87 84 82 82 82 89 87 81 83 81 90 90 82 90 85 91 86 82 84 86 89 91 91 87 91 91 81 83 84 88 86 81 89 89 85 89 85 83 87 85 81 89 91 87 85 85 82 86
82 90 83 88 89 87 92 86 86 82 85 82 83 85 83 85 85 89 85 91 90 86 84 82 86 87 92 91 85 89 83 92 83 86 83 86 83 88 89 83 89 82 82 88 84 87 83 92 91 91 89 92 83 88 84 88 84 88 92 90 84 92 91 84 89 84 90 91 86 83 87 90 84 90 90 91 84 82 84 82 88 83 89 82 90 88 84 84 92 92 82 89 87 89 83 89 82 85 88 89
89 84 88 90 87 92 93 90 85 86 88 89 91 86 84 90 84 88 89 89 90 93 84 83 87 93 91 87 90 90 86 88 90 86 84 92 85 83 92 89 93 86 87 86 90 91 83 91 85 88 84 89 86 88 93 89 92 85 87 89 92 92 90 85 86 91 93 92 86 88 85 88 83 87 84 89 93 89 86 92 93 83 90 89 92 85 83 91 84 90 83 89 85 92 88 88 92 92 91 93
93 94 94 87 86 92 84 91 90 94 84 90 85 87 92 92 88 94 91 85 87 87 89 87 86 92 84 94 85 88 93 94 91 94 85 90 89 84 94 94 85 91 93 87 84 92 94 89 84 84 91 85 86 88 94 92 84 91 92 94 84 94 88 87 94 93 92 91 90 85 90 94 88 91 89 93 84 86 88 87 88 86 92 91 89 93 88 91 87 84 94 94 86 86 94 88 91 90 91 86
95 91 88 93 89 95 87 88 93 92 92 91 92 91 90 93 95 90 85 91 90 87 95 90 94 85 86 86 87 93 87 88 88 87 88 87 86 90 93 92 86 87 95 92 90 91 88 90 89 89 95 90 87 86 90 91 85 90 88 90 94 95 86 92 94 92 87 87 86 92 89 93 95 93 90 89 95 91 93 94 91 87 88 89 94 93 93 93 88 88 85 88 92 87 88 94 94 87 86 89
91 89 90 92 92 90 93 91 96 90 96 86 91 88 96 93 90 91 86 86 87 93 88 87 90 96 87 96 94 92 88 90 96 93 90 90 88 96 88 96 88 92 90 89 93 94 92 86 91 92 93 88 94 88 90 89 95 95 91 90 89 92 92 89 86 92 87 90 96 96 95 90 93 91 87 88 92 87 93 88 92 96 94 88 89 92 89 88 95 86 95 91 91 91 95 90 88 87 92 91
94 93 88 96 93 96 97 90 90 91 90 95 97 93 95 91 91 94 97 93 90 92 91 90 92 87 96 91 89 95 91 94 90 92 92 96 95 97 94 88 95 90 87 95 88 87 88 93 87 94 94 88 92 89 88 97 93 89 88 91 88 90 97 89 89 90 88 93 92 89 87 90 88 89 94 90 95 89 96 92 89 90 87 87 96 96 91 93 87 93 97 97 90 95 96 92 93 91 90 95
95 95 95 94 92 95 93 89 88 97 91 92 89 89 91 93 93 96 89 96 88 93 91 91 88 90 88 94 96 91 96 91 93 98 98 94 96 96 92 94 92 98 96 97 96 90 94 94 95 92 95 89 95 91 97 90 98 97 96 94 93 97 97 97 98 94 93 97 95 96 97 93 94 94 90 89 91 96 97 97 91 90 88 98 88 92 96 96 97 98 91 91 98 94 93 95 90 95 98 95
89 91 95 92 97 96 95 89 96 97 93 97 96 96 97 89 89 89 93 92 95 96 93 94 98 90 95 93 90 98 90 93 98 99 97 96 97 90 92 92 90 95 93 97 92 91 89 99 92 95 95 93 95 98 99 94 95 92 90 89 99 95 94 93 96 91 96 94 96 91 99 98 94 90 90 92 92 97 97 99 97 93 96 90 92 99 89 98 95 92 92 92 98 97 96 98 95 92 98 97
92 98 93 99 100 99 93 94 99 93 99 93 92 92 96 98 92 90 97 99 93 97 97 94 94 97 92 100 96 93 99 90 94 91 96 92 96 96 99 100 100 100 91 90 96 94 99 91 92 91 98 91 99 99 94 99 100 94 95 99 97 100 91 90 95 93 99 91 93 98 99 92 99 96 92 92 95 96 93 91 90 95 100 91 90 92 97 96 90 94 94 93 96 92 93 97 98 96 95 93
93 96 95 95 94 93 94 100 91 95 92 100 93 97 94 92 95 97 93 100 92 93 93 92 98 100 94 98 94 93 91 95 92 95 95 100 96 100 95 92 100 97 91 97 97 96 99 100 93 93 99 94 92 91 99 94 94 97 94 93 94 94 91 92 98 96 100 99 95 100 98 100 100 95 97 96 91 94 98 95 99 97 94 100 97 98 98 95 95 93 92 95 98 98 97 95 99 99 96 97
93 95 100 96 99 92 96 99 99 96 99 92 100 95 97 94 98 100 95 99 100 95 93 100 100 100 94 100 94 100 100 92 96 100 98 96 92 97 98 100 94 92 94 96 92 100 100 100 92 98 92 98 99 100 100 92 95 95 94 98 96 98 92 99 100 95 96 100 98 93 94 94 93 92 100 100 96 95 97 100 99 93 92 100 94 94 92 93 98 95 100 98 98 94 100 97 92 93 100 95
97 100 100 100 100 100 100 98 97 96 98 97 100 93 96 96 100 100 100 98 100 100 96 100 100 93 96 100 100 98 96 97 100 93 98 100 100 100 95 99 100 97 97 98 95 100 99 97 100 100 97 97 94 98 93 100 100 97 100 100 96 98 100 100 99 98 100 100 99 94 99 93 95 100 93 93 96 100 93 100 100 94 100 96 100 95 100 93 100 95 100 94 93 100 100 94 93 93 99 98
100 100 96 100 100 100 100 100 98 100 97 94 98 97 100 100 97 95 100 100 99 98 100 100 97 100 100 96 96 100 95 95 98 100 98 96 96 100 100 97 94 100 100 94 99 98 100 100 94 94 94 94 100 97 96 100 99 98 100 98 100 100 96 94 100 99 96 100 100 95 94 100 100 95 94 100 100 100 100 99 95 99 98 96 100 100 100 94 100 100 95 100 100 96 96 96 100 100 97 98
