50
781018149 969017483
939308248 330321968
281156289 72487850
332736298 858118556
181003834 352158118
227069974 992112838
766537929 510461314
886054646 479127534
688375282 732058709
715586077 374108261
742687141 995351861
251469499 622023414
192866986 968637783
485769205 546259796
316376008 15983657
876091334 494012206
665446077 768264297
70113608 404539347
624629589 33734631
30851680 451675472
326058773 906596947
428686262 29199526
729948116 530337473
258702498 987125112
247855251 499859820
770786065 605944323
283367510 171542622
336863556 702564018
9170325 532784302
803197778 516007155
967206538 241429326
208399129 322809705
419155266 431838702
338668959 966830698
113983083 588480941
375068730 657032092
475563254 297407142
169795727 557863382
44951028 592538510
899516726 818121872
738330883 661866809
86020314 991605894
940170969 806357030
415522687 74888667
55992620 354570654
576228438 652020914
226069824 786378771
820765600 931591482
226537193 246535395
401674915 684189371
