200
771223267 561268543
668565863 628404719
113756205 649574689
851296022 562703439
549062307 998090666
206413100 242117187
540490912 867972166
512653708 659021376
357421047 210091377
604706465 265189090
194842505 364359802
549931001 269992615
268185903 769842764
506250045 820142750
384715130 613686875
12283940 855526915
210466606 79440530
981143786 683220268
95890053 314643093
735058542 338266614
4651832 89066577
807110499 620818034
218094036 675948246
153343994 768407105
628804599 387429749
103610737 288187400
862396786 905389812
546472155 102693555
921379455 98087069
551559655 132810797
445638190 420443481
318606771 118771258
859535040 8123353
503064056 770598255
163223906 737285781
980790840 937338723
885285054 120950782
99039929 861806498
211724716 916687018
784561015 824030141
723733070 954570113
824786451 452576395
649195163 382154820
869746856 537869898
691037427 789678532
632386828 369825111
320033753 830790334
299935190 741745217
308520867 375382009
247807988 567584588
134582385 658761205
22255405 420342704
651593088 950730034
335931965 787751280
448523102 343429762
317130398 925914278
596878438 786667403
92458575 984138006
223692898 957771454
55289701 618405554
597337972 516204297
712657335 198502993
858060623 187558927
396105842 924640743
466376957 899609798
879712895 122460329
146679251 489629937
612391591 381377161
710897484 180926888
99990082 617189289
774787333 595851602
725887087 705653270
647855164 449341934
203464744 771180473
232688546 489726860
182266593 725261136
704670720 516565691
593279312 870844642
97063655 878208949
76422097 333204599
228319031 263483623
840022020 649220727
67830512 417495094
802258098 624624574
62009408 28259307
775866532 82694612
272525928 417590101
61018533 283302527
905383091 44203241
655956806 173062848
790585601 672147852
775400286 161145335
762127573 131912947
752206406 728577351
765959934 41549878
775459274 703495735
524990905 42640942
870935270 193475381
164846185 969412606
805299138 627304641
78319011 926244010
757187382 241296310
481252408 964300478
22095809 262479125
110364498 804125014
224735924 498805040
553813568 119762643
196548220 582531129
113618208 937558477
309169604 284407667
145518055 699526769
880649794 346978907
246282161 306987994
929122610 67101641
810180110 484194437
750523847 574719246
239383737 43271870
664362404 511786199
333254434 768471006
396651730 624681118
35004700 633667439
179634248 121035382
201172050 478202153
507395729 822559879
559671788 683952746
687389733 414423883
118149552 512022257
546198469 15048614
520707240 826916387
602411386 89056866
563238851 957886977
140938021 14939202
65892676 471103394
550084108 452670405
388036814 959586689
559691901 904522072
954041610 47552689
243518884 89317505
951249056 326178616
975220435 774566170
671386465 487434514
959578591 616869905
896279410 747255742
844997558 677742893
939204732 117764448
246364099 549747800
408495730 173171597
243605575 482253495
408313155 586929627
21382276 882314070
23195235 266023381
937082905 118318074
686162734 259654328
921801557 247049617
939984065 342186242
776725957 152658492
875425432 784998347
651208036 45570000
203354545 344257587
655495134 163275452
878937729 445106545
75166562 668513595
746981528 220703927
30766351 745883838
389975805 962736129
848542227 26527156
77997081 625488273
721695626 761252744
716588713 425281613
13605606 590483601
20474539 572488172
474376093 99558982
711422857 98440878
930958634 246032825
424840932 731482948
819158751 936720488
391474102 609175374
609228329 613163002
582405956 983293407
345749336 904148891
653803695 504892530
65279115 296019781
889832260 334134437
924598588 426210096
314683509 662963823
792248461 511902992
294787365 589661466
47984674 494123440
986418837 719267375
913952807 945905279
712698564 424881505
69085734 379875141
24929756 628123716
575171170 200579408
220396421 592799399
832538216 796195656
982155847 580165620
502256308 450984110
481827972 358149006
41998846 884788366
