200
65005052 565675215
564455983 872003753
25569101 761552370
624841843 295061862
421990767 755866263
375238562 941549085
387814259 594724911
16686417 610761516
793997051 875359211
424056240 732682019
856475089 72919179
814987086 65803234
401400058 279122597
378590327 459710230
320791206 175183511
721351474 951403551
848577102 301873409
329529303 762376792
566243799 747788167
923062762 63942999
401765859 528839843
377532704 124004208
547771249 34746036
577136798 315594909
841323657 628403957
1310530 599513353
174961142 250252956
667713788 425590383
48067977 213408480
136135224 382700604
365594704 269009904
739659411 976799507
472720858 945885022
930964292 964011394
469408418 225819080
17665624 915299759
411761010 558105060
519843364 315034876
174165910 582945480
142680042 665721250
371126812 729261585
629462427 337630131
110214544 362041539
46845246 394662854
725104183 839199483
42758514 800719873
308959139 392260448
483001247 182999107
933338122 810483354
864574296 911900755
192643106 740037626
269829187 244194938
519596346 40715595
454358614 798332044
664799150 166100205
264445515 426571623
413366441 61123137
442789837 812992509
973003038 123720038
888729642 409385846
85895032 869008273
28292416 119330006
792922814 446642891
779022130 807041915
450971567 651302240
778014738 13261068
407198461 250805414
992771370 343882118
670106360 806930616
421299471 235010899
541078891 954630110
880513888 248942115
464921178 298190795
518979232 675200288
224495011 592420361
123083214 934830381
391212596 67836732
367026030 337583157
159184484 675555881
886307461 373621862
700635941 58031830
164185349 255928079
547163683 520161246
697782626 911032137
43865151 804167999
398853582 534326874
891569111 726846405
453422437 358963614
279471405 198746150
233566573 191637599
79052352 915863085
181155038 293385473
884351427 686914410
600179010 547555486
731768986 696891325
77832718 771469171
565074857 972878472
827485015 11026236
44395023 230603760
74381136 349596538
157941900 137181611
296713533 187418355
59544992 165511033
284012693 337446599
300262604 11672807
42302792 787317275
925610794 204859804
601143064 10326298
126173283 237999236
425140841 692272440
373514302 525651287
924322123 130139635
275959983 229819214
56479095 61008618
672711149 699067003
777526015 258706592
325788069 811974265
706537437 110285177
621022742 393420153
377415871 911411123
703548240 23194915
19315590 789319139
751134480 419977718
701632624 819920712
677986643 850066813
602296886 960854504
873942633 352584567
768616922 304868328
118617100 183110936
625439023 642234207
170046436 419816867
789522543 725559946
375417515 851937632
643956356 467790268
150289959 41322410
690063284 153777778
626960224 588713238
414526456 455918597
657952237 353551529
575531700 579170850
20914491 581161040
559872804 698907328
659197252 229700653
850634103 733754602
618552697 86801394
983850275 714424022
657881710 351165932
431621107 352906002
547227657 727403026
348184187 240270861
673219347 503729143
633610147 971069918
365423056 425309145
741365882 909359266
823305196 310285277
923124093 111815983
617507846 154051970
251175270 436585030
922343249 120748326
919846674 406189574
460302216 748365107
291919256 325798661
17445675 949900663
746065488 188568361
959646344 4471784
61877973 918529338
628649177 809553386
591357652 642522783
55773165 282568862
622290955 819395727
306856125 773900078
325649756 694478557
333960969 863521580
307175324 297310204
571122610 889793563
189099282 747641921
54736797 521085918
613203965 967620445
741917890 902308776
645167515 840223579
429275023 194545467
142214488 185939853
446935865 503566578
597184724 98610682
583568098 569303172
153369049 966451078
665050332 469373599
339183505 554657212
773618682 848957469
814979280 557536183
255936138 227628860
539874841 352381983
977940829 932735034
448822287 20110359
965229234 685681699
246653053 313800487
93561179 932160074
250953746 405102000
539702872 252402372
373544054 182762901
