200
672574041 125954564
391318182 86304450
76907016 241983642
996362063 407235365
691235068 673249161
604396493 507029891
648800159 136976657
490186085 542813495
899980746 472486727
576069466 169002752
974671573 492587172
791788623 804492390
62406634 469835008
33575199 50362420
553024999 165527344
932488123 549711342
840086156 280297427
951974972 524581297
158356362 260161807
853255177 723392776
633156056 949850146
41878732 543477900
50189305 979164229
341008417 448810435
202943134 833216362
176283108 2936118
958027879 715036123
633602439 386040246
920279486 160940342
167981557 417627433
573194422 564081051
570622732 775945146
203198814 390536972
277161944 499799088
977449119 260967056
995184180 845079111
296504611 902439375
384773108 684068877
702891764 76560073
683505526 7670028
698987111 276482803
516217242 964185727
88450710 723362878
231706997 755433536
252672658 684755808
204131321 541450636
431818518 712569716
843501582 631276196
549873720 529064336
167421290 849630379
875538198 957649823
297199300 414946946
986707729 221929503
788607304 65980638
704026214 615836865
255311652 733787716
221465290 147445992
246386236 215740711
487822185 633980403
176567051 946295746
743748263 496291583
796694510 165672141
663353003 76602488
734530754 910197309
964989454 636778438
407187498 209768296
601149085 283478805
458077828 66891686
766562565 288822840
608475527 725981
531224900 819790111
56004980 736956739
570345125 333682872
593969666 891145296
749323557 224800247
22604910 928268840
845993797 737869046
229354117 396064564
118150076 67759081
987760198 612873905
682757155 792429067
312970731 732959645
473559019 790927549
907534337 806192646
802158292 725790162
704086816 759497555
514756748 173286599
675231704 235190588
518705420 564106575
434549358 800464162
642995293 780641824
935082501 679142971
239829951 859977833
237839086 531117019
930604606 888323045
86817549 619315850
619073397 503751925
19834688 363395590
444793446 526923819
643888338 346869514
413699032 657908311
741327333 79382600
510324760 803541640
462428131 961127620
6131639 821396775
835753530 15300410
650291128 187616871
561802872 432713869
73115668 419227206
371855414 400294653
955993119 959612749
881026320 431694982
668690556 399331885
724985308 173102043
804204716 379186568
130739074 399362855
217287447 520760036
548180203 102017056
694997758 551078018
730716032 226165615
902265422 829596585
51059939 173287014
491752367 966865916
139195646 830682219
746934170 73200955
799394160 933271646
907488632 124876589
84810856 547602898
35719234 393869072
667107079 756999298
345430498 326618198
925785971 294894559
296205393 801830977
383237492 121977008
156555641 392782636
615342003 391394201
831071396 700322639
325762251 445630411
193512572 233434319
185160058 822392206
968578038 137894992
380487127 196350420
843434528 135730499
387009092 525763653
589929598 451497985
549020699 592671066
242313806 570579198
561563325 895754946
441780431 219626468
598273825 488412888
553615164 44221050
621373153 176741944
472973194 178205091
280596890 241517650
502063121 492109861
680822249 911092888
595731223 375694106
808696997 231414454
244474401 707551032
986543452 382329263
324359162 336140466
161867648 400384100
334549888 134078116
396951980 382432055
680943753 490607169
476273573 37321146
758523890 855688698
295738366 455807165
558399516 977573375
31187688 177583039
997300380 508236267
733854243 751713991
965791655 485395915
448302664 577005579
837718783 809626869
613485806 515863798
124073147 514282974
536011029 967740446
83328152 125772128
807235186 158320708
538423305 378812422
849622600 936392109
325176117 208066686
200969435 848909696
593287242 453495580
283184728 872022607
1948200 6452445
828927632 884170645
932849187 384000379
923163489 477353147
862190422 357738217
2445887 862317174
317489970 89960518
224742013 346845017
349723344 969431262
430618482 911446067
927311896 873628883
438771365 83434761
749285658 137534867
335835150 592911781
