200
581961610 402945187
504072592 863563502
384694722 587063314
972718154 204898905
447941618 78340006
459536750 412284179
701451447 631430595
2191633 941007502
137172280 234664622
845198446 354817824
746563329 914772197
116184594 197226462
946615949 776305639
172552214 87714756
633268132 842222457
481628307 116090641
367431176 361121518
823507689 798477539
119719391 46843423
591104391 57500161
537158791 929505161
388142474 721086565
30902272 482323305
490506350 821009205
108521800 663455142
136981946 554035597
499263216 927933411
721564743 129933419
310047716 410742331
561566429 981679161
720222176 544829035
808278002 344904928
174658678 192338136
635658584 93395829
702376904 93518339
122007277 459687269
68191699 657795978
119849187 511606498
496526139 825158991
9141122 661675392
793300960 372823430
400796636 906670212
493893048 703218631
463698978 520106062
927911034 397789941
554854489 284053942
648554115 608788467
790795083 394811200
573892108 254728320
602129089 328906126
406536053 986521796
656126135 687012910
258158054 293349351
781181534 288655351
187169108 737443338
420956906 119607694
919467654 608176799
989317328 241233752
973514156 878516034
973257351 739602295
284579695 701814481
292278502 662764433
791828038 142565689
5470391 718266339
775503783 635501183
842568779 75491457
397926215 196476374
131493043 799262719
123383129 440714474
254231283 548496524
985781939 476277327
397610422 534559626
266164925 216578364
465988062 30159592
509576512 551213908
74068644 799029075
10317762 823270327
201353904 745186899
222256092 987302458
135756252 129613539
635566480 934921558
799799407 404088328
621692181 1264975
729143384 7013740
50495297 550506937
824227228 862779232
564861662 37843786
357279518 138529172
349799505 833408960
47504292 207712222
744690776 509584127
779975383 151187833
694825073 502036266
165699947 579435930
232877162 336361269
922986209 718354689
821330636 834931901
550229880 245174428
674949011 580500309
807400222 890693898
314554055 862657666
723400789 900269228
264102747 471146636
180227517 43139004
843707303 87376623
797535241 508992120
374523546 610299301
369725367 791011997
235264500 50326556
714849749 769298620
320805609 946063297
9212034 145508216
953555127 13314839
490895644 682047905
533437217 721185327
332935105 606589895
172667855 262922201
40783680 250214886
277949151 295047018
631495737 755962032
351384834 202910394
83909046 1594317
39974516 809650606
917006427 801746143
831111034 919465639
328712004 546890810
394486442 146855213
910723968 916977970
724079397 119062666
505021403 615079293
383396185 550680130
417606107 125773609
407734449 807429907
585015028 42714665
173423282 500456340
381145872 743598922
661053717 307934677
513810004 246474075
594828201 412435924
672062972 549115207
160054323 649568737
545621413 824478995
731867493 477296152
121456728 788940069
809112993 509881377
650773046 536121151
31399778 185848873
589807135 530516183
437825672 579540436
825206763 180724198
995792007 764216230
477849378 954608196
719015769 516015486
667167166 239427917
139391429 602389721
859324233 352961567
720716647 330221997
905761961 180461448
484962105 295427763
868408123 42451018
933891641 590691705
225327941 527812234
50885510 396795443
891916413 728172608
310044995 836802752
387925379 96230279
931344590 424736611
689598428 764056285
237365404 429939054
888692996 223034218
613395430 773976754
163883427 920505770
997821363 475485888
624307953 149260849
148628995 707361332
190337349 168752819
868430336 556966560
521288080 416096900
727052388 755239809
638244682 120792001
188585340 17794996
220178199 196519618
452552762 891623087
973550022 303668112
267182859 583741341
15453438 715796486
768677249 122744354
213678206 853588115
882987458 804826434
814410964 312142426
550806926 706340386
499143192 770272633
924536121 136882349
764254230 96151234
337281476 365444346
191751868 89238209
760389668 824207971
127492837 105225560
849063359 930286978
527040533 426534024
