200
457322228 759444085
150247182 572829766
124953482 457785383
110263354 280502276
458283747 995713396
938049072 76748221
719381081 260017884
990939142 569563089
603948412 533289756
211574672 312482411
742683145 682829060
985391046 441710815
913503680 21767489
768623919 76779327
936341885 368751594
506031586 720182608
234637005 926642512
129578629 318840509
213232656 215352489
591276401 834100598
398174002 511113905
712190085 768378425
178476320 231196312
214774839 640582858
639670723 745114951
878054908 461567137
937154540 880744166
861760153 593658497
774624900 198049390
25380840 349138716
104641587 4956137
343204339 977240729
721578863 397862514
80212621 642424671
217875311 467730158
390870169 420753336
484480065 103589544
808893419 927388448
201958242 952828107
102713711 88878977
366625938 471077853
263941886 460360557
566601503 510133763
763086866 905062427
989502919 152944766
260097829 774137150
910108183 456915321
603704785 90015959
194305665 81200912
345623070 806672958
373574075 570854238
237953112 72264228
136080478 292226884
348056297 365624479
757241513 573540717
678255932 801108105
239041046 590918351
205978687 317642046
344609956 461903017
784080038 847523115
874651694 290453400
704395586 464996359
312617790 757213913
158437018 370685919
862458318 644295122
617923712 81901922
825768620 570102822
3344505 399595578
803180062 16191594
355542918 458602656
693965819 926861133
212837572 392206900
274551005 1081016
597711085 760976923
124206126 837220187
793164465 42654773
335489015 626501766
898687909 442536661
828615142 532328294
143380103 15413952
643351790 112949267
271778944 359573062
875617152 404858843
578608551 947584165
477761094 497648640
242927875 824685655
39762091 767080996
773668183 987487577
962293048 602647950
253240616 860009671
528959318 759036204
63176211 98754986
52542346 315297015
179325143 758091446
219512633 382993311
15403838 706249374
278084693 892224619
126170153 827419675
764948236 374497715
617356828 519115113
646001926 609408500
936785091 691236841
461385421 81893970
302008298 477655596
497768553 774086960
117544808 110480608
149825107 47010166
648209461 56409262
309400911 732930849
794302119 345094542
473230689 761411034
158363067 933180012
952588925 264830609
459992990 26446345
668157833 742237457
109468726 663913681
588806655 36364416
288639284 766528054
613929452 604648208
75476947 295156447
345571634 656514972
713686209 473746301
699718973 15938208
260202322 531930388
39843066 67253322
996121264 185735335
246902374 986692614
504984517 291907039
775445334 638517406
916240655 378158029
723034669 344379789
485552051 134522236
341043548 514322179
910442415 52102092
263708142 796904383
258143889 466309976
734483889 92146490
609582623 942769549
665650309 690986853
697735823 765885564
888806533 5094805
86257306 628644100
186177606 160960826
812550600 931310171
812713512 329929895
789378500 406013698
6154231 790772833
309209988 83829079
73373441 474748400
617470053 180532793
833435063 786592198
364429372 646382858
991618081 777846799
446221537 676267232
532508302 609870843
628608944 325708664
121751941 849765016
335241303 64531918
527315499 527494860
196471101 483895846
902350277 955632768
48117936 225651568
42917835 248815366
896057274 752108342
513543024 343707124
95129435 32334598
709151505 384288309
21855892 557475991
816405214 32727159
500592250 789498723
167710934 337581830
469030169 247122967
351992507 212241559
460353316 603977644
672327557 76812802
335950699 164696295
25128254 12874685
316339783 554396934
554779586 562719644
4992603 642915730
217958109 954298450
913928933 306458622
513293994 943084587
942745201 976134394
812298127 578805260
72466322 351612778
670217850 798167734
799879993 588329994
549010939 21518129
983464578 891667036
33361206 436688218
91359741 877677341
263662203 534709110
9704872 860795395
519594430 721221279
646546486 817237163
21407370 318028725
709012304 632620889
694748551 290891279
843314041 284132303
