200
444919807 136809687
444919815 136809688
444919813 136809689
444919805 136809668
444919807 136809676
444919807 136809667
444919795 136809675
444919796 136809687
444919813 136809672
444919806 136809687
444919801 136809683
444919793 136809686
444919793 136809677
444919813 136809686
444919806 136809690
444919803 136809668
444919799 136809689
444919806 136809681
444919806 136809673
444919817 136809673
444919807 136809678
444919820 136809666
444919806 136809668
444919796 136809684
444919821 136809684
444919810 136809686
444919804 136809688
444919796 136809667
444919818 136809686
444919794 136809677
444919794 136809672
444919797 136809668
444919820 136809672
444919820 136809676
444919800 136809691
444919806 136809677
444919808 136809683
444919811 136809684
444919816 136809687
444919794 136809665
444919797 136809663
444919799 136809666
444919815 136809670
444919793 136809685
444919797 136809685
444919802 136809666
444919809 136809665
444919796 136809683
444919812 136809676
444919811 136809665
444919820 136809686
444919808 136809673
444919795 136809674
444919811 136809672
444919806 136809691
444919794 136809690
444919812 136809678
444919807 136809690
444919800 136809666
444919808 136809687
444919821 136809686
444919820 136809691
444919795 136809682
444919795 136809689
444919793 136809691
444919806 136809669
444919815 136809683
444919814 136809669
444919819 136809672
444919817 136809687
444919812 136809667
444919811 136809679
444919808 136809681
444919821 136809690
444919821 136809678
444919820 136809670
444919804 136809691
444919812 136809670
444919819 136809690
444919807 136809686
444919813 136809670
444919815 136809677
444919821 136809687
444919803 136809673
444919811 136809669
444919794 136809681
444919806 136809678
444919800 136809676
444919805 136809681
444919799 136809667
444919805 136809686
444919820 136809677
444919819 136809676
444919820 136809663
444919803 136809689
444919797 136809672
444919819 136809670
444919793 136809684
444919809 136809670
444919816 136809679
444919800 136809672
444919794 136809689
444919809 136809667
444919809 136809679
444919806 136809688
444919816 136809668
444919801 136809676
444919812 136809666
444919793 136809690
444919807 136809688
444919796 136809666
444919801 136809688
444919819 136809667
444919796 136809690
444919798 136809687
444919793 136809666
444919807 136809675
444919801 136809685
444919813 136809666
444919798 136809685
444919807 136809681
444919796 136809673
444919814 136809687
444919802 136809678
444919820 136809683
444919811 136809691
444919800 136809671
444919807 136809668
444919800 136809670
444919811 136809663
444919794 136809686
444919796 136809679
444919795 136809673
444919807 136809679
444919820 136809675
444919813 136809663
444919795 136809679
444919798 136809681
444919821 136809668
444919813 136809676
444919794 136809668
444919816 136809681
444919806 136809674
444919820 136809673
444919800 136809687
444919793 136809674
444919796 136809676
444919818 136809691
444919819 136809668
444919818 136809665
444919820 136809671
444919818 136809667
444919816 136809665
444919794 136809675
444919793 136809681
444919813 136809679
444919804 136809680
444919802 136809677
444919805 136809691
444919803 136809686
444919811 136809686
444919811 136809673
444919800 136809680
444919793 136809665
444919812 136809664
444919806 136809664
444919803 136809671
444919812 136809675
444919817 136809663
444919809 136809669
444919809 136809683
444919818 136809689
444919810 136809679
444919803 136809669
444919800 136809682
444919810 136809669
444919805 136809684
444919803 136809663
444919811 136809671
444919804 136809663
444919818 136809685
444919806 136809683
444919805 136809671
444919807 136809664
444919793 136809680
444919796 136809675
444919803 136809678
444919806 136809679
444919821 136809677
444919796 136809665
444919816 136809678
444919820 136809689
444919810 136809691
444919802 136809685
444919808 136809670
444919802 136809691
444919798 136809680
444919821 136809671
444919796 136809689
444919819 136809683
