200
472697777 481827644
472697782 481827634
472697789 481827653
472697802 481827634
472697779 481827631
472697800 481827649
472697793 481827648
472697795 481827629
472697801 481827634
472697787 481827630
472697778 481827648
472697802 481827635
472697780 481827653
472697779 481827632
472697789 481827645
472697780 481827639
472697782 481827636
472697783 481827642
472697790 481827643
472697781 481827655
472697783 481827631
472697798 481827650
472697785 481827642
472697791 481827648
472697793 481827638
472697798 481827634
472697797 481827637
472697779 481827635
472697793 481827631
472697781 481827641
472697796 481827629
472697778 481827649
472697779 481827644
472697801 481827643
472697782 481827646
472697786 481827634
472697796 481827630
472697782 481827641
472697799 481827645
472697784 481827645
472697793 481827649
472697803 481827647
472697790 481827636
472697800 481827654
472697787 481827651
472697799 481827637
472697802 481827638
472697785 481827641
472697803 481827630
472697784 481827632
472697792 481827638
472697803 481827648
472697801 481827647
472697798 481827636
472697792 481827637
472697791 481827651
472697795 481827638
472697795 481827632
472697791 481827633
472697799 481827630
472697796 481827632
472697780 481827636
472697780 481827652
472697778 481827644
472697803 481827643
472697798 481827645
472697785 481827653
472697790 481827652
472697799 481827633
472697793 481827654
472697783 481827637
472697781 481827640
472697779 481827630
472697794 481827655
472697785 481827630
472697803 481827653
472697781 481827628
472697789 481827652
472697794 481827654
472697787 481827640
472697789 481827648
472697803 481827652
472697781 481827647
472697789 481827635
472697787 481827628
472697797 481827639
472697787 481827629
472697804 481827641
472697789 481827633
472697795 481827650
472697800 481827648
472697795 481827655
472697802 481827637
472697789 481827632
472697804 481827650
472697797 481827628
472697780 481827640
472697800 481827637
472697779 481827628
472697788 481827652
472697783 481827654
472697804 481827647
472697780 481827643
472697804 481827637
472697795 481827648
472697787 481827655
472697791 481827642
472697799 481827655
472697784 481827641
472697786 481827639
472697803 481827638
472697785 481827645
472697800 481827630
472697798 481827632
472697790 481827632
472697796 481827631
472697790 481827638
472697791 481827644
472697792 481827639
472697801 481827644
472697786 481827646
472697781 481827631
472697782 481827639
472697778 481827650
472697784 481827647
472697801 481827645
472697790 481827629
472697789 481827637
472697787 481827639
472697791 481827653
472697797 481827648
472697796 481827636
472697791 481827647
472697792 481827653
472697799 481827654
472697788 481827650
472697801 481827653
472697782 481827635
472697779 481827633
472697794 481827649
472697779 481827653
472697795 481827643
472697799 481827632
472697801 481827648
472697780 481827628
472697798 481827639
472697786 481827653
472697791 481827652
472697788 481827646
472697794 481827643
472697802 481827648
472697777 481827631
472697799 481827648
472697795 481827652
472697793 481827641
472697801 481827632
472697786 481827632
472697801 481827654
472697801 481827652
472697778 481827635
472697789 481827641
472697780 481827632
472697788 481827654
472697802 481827644
472697801 481827642
472697796 481827639
472697783 481827634
472697798 481827647
472697800 481827651
472697779 481827649
472697786 481827649
472697777 481827629
472697788 481827630
472697778 481827647
472697802 481827642
472697787 481827647
472697784 481827629
472697804 481827634
472697800 481827641
472697784 481827628
472697795 481827654
472697804 481827636
472697794 481827644
472697785 481827636
472697790 481827635
472697794 481827631
472697788 481827641
472697783 481827651
472697778 481827645
472697777 481827646
63099058 433658221
431900359 405247254
256988669 127974270
666691047 918230737
26700387 905799547
531857383 471575824
914092011 720126644
944569012 862157357
66100691 466296858
808240160 819724642
