199
614283918 792114890
614283922 792114887
614283930 792114898
614283918 792114895
614283929 792114886
614283929 792114897
614283935 792114886
614283921 792114889
614283918 792114896
614283930 792114895
614283929 792114887
614283927 792114892
614283934 792114885
614283920 792114901
614283926 792114891
614283933 792114901
614283926 792114898
614283932 792114893
614283920 792114888
614283934 792114904
614283924 792114891
614283923 792114885
614283917 792114899
614283917 792114888
614283927 792114887
614283923 792114892
614283923 792114893
614283928 792114895
614283922 792114885
614283918 792114900
614283929 792114890
614283923 792114887
614283921 792114885
614283917 792114893
614283928 792114898
614283922 792114903
614283921 792114899
614283921 792114902
614283918 792114899
614283922 792114904
614283931 792114890
614283923 792114894
614283925 792114903
614283930 792114901
614283921 792114895
614283926 792114900
614283936 792114886
614283924 792114890
614283917 792114885
614283918 792114892
614283933 792114893
614283929 792114900
614283918 792114885
614283920 792114885
614283928 792114885
614283928 792114891
614283918 792114901
614283926 792114897
614283925 792114886
614283920 792114886
614283923 792114904
614283923 792114899
614283935 792114900
614283927 792114895
614283934 792114888
614283923 792114886
614283925 792114891
614283936 792114896
614283918 792114891
614283925 792114896
614283924 792114901
614283927 792114890
614283919 792114892
614283922 792114893
614283934 792114891
614283931 792114893
614283929 792114896
614283926 792114903
614283928 792114902
614283931 792114902
614283934 792114892
614283928 792114896
614283929 792114903
614283929 792114893
614283918 792114887
614283926 792114889
614283921 792114898
614283936 792114885
614283928 792114904
614283929 792114885
614283918 792114893
614283929 792114892
614283923 792114895
614283926 792114892
614283929 792114902
614283932 792114904
614283929 792114901
614283935 792114899
614283919 792114900
815258174 463283467
361171124 190246219
671062278 41122769
443739923 137497571
896372714 146892249
530844700 825343938
591310585 485672543
641814141 732414117
417711766 599961468
11233832 92835411
653031750 340805547
439844805 372653236
643529308 196365856
374180210 258277382
818051097 554913516
768234383 281693655
385045389 557874711
912838742 719841881
974781729 286800586
123170550 716029320
911722588 732967299
818528736 846382603
545621822 373395936
7548007 425677456
422216840 45110732
231907208 719045780
424032520 834838270
689609179 48762937
441068492 128349219
301413267 618312187
4956871 664768364
416889513 87204039
546139827 98645828
312875228 684048887
509763527 279113713
582980819 816812068
151541104 61332349
258059718 182037249
535656501 616531944
137172120 284586619
911714413 995991970
925817665 275797993
475761102 62988176
209464234 645711575
146005846 455527602
563523193 699363916
762617401 263239940
306721931 69240648
728067199 615092980
259224587 361095654
863678852 58270300
161585719 830441988
392947528 613138390
118189348 598998437
760851831 599669611
445377529 567694278
643653368 632694952
394181141 531834165
932499103 232864317
93028891 962330989
143227695 602393564
286826372 936301290
207011395 339973187
138995578 47913176
735146041 296120103
856114414 8574514
781069698 777890813
175734091 690671938
102515034 38082539
100996710 461634587
74554838 689333220
989803794 214760536
573697315 271033277
686056139 268831464
135316351 472130691
117019126 476090084
963078021 120158345
528455920 505086138
295305503 194251035
944478723 364098766
661369485 218196647
643135857 948953173
38096884 47835675
460626427 674832380
613843229 456214732
400340120 567686873
946326173 283103518
890265621 187449620
617368226 726464124
570418595 52287730
2190569 68965705
259645559 434278469
549715160 776157563
242232714 190908590
889186863 95609766
538713925 700311970
764130008 628814488
942021022 739574390
717731009 734731929
327733921 589130248
