200
442272874 341865217
756384009 817030193
914947962 722442373
885116701 738159027
389783610 660787264
934760322 949054134
434866500 237263859
694131789 487990657
435963018 146645439
932616331 260225684
225660485 68187008
100086130 262937542
459035261 873509840
716012628 469455865
429058123 46157388
651364213 856417466
900637969 746943583
720139223 472758979
545939543 330166885
279822360 925429918
127699812 666241207
502341199 85562725
552001384 953455556
973977144 944091806
624836738 31633168
653264838 516194649
748491536 872298518
525241823 855449169
47429240 592537698
640495808 833267578
366174837 835852219
615853841 181485402
50459170 349670255
105318636 875391797
176598389 19577704
307359665 174345359
192024186 902251005
686874814 540408430
381827586 195232718
757416822 398194768
461762003 283554106
817788658 703747363
415999466 694860185
412768708 701503429
785440932 291926672
680631613 259889564
799461117 761915799
563630683 610830638
964169011 400885168
799301531 158532802
73515321 188138336
66937316 97289003
987866823 44808761
702318744 555692819
849393079 710302159
233475968 650660277
691937011 234942413
137371388 304192885
544265031 397279544
340982303 113931164
419327766 398637798
134757683 256831008
489508455 364738357
820374719 898539886
583239101 40037021
103249123 321493842
523795663 907385872
511916370 594684030
571275881 939609170
442254547 882641925
245598217 766237982
984707125 270231652
146409406 970974407
68004702 840585699
803591175 855722641
723444974 158816020
551204323 965747611
393079576 99375824
929305943 3727779
30468162 779847056
569704886 516755365
108496772 661057667
480833005 203174458
435656308 664004909
897814088 472434670
445434826 949757892
756766468 16850333
159915741 721154838
925729485 504884985
209060826 316695792
827279574 56008235
309646161 9818750
133267005 249181833
123502429 681255197
692824457 318734498
590752671 225771761
712055626 411797485
895948401 31770167
991431550 351826721
780058022 209562813
795054344 863029526
870311778 229638168
896462028 624903666
394020838 648070017
299696057 203844057
709552465 546028807
263718968 809598737
69326748 496458226
807807117 664595901
54217364 5003511
613021003 363675609
812108825 711729347
367122767 748360521
782855383 786598279
869599862 803991811
400373034 256272201
778261618 202699625
489548900 301102936
553317283 236222936
4199704 991471958
556036759 166531300
820825709 752925654
586096242 635609548
727464273 283888855
909585905 262438194
567540403 141923388
296852684 753998805
740625279 779643052
68996429 817157750
374739021 300268622
479824292 642560599
139169057 790154125
515651702 308078534
442976554 15534627
502758745 469095992
899553152 184749190
49826836 744827933
509331434 550927288
446462931 966559207
94278872 270258108
116165602 157855597
216719451 878518524
31347068 979167574
156487190 624905554
917316257 251774469
480686949 163285380
481579388 512613862
240754778 126837725
57833241 916883034
467313372 536589343
294538959 679968473
152843071 460970042
522406459 880282780
622670671 662914608
395047363 875415464
386875391 120679154
950404715 537206726
19498452 406322701
866805356 362082760
979008520 349282969
478870150 242179017
195955367 150028581
513546321 251016923
457118567 1309070
922130233 240774833
366327036 275400858
995439260 664893573
227809307 301809006
264382162 250157385
35772342 636484317
925969061 517362316
578664429 679991996
877309622 892183134
43868446 252753570
864600929 199764828
446805303 912952678
118043388 834745543
182710341 676209423
391544725 581142569
75693162 229171901
60429375 994815608
519137615 956596817
2054322 982605229
381768327 684127711
968723443 198675689
486028264 198588212
122648896 614387141
852171073 730897277
186487553 683177415
662127554 392334928
200003953 521896779
821582787 985041622
898234368 347090332
476977436 287760021
171600224 408847494
145997417 569659141
650608202 98650761
690034411 381638044
647479779 105181223
318599599 456519040
