199
111069298 763801557
111069304 763801565
111069293 763801556
111069305 763801563
111069310 763801565
111069310 763801554
111069303 763801563
111069293 763801571
111069300 763801568
111069304 763801564
111069308 763801554
111069296 763801572
111069295 763801561
111069295 763801559
111069303 763801562
111069305 763801564
111069311 763801560
111069307 763801564
111069300 763801572
111069305 763801568
111069311 763801563
111069295 763801572
111069308 763801562
111069297 763801560
111069300 763801571
111069300 763801559
111069302 763801556
111069292 763801569
111069297 763801568
111069308 763801561
111069310 763801572
111069299 763801562
111069309 763801559
111069300 763801564
111069305 763801556
111069305 763801560
111069305 763801559
111069293 763801569
111069295 763801554
111069300 763801569
111069307 763801559
111069303 763801568
111069292 763801555
111069302 763801569
111069310 763801564
111069299 763801554
111069301 763801562
111069293 763801563
111069304 763801555
111069297 763801562
111069308 763801557
111069311 763801553
111069307 763801558
111069307 763801570
111069298 763801553
111069308 763801572
111069310 763801571
111069293 763801565
111069296 763801568
111069305 763801567
111069305 763801558
111069303 763801569
111069299 763801564
111069305 763801572
111069307 763801560
111069302 763801571
111069309 763801562
111069307 763801568
111069302 763801562
111069293 763801568
111069311 763801557
111069294 763801572
111069300 763801570
111069292 763801557
111069299 763801560
111069299 763801571
111069307 763801553
111069298 763801562
111069302 763801557
111069308 763801564
111069299 763801568
111069304 763801553
111069294 763801565
111069311 763801566
111069303 763801571
111069308 763801558
111069300 763801554
111069297 763801572
111069311 763801570
111069299 763801569
111069294 763801555
111069304 763801554
111069307 763801562
111069303 763801560
111069296 763801558
111069302 763801572
111069309 763801567
111069306 763801560
111069303 763801559
379535919 588182066
58949865 328094235
865012809 313084510
31771103 279893541
879505695 332026092
422409865 245165115
587574703 899311650
499587698 445704096
336550792 994515721
509062793 409066994
947372131 787944684
652679292 946115036
223666300 798486040
1898966 854738023
240120695 451515488
853037357 677623379
282670701 809695136
756536887 387137360
239181507 393515223
304059009 173961024
345185682 598403082
109142401 649282114
377741641 963283735
900444162 726853890
631479946 807288376
679662015 874807383
992810180 771817321
90547461 393326187
777052541 942020888
255807597 768068778
233551859 187622578
870183212 486776755
450661139 168092592
931092871 728145130
128914971 49386410
634398861 49355521
631356049 236785045
808547343 442290982
703838562 519480699
710145190 858947850
655856640 507319263
950171584 449842599
970225929 717300553
612620499 599669597
462360602 900906086
450433217 111961271
194907731 352226913
647516210 511369104
399417397 683714487
759026680 768223212
988996712 559086575
98680478 960004171
824576873 996442541
563175514 828739579
121596420 324846893
482526994 179321519
333620654 394000845
222148110 232832076
122282039 608309452
186730252 468894855
138684005 646601749
249055898 50727428
202081349 43054128
430520460 544610712
749267342 651926889
513595204 573908922
369362474 462857748
833407229 893809014
933854554 121352087
73514063 423980063
821889797 107505425
944829506 367765932
230868191 908905810
66634426 174871789
961212127 660924762
16784543 725096794
601163175 348692886
314713486 831791996
93680845 985330244
436451611 574115804
930636787 28106629
687536600 196672893
249572497 668914632
468715358 239784778
207624376 408337527
520894641 821980354
663539973 221071182
621620014 304078600
727178018 921590877
228599432 891938452
526340151 535262734
927184517 369957978
956074228 640984983
558161425 191026344
717338249 300572462
301720555 80337214
764531558 875635672
594352473 564708984
689757334 368342724
110777525 779250952
