200
584698671 805055681
480259056 383666947
864832992 900323151
27823676 383677346
800763772 867233877
114828038 826897539
110374305 499290948
444180081 81982898
753628520 580189608
992798466 202018894
872827819 460257287
620119768 21558931
576789059 127099165
788069855 207701886
62875974 911147687
600194279 982795504
418741262 382385230
282589584 799559031
225465428 957177898
917419828 365630250
717658820 346809189
104859632 104669673
539144861 236534598
823789688 752953647
732654826 802693569
674307391 128377065
911528066 174788334
593257928 971017232
527144476 575061168
668707418 759333786
891475023 686235657
697769962 7264389
402633337 43620260
107920222 364400643
233009684 319033050
668791817 973917444
661083501 968820344
434020083 989861607
285198611 595277851
501725240 456914046
349255928 963617868
217790642 52804387
665617266 597352737
271506210 708461524
96370195 163458320
879012072 285727767
607785842 784989431
891801657 436936323
419864707 368693595
85983226 597556522
715039904 626974518
954608432 239569522
866836471 556357709
852514814 183596935
436966380 54957390
117926177 711975396
624970953 559816735
824037173 803479792
280475424 798997216
94553339 480654779
801207879 722897954
156269518 129940997
754877525 981196762
79225429 479924600
620295891 54330812
564418811 421407091
723802051 107982009
518121561 347632651
306884144 770501298
76861241 477472420
325587010 979772537
770365208 754905097
99173569 123645169
664537277 426196615
56558930 8352623
692038797 786478573
214377659 298072093
85291151 779472831
781370419 43345521
858255969 218800226
36011248 530216426
145654861 736108238
215689138 985373791
576919522 779152913
779143533 924991115
168526746 229912661
446513856 778694226
411631009 294135074
285167 856857894
808347799 841354824
544140409 241614249
22911394 595355706
274700751 323051355
967059972 860842883
119917626 109976461
719231662 407096348
702236815 778238686
20892072 682080186
240807924 227706158
649774817 215344522
24487455 868989009
738615233 310917318
627461930 810386882
283862911 400204504
813897682 306434056
333511691 425469784
124447868 170598104
184540079 652219833
464067410 558854864
731450688 958717147
366081156 917743196
837483382 33431197
638962208 289272308
489806844 866634268
422742864 804650705
538255961 258218111
722747527 60732696
118064578 396870012
613635997 347046554
924410650 668244638
971073913 806793043
253238878 570704848
478402510 338366276
249792487 246510170
539413128 230345235
406940538 89250616
399563866 253871755
804437267 492280645
60399309 863643755
682567219 169399392
408452963 857091485
492961044 81326034
474661392 38048223
108143819 934375298
59815805 720500121
503283655 943077405
111110131 799342653
529105525 44588100
672383194 15543631
654463281 813872407
11033053 517257678
312864616 213347655
952278336 457693317
880513027 736868973
363414669 151659435
48948781 722723397
140132994 265412512
737696459 329788641
171509847 461455669
396702972 511847631
203077532 209436250
984941969 211992364
900846312 374602949
654858393 398766666
109586520 419592382
861999460 595497740
98783993 695141968
918486024 681983697
712336327 342637280
184251789 258510611
935282575 803025099
502008691 139734562
131611296 792241518
446994034 241052152
724085444 464659238
992807934 510314419
269105158 117557126
658514113 432834452
879382184 315988376
620148403 302874424
550387540 777001112
481125528 292263065
481507431 82415486
101269656 673085253
443771134 580335509
214457371 275960984
579923076 828491776
829352212 168690568
662193136 749812325
445087801 2915024
8658181 177198221
118066958 90866382
564122515 956732595
470222813 596976046
590690552 92771907
476094262 187593953
908441983 330024505
751566499 715564617
508643034 898275054
573595630 649304590
73758399 139206699
780323845 886670233
703593697 306468758
164876117 100029107
394453783 800965008
182828297 337795392
595345958 768208672
900137028 717585051
922341327 996727071
617803390 319271935
