200
935692588 879952678
720321686 691717916
44302658 28609569
365341358 675959112
451886700 314404122
364386760 983581582
446145933 188989179
980710213 531225711
161384130 761955028
928496922 59826504
915700618 606661705
820286803 963548140
584840616 809011819
922212059 366821190
431469550 589046299
358010485 320120745
2167895 694376125
364500775 119713997
739491418 39670483
380868592 448327315
764406012 201291312
386026988 687191030
213794649 529432569
872539212 161962411
578707112 199504453
108359763 701681843
588879735 147377319
195200061 343646718
998039380 584762111
400095509 545513836
125278973 32490910
117732648 400329011
405100870 861522448
12086378 212775727
892333119 535060392
363098299 989413926
928341127 297074643
265459497 361183425
212525042 644105608
484847772 572136433
815028378 877609485
426781435 712948065
724418185 467169798
756689484 639171949
792927178 125713243
166446790 343194331
32913699 443236400
610695218 151223844
287687706 85320285
309057335 680797920
791620465 295078793
423556222 912737028
712239528 869911181
120842559 33711456
935896908 98092282
430279720 450796547
680300040 812655124
807154626 686749149
993771761 950445216
261283224 416316773
912357335 225575891
331591868 194174686
590353807 236314256
284391937 373912551
222621445 314430159
88503410 923466357
532279788 117837097
134060171 979773866
168030095 970377841
588898190 687309535
102645321 897573069
579994188 617521222
525590615 965491
650826731 206246055
282873342 947202615
322321769 605633180
143615410 877035514
241806593 727210579
912356736 845918528
682924480 885057624
232473010 742406490
294316777 589033992
354448125 501732522
530735347 879115422
977040118 626052026
122487364 164471735
889017601 99104020
519821374 984378452
189542440 615030159
155169994 805510076
857120360 793613780
857613774 403289900
52866373 137972291
730730953 626293410
571771580 559826830
622301648 219587735
357180575 658428324
934843176 258010379
65282558 719229309
679027084 595992519
51844998 349564930
553055286 552321982
249324497 417158375
143582552 459556386
771353379 288157984
600346598 457427916
136116196 8039766
886451904 109169634
585371144 166397865
83705267 342934881
315432111 976450789
383984761 110460738
280351154 555065543
676230858 510914093
984501181 223425519
758395964 805464641
805904687 999457670
118752886 662498498
411689881 934918629
968774903 384143929
908873696 332444394
386299525 239426399
617938834 391392951
997203780 750188946
864957404 136348120
901013368 682004094
654323118 43205892
632850379 731040931
132090370 175628744
739847600 978822278
743049036 875798457
345057700 955927580
656002008 987400331
514830605 581625317
934541790 560613393
723656184 577388800
340007672 651960932
947388145 600844429
26470992 955040174
284856107 740069329
280176511 458874069
207065288 335867849
781105053 217910075
402940593 912199849
250721956 669909605
518445435 860620397
615345744 408018858
731383653 998842522
350289958 880558740
831336803 266506700
147981123 352442478
488864514 584916038
598846860 418785509
39734021 167683998
607655383 100941609
72108432 740097846
987845985 416574187
442133974 637829128
229216576 146754979
163236023 845694539
702037816 10825796
970097785 785371083
272220865 72568013
362523579 941752508
361932525 447487669
560902425 323814330
730193986 492649292
516281336 164755496
762482485 209858912
54939409 858319722
909714024 530796814
278314549 245603227
168765866 700185074
581996306 767306380
906809140 573433585
111925067 263506745
409961094 293765214
36981500 879142025
595951026 320559439
575157678 441529998
161599509 548291803
360975477 91669444
678457022 528772509
21787733 348155718
610296950 277617000
708079873 428391266
64964667 442338038
46057103 868730898
605705446 679624841
573560291 812440338
714791775 975682812
362618496 277606205
135479086 549446331
127571648 644308352
440024190 721625203
117021606 636609118
755559208 902653274
555882102 440784023
182910008 970122188
188598754 110677919
