200
585106844 952134598
693867239 274284140
165075418 964177482
83743739 190432976
292612290 807151016
278777180 523879791
947602271 641222391
755702994 275493342
146683770 107111636
994730278 272561763
404597137 651138861
847404739 326642491
866774424 656537105
859328825 833242081
457200832 424552076
924188822 930048571
536752618 285886337
902403660 701938698
729633804 535693968
582673489 319916281
446314755 541292282
126220337 80536522
528167547 240792398
41670799 232841775
16435184 160962269
563337074 384249569
685511755 119786843
840635505 842520394
306947396 109731198
87269867 902017690
17944162 621650615
53085286 126707436
102079815 827839644
919559035 665854205
853807988 527768964
832155330 487334559
691019394 592805478
566455827 898873015
32745396 113542886
620612265 874605233
49169008 607512695
762821560 508388622
556962991 780802000
664357790 222039381
239989541 221292101
922525056 607182936
2454836 41761189
577099620 139661217
719712492 798921158
581456138 812382816
159229297 786983234
728110208 986687466
422087474 974503113
171931615 736828846
324843804 276669528
196848243 521604235
795539128 357909036
96688287 317902079
291641291 401077210
591636953 195181246
281719622 171562767
756894219 288981115
870028236 695028573
542826280 90198737
120030939 765219608
617094878 152755250
782134643 936052279
963237605 660893566
869476961 30755203
693171689 305631304
19662868 158977157
24038007 505855335
367695210 184336084
888241172 376513031
283857705 650381995
601395224 700300247
574211448 380144666
506715714 158490963
610508755 878231888
205557083 161000104
279099614 609646712
469677200 446199233
36667647 408217802
457812380 828795593
69392409 484721377
383940610 575996932
316132048 199853647
829998154 986691194
225423649 947402504
172964610 255860366
260877902 310508899
456902863 503884996
670588042 290161178
300969688 725101597
729387856 216584264
417494886 492978249
551932656 616982234
504870269 331113326
228642407 188918165
49059188 410171356
421885009 29048488
76545220 381609796
853397937 274272768
428999506 7009568
257345543 457826393
840484320 915052898
476660113 962553687
623291560 566159455
855490312 132487117
394371770 69413172
570423375 222348046
30901910 71667269
485101683 782034779
539271198 302049534
712075184 419699506
903802355 591407857
877414597 948566783
653789922 714939153
877287558 89622750
242061762 950037218
795398214 888057037
334193781 208142090
198452147 669065130
38070978 204922190
948341435 987140640
543380000 418536752
639635367 637859632
922438101 421343560
400550509 898016183
403740153 46097944
223965470 888774571
433699071 872229898
546604993 209287252
419458760 69123842
919408799 526754654
82356797 649148944
887720563 23488835
557483362 194074903
838393812 130953267
8982426 507965275
638692847 541777953
192347937 975776824
127295685 294425883
9712868 685416163
822720446 755171709
588037647 804245957
635959306 689976297
715104923 100063763
731480836 509478030
528722914 347740464
446088052 601428078
571297053 115762497
694157491 953012445
235388787 424064577
870925734 795880257
363676655 54099363
916152479 911687755
811562196 240090124
712214099 932578585
301457997 881884484
739102980 787583842
19973736 299756033
274612262 788635845
735259275 955435655
894488040 912305430
345099162 207734963
256627548 647948908
242668633 347524761
359285999 916577
683262031 803568084
552351321 440908994
975586489 187916132
901841386 336472626
753979451 545803009
2025765 914707397
528133477 529551871
580956928 436360162
568033814 317577819
78169586 749924045
508544063 205044440
796274269 785040119
175447376 16704705
380418724 152318176
251842683 535936577
413368418 93244117
727253653 312990840
669598574 672718348
407756610 595283478
50616394 565131147
758836059 950851529
326306659 36485403
832865278 26856366
160952562 594936928
280921122 581563478
137687694 804345678
616680454 879974282
10764414 857581615
901276398 408104389
908809976 810315457
416603912 663836612
