200
543994396 828785501
635355793 626662529
324066384 930220309
79913468 831970302
680146773 887426248
814774512 896337844
550904249 912742252
725066515 742418161
719835159 458351145
949307201 320555459
625109779 101790772
212831136 608966275
163090765 142796944
933569324 90131607
87982522 744598562
25199223 703601469
125523033 512049109
237717941 300409208
522438073 786195693
182003924 665247062
216295977 345646309
570403281 551319441
587371318 791202973
998160229 701095995
879607371 590054927
299811681 1905824
864515410 755431375
303285613 244474857
699519538 848942331
561172172 857288488
627169272 120654557
505745339 466458771
168166676 730693839
406981064 19586899
28029369 624959719
992491900 832818294
660847248 285092443
640389761 977153821
687837599 979292682
454516726 211230058
98886931 155295750
501798478 841861457
13863373 51319993
364115180 232677759
423133874 182691330
931469262 913514811
419882853 784441512
73213018 247323687
571897976 539042675
520029114 964151557
972254480 317869306
759169066 388130290
149378309 648461100
442782388 432978153
125127630 65691420
898285166 793132962
797315487 930740332
874114698 716452174
319631436 269929555
465904251 396018641
99195480 284264980
948413132 409935953
970403757 292102205
182155678 836964483
528898351 235009906
97471899 645229788
735316297 772378707
944481724 774609440
754525325 730094681
629850155 96868117
950940276 643536503
150715362 475517947
48337959 566113208
175616858 902928211
556345418 764930574
348974209 440141931
343646048 593417186
391899767 269278983
557558003 319413468
957582089 911673670
257116731 531561560
447009719 899144523
982629771 55138538
451756337 11060729
949996736 212605547
646076209 745129197
971627594 81629505
198857306 482976322
978171469 911289859
425674376 558216260
536606003 860226714
373368861 239337825
179760541 137965025
871031016 74302813
716348672 453805193
463389443 553200413
286118248 170399927
494207413 454828070
501938397 889626164
732093485 890176712
33167619 132055259
488429432 885978006
819858543 894509872
62555873 337772362
21214216 853669526
133580327 710135906
219836275 347113439
138223524 295258767
63080141 754134050
894553755 733480133
762340532 889405198
854681852 998163658
885955893 754868718
873957063 911804484
203988253 867574606
897165157 565382694
872043893 438455715
795287743 367792188
366328472 683007888
641634997 225270526
795970765 565431578
72024823 498580791
491659961 884640933
566119666 867135800
165797694 729355977
865207640 394964428
18524261 987230113
208735490 927157055
844705289 399410682
97667161 95051232
513333884 59680607
434853010 559017541
389874905 96164156
540748514 57229812
829803609 821481870
129715807 558030957
904423140 583337071
968526321 704928260
397992192 421049772
903955780 896151929
556190519 334103440
86074673 418423347
508542372 710263243
929315041 172614201
624644856 315957046
904678028 163731609
297944856 492181606
582181336 888306418
22880097 558275792
580978144 75423117
34101581 478611301
130350539 685438976
615724673 265163789
924706744 589681807
229177467 48930489
995708555 632182541
911101982 993653326
328338287 426318282
362627082 37112763
592436035 477789427
480277126 151545405
933416736 332916616
27221778 944098144
910259614 675724642
952905248 86845918
509425645 518785719
532087804 597518029
292728645 538141486
295581230 577226324
811013454 147591044
959640226 647660949
163709276 83544272
532986142 138452605
990937063 737924285
552610241 902037604
239253539 957892082
153699614 274419000
454142411 504922169
839858232 896744650
350532588 159420631
554707795 771363275
674807189 308234246
52508509 268623794
543107263 897670718
925190474 221075372
83254403 228421690
541447435 439399999
188848552 534744387
805355630 552529459
520291545 568708147
261774445 283560729
992427640 5180878
89822841 70298164
12282006 887088585
752045668 226902803
835124651 739936851
202890077 212639438
13824078 395748719
433395156 241282272
221471555 485663013
