50
264558449 940301756
345108480 939382249
991659530 817409688
451995737 122071414
459849200 16113229
784990367 972158199
49456413 440006045
636653263 286627678
849328603 631292861
133585860 239731891
583479698 619543075
943020232 901677920
574702898 318765263
236268875 512176728
116173446 320941017
175357365 896978088
366169561 393777965
225087825 920328039
847133241 333848905
347751454 607328586
289817871 996638789
988918240 871735675
923524245 292765438
402422377 165719009
725599629 293101062
580016161 803289240
299531433 810539287
936363114 440237938
562848387 352364878
510770898 519785107
912325304 870313881
17675489 979745772
834751888 773427788
736318503 399706343
584735554 654710321
367965467 23812152
282587304 331204676
50247534 177496580
289809294 629498857
383894061 462550287
548586141 311934401
324798755 359332557
635972250 276639656
185698603 976265974
263046334 24705680
680668143 423752692
221833300 10087926
461669465 692156155
699370240 245649965
118199047 792333985
