200
959218090 355759882
959218100 355759886
959218092 355759873
959218091 355759887
959218099 355759879
959218109 355759881
959218105 355759894
959218087 355759888
959218106 355759887
959218087 355759883
959218106 355759892
959218098 355759891
959218086 355759887
959218087 355759890
959218085 355759898
959218109 355759882
959218084 355759892
959218097 355759891
959218083 355759890
959218086 355759895
959218088 355759876
959218097 355759889
959218103 355759884
959218100 355759872
959218100 355759896
959218092 355759886
959218088 355759887
959218089 355759900
959218107 355759893
959218084 355759872
959218105 355759884
959218087 355759896
959218102 355759899
959218092 355759887
959218085 355759885
959218091 355759889
959218088 355759895
959218084 355759874
959218092 355759879
959218097 355759888
959218106 355759873
959218087 355759872
959218105 355759878
959218092 355759884
959218083 355759878
959218098 355759883
959218089 355759891
959218101 355759874
959218109 355759889
959218086 355759878
959218100 355759890
959218087 355759893
959218103 355759888
959218108 355759898
959218090 355759889
959218108 355759896
959218088 355759886
959218093 355759879
959218091 355759900
959218106 355759881
959218092 355759874
959218102 355759877
959218084 355759890
959218110 355759888
959218103 355759877
959218098 355759877
959218087 355759895
959218107 355759885
959218095 355759890
959218097 355759883
959218086 355759899
959218109 355759884
959218088 355759889
959218109 355759895
959218089 355759899
959218096 355759891
959218087 355759880
959218107 355759888
959218085 355759888
959218105 355759892
959218101 355759880
959218083 355759898
959218101 355759883
959218105 355759896
959218106 355759895
959218108 355759872
959218101 355759889
959218098 355759899
959218087 355759884
959218088 355759898
959218086 355759873
959218095 355759900
959218096 355759885
959218095 355759881
959218098 355759898
959218105 355759898
959218092 355759877
959218111 355759881
959218093 355759883
959218104 355759878
959218109 355759897
959218100 355759876
959218108 355759878
959218109 355759872
959218089 355759884
959218108 355759899
959218110 355759891
959218111 355759898
959218084 355759875
959218097 355759877
959218110 355759875
959218104 355759883
959218088 355759891
959218103 355759896
959218090 355759884
959218105 355759877
959218108 355759894
959218108 355759891
959218105 355759875
959218087 355759876
959218083 355759893
959218085 355759899
959218090 355759888
959218109 355759890
959218109 355759874
959218103 355759889
959218083 355759889
959218093 355759878
959218093 355759882
959218096 355759900
959218104 355759900
959218092 355759897
959218101 355759886
959218103 355759875
959218094 355759875
959218110 355759882
959218099 355759898
959218109 355759896
959218097 355759875
959218101 355759895
959218109 355759886
959218111 355759899
959218093 355759891
959218108 355759874
959218083 355759900
959218111 355759876
959218103 355759881
959218102 355759884
959218091 355759872
959218084 355759877
959218102 355759900
959218095 355759879
959218089 355759888
959218104 355759897
959218083 355759874
959218101 355759890
959218100 355759900
959218100 355759899
959218084 355759883
959218090 355759886
959218101 355759877
959218092 355759893
959218111 355759885
959218103 355759897
959218108 355759897
959218106 355759874
959218089 355759881
959218100 355759883
959218100 355759887
959218097 355759893
959218102 355759887
959218092 355759876
959218094 355759890
959218104 355759877
959218107 355759891
959218094 355759892
959218100 355759898
959218097 355759876
959218099 355759896
959218107 355759900
959218096 355759889
959218089 355759885
959218103 355759898
959218083 355759897
959218093 355759881
959218099 355759897
959218098 355759889
959218111 355759889
959218109 355759873
959218111 355759893
959218084 355759897
959218099 355759877
959218089 355759880
959218104 355759882
959218091 355759883
959218093 355759894
959218093 355759900
959218100 355759873
959218109 355759893
959218091 355759881
