200
194561444 608872553
194561450 608872554
194561450 608872565
194561445 608872566
194561456 608872558
194561433 608872562
194561445 608872577
194561447 608872554
194561444 608872569
194561447 608872565
194561434 608872566
194561455 608872573
194561448 608872556
194561434 608872551
194561448 608872551
194561442 608872559
194561452 608872566
194561451 608872569
194561448 608872554
194561434 608872554
194561443 608872567
194561436 608872553
194561453 608872575
194561437 608872559
194561432 608872565
194561446 608872560
194561444 608872558
194561445 608872576
194561438 608872568
194561441 608872578
194561450 608872567
194561430 608872559
194561431 608872578
194561436 608872561
194561438 608872566
194561442 608872571
194561445 608872551
194561443 608872555
194561430 608872571
194561431 608872570
194561447 608872555
194561453 608872557
194561434 608872576
194561439 608872578
194561448 608872571
194561455 608872555
194561433 608872555
194561434 608872552
194561433 608872565
194561436 608872558
194561457 608872566
194561444 608872567
194561453 608872553
194561456 608872566
194561453 608872569
194561457 608872552
194561441 608872572
194561454 608872566
194561450 608872561
194561436 608872570
194561437 608872575
194561454 608872551
194561455 608872569
194561456 608872575
194561433 608872575
194561438 608872554
194561435 608872554
194561448 608872568
194561440 608872556
194561445 608872561
194561437 608872555
194561443 608872571
194561443 608872553
194561430 608872566
194561435 608872555
194561438 608872572
194561445 608872559
194561446 608872577
194561442 608872560
194561457 608872574
194561447 608872558
194561449 608872574
194561432 608872560
194561448 608872574
194561434 608872565
194561437 608872561
194561450 608872577
194561431 608872552
194561448 608872562
194561432 608872552
194561448 608872573
194561440 608872576
194561430 608872561
194561450 608872555
194561434 608872570
194561432 608872568
194561436 608872571
194561440 608872553
194561455 608872553
194561454 608872563
194561457 608872561
194561449 608872561
194561457 608872573
194561448 608872557
194561455 608872577
194561454 608872561
194561430 608872577
194561441 608872554
194561455 608872567
194561448 608872563
194561455 608872561
194561451 608872568
194561452 608872577
194561457 608872572
194561444 608872568
194561452 608872569
194561430 608872575
194561452 608872563
194561446 608872554
194561446 608872572
194561430 608872565
194561455 608872572
194561451 608872552
194561442 608872556
194561441 608872567
194561457 608872568
194561442 608872576
194561433 608872552
194561457 608872577
194561439 608872551
194561431 608872553
194561432 608872557
194561452 608872553
194561444 608872564
194561441 608872566
194561439 608872559
194561440 608872554
194561440 608872578
194561448 608872576
194561441 608872560
194561444 608872557
194561454 608872557
194561436 608872567
194561435 608872578
194561431 608872560
194561453 608872576
194561452 608872560
194561435 608872566
194561433 608872566
194561451 608872571
194561455 608872571
194561456 608872560
194561445 608872572
194561437 608872551
194561450 608872574
194561434 608872578
194561454 608872560
194561447 608872560
194561450 608872569
194561441 608872569
194561453 608872571
194561452 608872565
194561453 608872561
194561430 608872551
194561434 608872571
194561457 608872560
194561439 608872564
194561450 608872570
194561437 608872560
194561442 608872573
194561437 608872556
194561450 608872575
194561457 608872563
194561430 608872567
194561443 608872564
194561432 608872563
194561432 608872571
194561435 608872561
194561441 608872551
194561455 608872564
194561438 608872569
194561438 608872564
194561448 608872558
194561434 608872556
194561442 608872557
194561450 608872566
194561456 608872568
194561449 608872557
194561448 608872559
194561443 608872572
69205564 763071656
526771661 731959024
957287478 118065554
670597622 257752178
915484106 244131120
104089011 542644149
868146194 501695837
554908020 897761583
707226414 5005854
277584370 119134332
