1 19
1 20
1 21
1 26
1 36
1 44
1 45
1 47
1 52
1 54
1 56
1 58
1 68
1 71
1 76
1 96
1 98
2 19
2 27
2 30
2 44
2 46
2 53
2 55
2 73
2 83
2 91
2 95
2 96
2 97
3 12
3 21
3 27
3 28
3 31
3 41
3 45
3 55
3 56
3 70
3 75
3 96
4 5
4 19
4 20
4 24
4 28
4 43
4 55
4 89
4 94
4 95
4 100
5 19
5 20
5 21
5 28
5 29
5 50
5 72
5 94
6 22
6 41
6 78
6 91
6 96
7 16
7 25
7 26
7 27
7 32
7 46
7 86
7 88
7 90
7 93
7 98
8 1
8 20
8 23
8 26
8 43
8 63
8 87
8 89
8 90
8 95
9 10
9 47
9 84
9 88
9 91
9 97
10 18
10 21
10 22
10 51
10 52
10 53
10 76
10 80
10 89
10 90
10 91
10 92
11 23
11 37
11 50
11 51
11 52
11 77
11 79
11 80
11 81
11 82
11 89
11 90
11 91
11 92
11 94
11 95
12 15
12 16
12 17
12 20
12 47
12 48
12 50
12 78
12 79
12 80
12 86
12 91
13 29
13 49
13 79
13 82
13 93
13 100
14 17
14 18
14 81
14 84
14 87
15 5
15 22
15 71
15 82
15 89
15 94
16 81
16 83
16 86
16 92
16 96
17 15
17 82
18 19
18 24
18 58
18 83
18 88
18 89
18 95
18 97
19 12
19 80
19 85
19 88
19 89
19 96
19 97
19 98
20 18
20 19
20 76
20 77
20 83
20 98
21 20
21 27
21 41
21 77
21 97
22 16
22 18
22 20
22 83
22 86
22 92
22 98
22 100
23 14
23 15
23 16
23 17
23 23
23 29
23 83
23 100
24 14
24 26
24 30
24 70
24 87
24 97
24 100
25 15
25 18
25 21
25 29
25 79
25 89
26 2
26 24
26 31
26 32
26 63
26 85
27 15
27 16
27 17
27 20
27 22
27 26
27 29
27 30
27 32
27 83
27 87
27 93
27 99
28 17
28 19
28 21
28 22
28 30
28 32
28 34
28 50
28 55
28 76
29 18
29 19
29 20
29 21
29 25
29 35
29 85
29 86
29 88
30 18
30 19
30 21
30 22
30 28
30 59
30 84
30 86
30 87
30 88
30 90
31 19
31 20
31 24
31 56
31 81
31 86
31 89
31 91
31 100
32 26
32 52
32 83
32 86
32 90
32 92
32 96
33 23
33 62
33 77
33 86
33 90
33 92
33 93
34 26
34 57
34 82
34 91
34 93
34 98
35 11
35 24
35 41
35 54
35 56
35 80
35 88
36 54
36 55
36 85
36 96
36 98
37 23
37 60
37 81
37 94
37 95
37 97
38 70
38 83
38 87
38 90
38 91
38 93
38 94
39 3
39 83
39 88
39 89
39 90
39 93
39 99
40 1
40 2
40 3
40 4
40 85
40 87
40 89
40 90
40 91
40 92
40 95
41 1
41 4
41 5
41 47
41 85
41 90
41 91
41 92
41 96
41 97
42 2
42 3
42 16
42 79
42 86
42 87
42 94
42 95
42 98
43 2
43 3
43 61
43 86
43 91
43 93
43 96
43 99
44 1
44 2
44 3
44 88
44 91
44 92
44 93
44 94
44 96
44 100
45 33
45 56
45 88
45 89
45 90
45 91
45 95
45 96
45 97
45 100
46 54
46 91
46 92
46 93
46 94
46 96
46 98
46 100
47 53
47 54
47 55
47 56
47 57
47 58
47 90
47 91
47 94
47 95
47 96
47 97
47 100
48 58
48 59
48 91
48 95
48 99
49 52
49 54
49 59
49 93
49 96
49 100
50 52
50 53
51 56
51 70
53 58
53 59
53 82
53 98
54 57
54 58
54 59
55 57
55 58
57 95
59 98
60 93
61 89
62 40
63 86
64 66
64 85
64 87
64 89
64 96
65 85
65 87
65 88
65 90
66 10
66 86
66 89
66 91
67 88
67 92
68 88
68 89
68 91
69 89
69 90
69 91
69 93
70 90
70 92
71 91
73 75
74 52
75 58
79 63
80 63
80 64
82 57
85 34
86 1
86 99
90 70
92 54
92 82
93 59
95 18
96 49
96 50
96 51
96 52
96 62
97 48
97 50
97 51
97 57
98 47
98 48
98 50
98 63
99 49
99 52
99 62
99 64
99 75
100 46
100 47
100 49
100 51
100 52
100 61
100 63
100 64
100 66
100 90
