100 3 1000000000
28 15
23 3
26 19
27 28
5 14
29 0
29 15
3 3
3 27
11 16
24 11
23 22
24 30
4 20
27 0
12 7
3 1
26 17
9 26
1 6
29 30
0 8
7 0
1 13
2 30
12 21
10 30
12 8
0 9
15 14
14 8
17 28
1 15
14 7
11 29
24 29
3 24
9 23
20 30
16 28
22 30
0 17
21 11
20 13
4 27
13 13
24 21
14 29
4 0
24 16
30 20
20 16
26 23
8 23
4 9
3 20
13 9
22 10
4 18
10 27
26 8
28 18
2 3
8 16
3 29
23 15
7 28
20 1
2 14
20 20
26 24
7 5
4 3
9 29
1 16
19 23
5 21
18 8
23 8
23 19
9 0
17 5
21 14
14 21
11 24
23 5
22 7
11 5
2 10
12 5
8 9
29 20
21 1
0 11
27 14
26 30
9 14
0 28
10 5
15 11
9 20
5 11
2 25
