100 33 1000000000
21 0
11 14
8 4
7 21
16 14
12 9
12 15
10 18
17 2
15 1
0 17
15 16
16 11
21 1
3 15
15 4
17 20
0 4
9 21
10 5
13 9
9 1
2 10
4 10
21 21
5 19
11 0
4 1
6 10
8 19
9 22
6 5
5 1
0 5
14 13
21 10
4 4
5 12
4 7
21 14
7 20
18 1
5 0
16 6
21 2
1 20
2 18
12 4
17 5
15 8
11 15
8 22
5 3
2 20
20 17
21 13
22 11
4 19
3 14
2 22
10 8
17 22
18 6
7 9
4 6
3 11
1 22
2 19
7 14
17 4
5 14
3 22
1 8
16 16
5 13
21 22
4 11
13 21
13 5
15 14
12 12
7 22
14 19
9 8
11 20
14 18
21 9
0 1
11 1
14 1
22 20
3 18
3 13
12 17
1 10
19 22
21 11
13 12
8 14
21 6
0 12
8 1
1 7
13 7
16 21
13 0
16 10
1 6
8 21
8 20
7 12
12 1
10 1
19 10
19 1
0 10
19 7
5 9
8 2
3 6
17 7
16 19
15 9
14 9
12 18
1 16
18 9
2 5
5 20
18 13
13 17
8 0
2 9
