100 100 1000000000
14 10
3 14
8 19
1 7
4 20
7 6
19 20
1 17
9 5
10 8
9 6
9 16
8 17
13 0
18 12
2 4
4 6
9 12
12 13
22 22
13 16
15 8
1 19
14 1
2 22
20 10
9 15
9 0
17 10
10 2
16 0
10 11
14 17
2 2
2 20
19 15
10 13
16 1
9 1
3 10
10 16
7 4
11 1
22 4
19 10
13 2
8 3
19 3
20 0
7 19
11 22
13 13
18 9
1 3
2 10
19 12
5 10
9 3
15 19
20 1
17 17
3 4
4 21
1 12
10 7
0 20
19 7
17 16
4 14
8 1
16 8
20 15
18 2
21 20
14 11
15 5
11 13
20 18
9 11
15 21
15 10
21 22
9 14
13 18
1 10
2 21
8 21
3 13
22 10
18 0
19 11
6 17
16 21
21 17
14 13
16 11
14 21
1 1
6 2
14 2
8 8
8 15
16 16
13 19
22 16
15 13
2 0
11 0
17 2
14 22
12 2
2 11
22 11
7 20
11 19
15 15
11 12
4 10
10 12
10 1
8 13
9 22
5 11
12 22
8 0
19 19
19 0
4 13
8 11
1 13
17 3
15 6
16 2
20 12
3 16
18 6
18 15
5 7
5 16
7 18
20 21
21 10
9 4
7 17
1 0
16 10
16 4
18 17
0 6
15 9
10 3
21 16
21 12
14 16
10 20
14 6
4 3
6 0
13 10
17 0
9 8
14 14
8 16
11 16
17 19
6 20
6 7
3 1
9 18
16 14
3 6
17 1
0 16
19 16
19 8
22 17
7 21
7 14
1 15
17 4
11 3
5 6
10 9
13 5
9 9
21 2
16 9
15 18
18 1
14 20
4 12
10 4
22 8
5 5
5 17
9 10
6 16
0 15
13 6
14 4
