100 100 1000000000
19 19
36 20
46 26
20 45
45 49
14 10
40 9
32 32
4 48
3 12
27 53
45 20
31 23
55 52
39 31
34 42
18 36
28 21
27 48
5 5
1 36
54 36
28 2
48 51
21 30
46 18
45 29
19 49
48 17
15 13
26 32
41 11
27 22
9 25
30 55
52 21
37 11
21 21
17 4
46 16
6 48
39 5
34 4
34 11
16 41
35 19
1 39
4 43
6 35
2 53
7 1
45 7
48 37
14 16
2 47
3 8
27 30
26 9
25 49
12 17
21 35
50 40
41 19
43 30
41 28
46 5
41 16
44 31
42 47
11 9
39 24
21 40
11 0
48 18
2 15
0 40
40 50
28 52
22 11
21 3
25 46
1 31
12 34
51 36
51 39
44 0
23 0
34 21
28 10
15 19
36 11
15 10
21 47
40 35
20 42
27 27
10 8
9 38
43 55
40 49
50 0
26 44
46 11
8 9
43 25
17 41
36 18
2 42
33 16
40 19
38 52
33 24
11 30
25 38
54 45
13 29
25 47
25 44
39 23
5 11
18 33
37 16
26 6
52 26
33 2
34 29
5 38
53 19
54 29
49 11
44 55
19 14
40 24
10 33
54 3
50 26
43 21
42 36
27 24
27 43
39 14
40 0
46 43
12 26
52 16
15 0
18 14
28 7
35 4
50 39
54 41
12 46
4 16
7 17
24 48
22 22
55 27
31 18
43 27
21 31
26 15
44 22
14 27
27 2
24 50
29 3
23 8
24 36
25 14
35 26
25 9
13 11
24 8
43 6
33 35
16 40
30 31
46 27
32 53
1 16
52 42
43 1
27 37
13 46
17 32
47 12
49 31
14 14
4 45
51 40
22 25
52 19
28 47
19 8
47 24
33 23
49 7
6 20
34 50
0 9
