100 100 1000000000
89 80
55 39
14 53
88 75
57 56
74 97
33 14
45 53
35 60
23 34
58 19
95 54
37 10
5 51
72 37
92 47
67 66
78 95
53 37
39 34
12 51
5 5
32 13
32 84
7 22
91 43
3 95
40 16
85 87
49 43
40 92
73 48
66 92
35 86
14 71
16 54
20 64
10 58
68 79
86 91
63 95
75 9
11 17
10 6
22 48
2 0
70 27
96 39
39 85
44 74
34 48
87 95
9 51
68 72
16 0
48 86
52 17
50 44
13 69
41 62
86 2
66 7
29 16
16 67
12 59
19 0
94 38
20 93
29 99
76 26
56 96
50 53
32 90
72 33
95 11
6 2
9 98
68 88
52 32
28 74
20 44
28 18
74 74
77 53
3 27
15 27
38 17
95 15
24 28
50 37
59 37
61 36
40 18
63 96
68 15
91 49
2 47
79 70
16 62
56 70
69 88
70 2
19 97
33 49
70 53
75 7
49 91
96 45
78 10
5 60
78 44
44 69
82 17
80 34
19 31
27 78
31 20
4 3
90 19
35 43
55 74
35 23
53 32
65 44
33 68
36 53
33 57
4 26
45 57
30 54
87 30
64 1
8 21
10 76
26 0
96 16
51 74
5 81
29 98
87 72
27 34
47 64
3 15
77 14
92 19
90 2
70 11
63 74
12 22
25 42
70 46
22 79
32 50
19 29
70 95
32 64
47 81
37 65
94 81
98 44
32 40
40 52
26 81
58 83
80 15
33 24
67 45
54 47
77 32
19 47
10 81
79 19
67 80
75 32
88 31
50 74
59 4
14 36
41 8
6 43
95 79
62 75
96 67
59 57
24 41
57 51
72 7
94 57
86 73
22 22
40 33
28 44
80 90
22 46
76 44
1 44
10 53
78 94
94 12
6 52
