100 100 1000000000
47 72
57 29
96 5
13 83
91 28
85 47
79 25
83 46
57 15
69 70
92 97
81 18
36 86
95 63
18 55
59 77
5 23
7 89
43 37
26 80
64 66
1 87
5 13
81 67
29 51
83 90
13 48
75 76
11 18
0 99
15 72
77 35
93 4
4 80
7 95
98 48
81 42
51 12
25 65
10 55
60 42
0 75
22 3
98 79
60 69
7 80
33 96
77 31
2 96
26 29
0 82
99 28
31 76
55 19
41 11
5 70
95 2
0 4
68 38
24 47
45 49
44 95
66 52
18 25
66 38
72 11
52 34
97 84
57 35
60 11
2 35
28 21
72 27
21 67
91 24
9 0
99 85
38 66
75 45
39 58
2 30
18 98
56 89
19 77
63 29
48 10
95 74
79 21
63 62
86 8
26 55
7 45
99 84
33 95
75 86
75 10
74 82
74 71
81 43
78 55
77 78
37 8
96 13
80 20
22 14
4 26
46 51
0 8
42 43
56 87
75 71
85 67
43 15
40 83
28 51
97 98
44 74
89 72
0 32
11 68
12 52
91 37
2 20
80 0
1 33
49 85
49 42
74 44
50 94
29 75
16 30
7 67
38 32
31 12
88 67
5 50
74 85
96 74
70 72
18 33
47 53
97 83
32 54
35 55
93 13
76 96
83 29
68 22
5 66
89 13
84 54
96 85
46 8
52 65
6 28
79 44
39 74
58 87
40 82
60 32
50 3
87 77
89 41
23 25
8 67
29 96
93 90
88 85
33 88
88 89
1 91
45 17
2 87
60 23
65 90
31 98
81 55
88 51
27 86
19 41
1 80
1 43
76 69
42 92
87 95
41 14
48 56
67 47
9 55
26 68
4 55
66 31
76 41
13 44
27 35
63 90
37 24
78 28
82 53
7 20
