100 100 1000000000
52 26
54 2
98 76
91 5
26 3
25 42
9 22
57 12
32 91
89 23
15 80
80 50
52 0
32 50
12 0
41 63
78 52
62 1
86 59
45 92
48 92
85 5
11 78
18 63
8 75
45 56
36 60
89 78
60 7
2 4
51 78
9 55
57 54
92 63
60 40
87 78
13 48
15 48
30 87
76 68
83 41
7 83
43 38
73 65
83 25
84 77
19 14
26 14
15 2
37 38
16 77
54 23
81 84
54 71
87 38
51 35
53 44
57 85
12 21
86 20
97 54
26 57
30 52
10 71
99 73
12 18
31 3
83 67
66 6
52 4
98 18
13 60
12 33
6 8
6 16
10 23
30 2
52 66
15 32
8 5
76 29
5 76
83 53
47 40
75 95
17 71
69 62
9 53
38 10
22 29
28 3
21 8
19 85
69 71
41 53
77 9
24 10
26 54
61 98
10 50
52 13
81 59
61 28
57 23
91 23
80 78
57 48
63 92
36 5
44 59
4 96
69 70
89 90
80 86
93 92
20 63
5 29
90 10
16 60
50 18
30 7
20 25
27 39
25 71
69 5
90 4
49 87
24 77
29 14
77 97
52 89
56 1
0 69
65 49
98 33
53 81
85 13
27 35
51 92
2 7
61 68
18 11
4 11
74 42
95 31
93 77
93 20
83 45
95 64
59 64
69 20
55 27
35 3
82 29
52 49
68 57
72 20
55 77
83 27
19 99
24 41
4 35
56 70
4 91
66 76
29 87
36 44
82 85
67 69
36 76
4 43
43 36
72 64
8 2
70 73
44 33
87 75
11 67
50 52
88 90
85 19
4 92
45 38
89 29
35 59
19 52
78 47
65 7
28 1
12 78
63 21
37 80
96 1
48 99
21 42
44 84
56 4
69 56
55 97
73 84
