100 100 1000000000
56 93
20 13
30 23
21 6
2 39
77 87
31 54
94 30
53 8
60 94
65 34
62 11
21 89
63 8
22 4
0 51
85 98
23 21
89 4
93 13
97 49
85 97
71 41
69 59
62 86
14 49
79 40
70 20
18 80
45 15
50 79
42 94
73 22
84 17
5 61
8 54
86 18
3 57
82 62
28 41
10 40
67 21
42 24
62 84
17 23
84 18
5 15
17 25
17 6
33 5
65 17
20 79
11 71
25 72
17 61
9 1
85 45
2 69
45 20
36 35
40 93
23 33
78 40
28 2
53 92
89 40
49 68
32 27
91 67
81 24
66 69
0 92
58 22
87 12
26 17
95 85
32 26
19 46
71 19
31 37
17 97
89 1
18 96
4 95
83 41
6 2
75 57
60 50
84 78
63 44
71 78
95 18
93 82
73 59
26 83
80 58
34 26
66 51
28 86
55 23
25 92
88 40
99 34
83 33
14 7
82 77
22 53
85 12
42 34
28 20
18 9
60 27
48 93
4 11
31 0
46 95
25 82
61 21
69 74
84 33
64 15
70 82
5 69
89 44
23 28
37 14
57 97
26 65
69 47
81 43
43 20
40 40
8 79
63 30
85 22
75 4
44 6
30 39
24 30
77 41
34 37
44 58
84 67
84 6
73 82
62 88
26 58
89 58
47 11
32 84
60 33
6 24
86 81
50 51
39 59
15 0
15 41
8 13
85 39
54 10
91 47
67 88
43 0
19 1
74 67
6 60
61 61
39 12
29 45
64 67
66 49
32 13
5 22
30 12
68 85
54 30
38 87
52 69
32 64
70 49
13 76
76 46
48 17
83 37
30 69
3 5
61 72
33 43
44 36
29 86
63 63
66 35
55 76
26 24
52 2
52 19
86 89
42 59
95 59
56 32
