9 100 1000000000
54 97
34 94
7 59
96 45
62 45
65 92
16 96
43 76
55 78
53 78
53 80
54 78
54 80
55 77
55 80
56 78
56 79
53 97
53 98
54 96
54 99
55 97
55 98
32 94
32 96
33 94
33 96
34 93
34 96
35 94
35 95
4 60
5 59
5 61
6 59
6 61
7 58
7 61
8 59
8 60
94 46
94 47
94 48
95 45
95 49
96 44
96 47
96 49
97 45
97 46
97 49
98 44
98 48
99 45
99 46
99 47
61 45
61 46
62 44
62 47
63 45
63 46
63 93
63 94
63 95
64 92
64 96
65 91
65 94
65 96
66 92
66 93
66 96
67 95
68 92
68 93
68 94
14 97
14 98
14 99
15 96
16 95
16 98
17 96
17 97
18 99
19 96
19 97
19 98
41 77
41 78
41 79
42 76
42 80
43 75
43 78
43 80
44 76
44 77
44 80
45 75
45 79
46 76
46 77
46 78
99 15
99 16
99 17
54 79
