13 100 1000000000
87 89
36 92
84 17
32 42
47 37
27 62
43 63
64 39
10 64
26 44
40 72
72 85
41 87
86 89
86 90
87 88
87 91
88 89
88 90
35 92
35 93
36 91
36 94
37 92
37 93
83 17
83 18
84 16
84 19
85 17
85 18
31 42
31 43
32 41
32 44
33 42
33 43
46 37
46 38
47 36
47 39
48 37
48 38
40 87
40 88
41 86
41 89
42 87
42 88
26 62
26 63
27 61
27 64
28 62
28 63
51 99
35 62
35 63
36 61
36 64
37 62
37 63
63 57
63 58
64 56
64 59
65 57
65 58
42 63
42 64
43 62
43 65
44 63
44 64
63 39
63 40
64 38
64 41
65 39
65 40
9 64
9 65
10 63
10 66
11 64
11 65
25 44
25 45
26 43
26 46
27 44
27 45
39 72
39 73
40 71
40 74
41 72
41 73
71 85
71 86
72 84
72 87
73 85
73 86
73 33
73 34
74 32
74 35
75 33
75 34
26 99
27 98
28 99
