12 100 1000000000
87 89
99 13
85 93
85 73
2 14
97 32
77 91
73 1
21 37
19 33
67 7
92 32
86 89
86 90
87 88
87 91
88 89
88 90
98 13
98 14
99 12
91 91
91 92
92 90
92 93
93 91
93 92
14 52
14 53
15 51
15 54
16 52
16 53
84 93
84 94
85 92
85 95
86 93
86 94
84 73
84 74
85 72
86 73
86 74
73 30
73 31
74 29
75 30
75 31
1 14
1 15
2 13
3 14
3 15
29 90
29 91
30 89
31 90
31 91
96 32
96 33
97 31
98 32
98 33
76 91
76 92
77 90
77 93
78 91
78 92
72 1
72 2
73 0
74 1
74 2
20 37
20 38
21 36
22 37
22 38
18 33
18 34
19 32
19 35
20 33
20 34
96 75
96 76
97 74
98 75
98 76
99 92
99 93
66 7
66 8
67 6
68 7
68 8
91 32
91 33
92 31
93 32
93 33
62 14
62 15
63 13
63 16
64 14
64 15
40 99
99 89
99 90
