48 48 1000000000
54 54
56 56
67 67
42 42
84 84
33 33
81 81
99 99
38 38
35 35
78 78
82 82
27 27
13 13
73 73
53 53
14 14
36 36
3 3
70 70
90 90
95 95
96 96
8 8
79 79
31 31
55 55
4 4
85 85
9 9
7 7
25 25
30 30
65 65
15 15
89 89
93 93
77 77
32 32
92 92
97 97
58 58
16 16
23 23
41 41
2 2
52 52
59 59
80 80
94 94
26 26
47 47
68 68
50 50
43 43
69 69
18 18
21 21
48 48
0 0
74 74
11 11
46 46
19 19
86 86
88 88
62 62
17 17
1 1
34 34
51 51
49 49
66 66
29 29
57 57
60 60
71 71
44 44
6 6
39 39
5 5
40 40
61 61
22 22
20 20
12 12
98 98
28 28
91 91
76 76
37 37
64 64
83 83
45 45
72 72
87 87
