100 100 1000000000
1 2
0 7
19 18
6 20
16 0
11 19
17 9
12 13
7 16
6 1
15 10
5 0
22 9
16 17
17 12
19 3
20 9
15 22
7 15
11 18
3 1
14 21
11 13
6 14
19 13
1 4
21 16
7 5
20 3
14 1
13 18
10 11
0 18
6 4
13 14
15 16
21 8
20 0
17 22
18 13
9 22
7 13
18 19
11 1
8 5
21 9
5 2
17 4
10 17
15 4
4 4
9 5
20 20
0 0
6 12
9 18
10 7
20 1
22 15
15 21
15 1
5 11
16 14
21 4
12 3
6 5
19 17
15 18
2 17
22 8
20 11
0 8
11 16
16 15
0 11
2 11
10 19
11 7
10 3
13 8
8 4
18 1
7 9
10 4
1 17
8 12
20 22
16 7
22 3
18 3
13 0
1 7
16 6
19 21
20 4
19 1
1 19
6 11
3 9
15 9
17 20
17 2
0 4
9 14
12 0
15 8
20 18
22 11
5 4
14 2
21 17
17 16
16 11
11 15
17 0
4 15
10 20
22 17
13 10
21 3
15 19
1 18
22 4
8 13
1 21
1 11
13 9
7 22
16 22
5 18
17 15
8 17
19 10
15 14
2 8
6 19
22 22
5 19
22 2
9 11
11 8
11 0
16 3
3 11
22 12
0 22
1 10
2 22
6 9
7 4
14 18
4 22
14 10
21 5
18 21
7 20
13 21
18 8
5 15
5 7
12 15
14 19
13 3
13 20
13 17
17 1
0 16
11 20
4 8
14 4
8 18
20 10
7 10
18 2
19 16
9 10
3 15
9 7
16 16
11 5
15 7
1 0
19 2
21 13
9 1
16 5
3 17
8 2
9 2
13 7
6 0
17 6
11 12
17 18
10 13
2 21
19 9
19 15
9 3
6 13
