10 100 1000000000
79 76
84 89
45 25
32 24
89 81
40 56
62 15
81 40
61 14
99 18
78 76
78 77
79 75
80 76
80 77
99 26
99 27
99 28
82 90
82 91
82 92
83 89
83 93
84 88
84 91
84 93
85 89
85 90
85 93
86 88
86 92
87 89
87 90
87 91
12 93
12 95
13 93
13 95
14 92
14 95
15 93
15 94
42 26
43 25
43 27
44 25
44 27
45 24
45 27
46 25
46 26
30 25
30 26
30 27
31 24
31 28
32 23
32 26
32 28
33 24
33 25
33 28
34 27
35 24
35 25
35 26
87 82
87 83
87 84
88 81
88 85
89 80
89 83
89 85
90 81
90 82
90 85
91 84
92 81
92 82
92 83
39 56
39 57
40 55
40 58
41 56
41 57
61 15
61 16
62 14
62 17
63 15
63 16
63 9
63 10
64 8
65 9
65 10
80 40
80 41
81 39
82 40
82 41
60 14
60 15
61 13
98 18
98 19
99 17
26 99
