100 100 1000000000
41 50
52 15
21 44
29 42
8 51
27 2
42 16
34 37
49 20
20 22
41 13
40 18
55 54
49 48
36 37
54 54
41 10
39 29
24 35
15 22
16 49
31 15
7 6
21 9
49 7
15 0
23 7
39 54
47 43
37 27
11 36
51 33
18 20
28 14
36 8
4 53
5 14
55 9
24 34
11 48
22 7
53 14
6 37
5 49
15 13
15 10
2 9
25 32
28 45
42 9
11 0
25 11
2 13
28 47
17 39
9 46
47 6
50 54
52 17
54 2
15 46
39 7
44 20
16 35
24 11
27 21
43 11
24 36
42 0
17 46
52 1
33 52
33 13
22 16
12 53
55 28
46 10
10 26
0 4
55 7
31 32
23 14
37 40
5 34
12 36
51 6
20 15
8 7
12 1
22 1
28 30
53 30
21 16
55 44
17 16
43 51
16 54
47 1
31 39
38 18
50 21
35 21
4 10
46 38
48 19
11 10
23 30
23 10
5 17
0 44
24 45
42 48
33 22
45 33
42 1
28 27
24 12
28 23
30 6
19 50
50 38
39 45
44 43
39 52
39 41
43 53
52 51
29 47
44 46
3 15
47 40
32 23
39 34
26 30
3 21
3 22
18 44
23 33
35 6
52 11
6 7
15 21
1 26
9 55
19 1
1 41
18 37
26 43
9 8
5 53
34 6
29 24
51 49
2 12
39 15
22 41
6 20
4 52
22 21
5 46
33 39
42 10
0 25
14 17
23 41
48 9
4 41
3 46
50 19
28 0
33 1
25 50
22 52
18 25
47 0
47 32
36 21
0 34
15 55
52 0
48 0
1 12
39 13
46 23
53 7
36 27
5 43
12 24
8 11
45 51
17 23
7 47
53 8
34 14
19 51
37 25
10 34
6 1
19 11
33 10
