100 3 1000000000
5 12
24 14
20 8
16 30
27 27
9 22
11 8
7 23
30 5
17 2
3 0
23 24
4 5
20 30
19 19
21 7
29 8
17 22
28 15
21 6
25 26
22 12
15 28
7 29
18 7
16 20
15 30
11 28
1 28
30 15
17 3
7 30
21 10
17 4
0 22
17 20
11 15
19 8
25 27
7 8
24 22
17 6
26 13
20 13
1 13
15 10
0 25
5 2
5 20
28 25
9 1
7 5
25 4
7 13
13 29
19 10
7 26
29 0
12 27
12 21
27 24
24 5
11 20
17 18
8 30
17 17
11 6
19 23
13 30
0 20
24 12
27 18
27 17
15 22
19 2
5 22
2 0
27 10
19 4
25 25
18 12
18 14
13 5
21 4
22 30
6 15
1 23
30 28
9 20
18 3
23 11
23 0
18 1
30 30
0 26
15 5
27 12
29 29
24 10
30 0
22 6
23 29
18 11
