100 100 1000000000
47 8
76 20
93 3
98 61
15 82
9 26
13 22
95 75
78 89
35 84
23 27
1 58
14 36
19 62
42 70
94 25
63 16
22 43
83 6
22 79
2 0
72 22
44 22
55 80
52 97
49 73
33 30
1 75
75 61
31 28
95 92
37 31
88 98
80 92
35 13
69 40
90 46
27 58
81 3
71 82
24 60
12 17
43 29
30 67
13 63
37 27
39 67
69 10
62 56
18 36
95 38
33 36
49 83
52 18
32 97
80 10
28 96
45 53
34 82
50 51
42 99
62 49
65 79
0 71
32 29
43 55
10 34
70 79
65 33
31 61
78 37
66 55
75 62
47 48
20 45
62 83
26 93
54 5
58 6
3 92
26 86
67 1
50 17
59 14
12 32
35 98
85 58
18 31
32 63
30 69
87 72
59 35
78 67
14 95
35 19
43 96
29 98
55 11
19 17
69 58
6 15
2 95
0 6
48 95
70 65
54 41
7 50
27 17
11 61
14 72
18 7
15 12
80 86
93 18
57 66
51 73
7 57
58 58
30 60
90 42
99 80
87 30
1 25
62 23
68 93
45 13
30 39
16 75
66 49
78 43
98 38
29 3
59 54
46 32
5 48
74 42
22 96
87 70
48 91
81 38
95 16
56 38
34 35
89 75
35 62
7 95
89 77
75 42
95 94
0 52
56 70
54 34
96 59
23 50
16 40
25 76
13 20
84 7
11 62
42 96
74 89
12 1
44 74
31 19
46 76
72 16
50 50
17 49
3 36
5 70
24 54
94 99
7 25
0 39
98 62
10 75
33 22
90 29
35 37
29 74
89 88
54 7
78 64
21 82
45 52
1 78
75 64
42 29
0 77
71 51
77 74
82 18
73 72
99 56
61 63
14 33
79 27
81 45
6 71
75 46
