17 100 1000000000
26 80
79 58
71 27
71 65
12 87
78 64
54 26
41 52
58 21
29 9
96 95
20 22
15 61
17 72
27 38
23 72
81 58
25 80
25 81
26 79
26 82
27 80
27 81
78 58
78 59
79 57
80 58
80 59
40 86
40 87
41 85
41 88
42 86
42 87
70 27
70 28
71 26
72 27
72 28
70 65
70 66
71 64
71 67
72 65
72 66
11 87
11 88
12 86
12 89
13 87
13 88
77 64
77 65
78 63
78 66
79 64
79 65
99 6
99 7
53 26
53 27
54 25
54 28
55 26
55 27
40 52
40 53
41 51
42 52
42 53
57 21
57 22
58 20
59 21
59 22
28 9
28 10
29 8
30 9
30 10
95 95
95 96
96 94
97 95
97 96
19 22
19 23
20 21
20 24
21 22
21 23
14 61
14 62
15 60
16 61
16 62
16 72
16 73
17 71
18 72
18 73
26 38
26 39
27 37
27 40
28 38
28 39
22 72
22 73
23 71
23 74
24 72
24 73
81 57
82 58
82 59
72 99
