100 100 1000000000
52 40
46 7
88 51
23 23
37 75
93 4
67 40
8 49
33 81
63 36
17 50
28 84
72 27
3 4
58 24
4 32
94 21
31 32
61 0
45 26
74 54
51 83
72 74
96 67
31 29
73 63
6 16
58 96
37 59
59 60
92 2
29 78
55 73
22 10
7 69
56 52
52 77
25 37
26 28
89 93
8 89
63 50
71 35
78 99
75 54
75 82
83 70
96 72
26 69
22 9
22 73
76 42
61 39
56 17
88 90
87 6
63 22
84 83
0 76
62 80
81 25
5 19
39 5
36 39
40 42
76 73
88 11
99 93
64 18
53 72
87 52
58 77
16 2
38 48
83 21
32 24
89 16
0 19
78 68
26 99
45 89
29 53
91 52
64 13
12 12
63 62
78 5
58 33
35 13
24 22
29 98
13 58
89 75
7 20
50 59
61 51
89 69
77 82
96 5
39 32
56 99
37 30
34 66
26 78
88 97
92 22
55 62
20 41
77 14
40 77
81 90
86 35
5 91
3 53
35 88
24 85
51 99
58 30
6 27
2 88
8 98
13 73
85 84
10 66
59 81
81 50
37 81
94 35
85 61
25 75
42 72
52 27
56 59
2 36
58 84
45 49
11 41
56 42
69 26
52 10
40 8
68 13
69 45
98 31
52 43
50 84
61 78
28 20
2 65
35 77
93 10
68 15
14 71
21 19
21 54
88 79
76 58
21 95
18 11
15 11
81 69
26 53
16 27
21 20
17 96
10 31
35 47
28 93
53 22
96 24
67 88
15 32
10 2
69 39
45 59
98 36
22 59
48 28
1 33
20 74
14 4
31 93
27 11
14 62
99 1
8 31
90 4
6 2
83 58
51 76
66 56
45 93
52 78
27 57
44 60
16 22
22 58
72 15
54 19
8 9
