48 48 1000000000
67 67
51 51
47 47
70 70
48 48
85 85
69 69
4 4
96 96
66 66
20 20
97 97
25 25
64 64
35 35
78 78
86 86
50 50
23 23
60 60
74 74
40 40
90 90
94 94
0 0
26 26
14 14
61 61
53 53
17 17
45 45
57 57
77 77
38 38
16 16
73 73
71 71
81 81
27 27
42 42
13 13
43 43
6 6
44 44
98 98
32 32
82 82
80 80
95 95
31 31
56 56
18 18
75 75
99 99
33 33
41 41
63 63
46 46
11 11
39 39
21 21
54 54
9 9
92 92
22 22
62 62
5 5
89 89
68 68
2 2
28 28
79 79
24 24
12 12
91 91
52 52
29 29
49 49
7 7
1 1
84 84
59 59
83 83
65 65
72 72
3 3
34 34
76 76
10 10
87 87
36 36
15 15
58 58
8 8
19 19
55 55
