100 33 1000000000
16 18
19 14
0 21
20 4
22 8
17 9
10 7
4 15
19 18
13 2
18 1
8 3
0 17
8 18
1 6
17 2
10 3
12 14
10 9
7 18
20 17
16 20
20 20
17 20
13 5
3 7
18 0
17 13
12 3
3 11
9 6
13 18
20 14
13 12
21 0
15 5
3 15
3 21
18 2
4 1
7 1
0 16
4 12
19 3
3 6
12 1
15 2
5 21
10 8
13 15
14 9
17 0
2 4
5 13
12 17
2 6
17 6
13 21
3 2
11 9
11 14
14 5
6 16
1 11
15 20
17 21
16 10
15 19
8 0
0 20
7 21
15 3
12 13
22 1
17 17
14 13
5 16
18 12
21 19
19 8
1 9
2 14
11 0
18 16
11 12
22 19
2 9
12 18
10 13
15 22
5 8
0 3
3 0
13 17
0 13
12 11
19 22
3 10
4 8
18 13
13 0
8 1
9 22
16 11
16 2
2 0
17 10
14 0
12 16
12 21
3 8
18 20
11 19
18 8
5 5
4 0
22 16
6 17
22 3
3 19
4 19
21 12
12 5
1 8
20 2
11 3
15 13
11 11
3 4
16 19
5 10
2 12
18 9
