100 100 1000000000
49 51
89 51
19 11
34 7
4 11
61 81
20 31
21 55
34 77
10 17
84 16
6 71
83 89
34 93
75 99
38 60
75 97
45 50
37 94
67 43
93 8
43 95
7 1
98 5
51 87
33 14
72 29
32 75
79 46
6 84
72 32
1 43
6 58
29 49
35 23
2 23
70 64
85 13
64 58
97 40
49 64
65 43
48 39
69 33
41 45
3 22
77 96
79 42
99 39
4 33
62 38
37 8
99 95
38 57
42 2
18 28
1 42
37 26
26 46
13 66
44 0
56 42
70 37
48 31
42 51
83 29
12 82
25 56
77 85
0 23
80 40
8 93
6 37
77 5
64 35
53 25
64 92
90 60
62 18
73 64
90 10
39 7
12 28
30 54
69 76
84 65
15 72
40 72
92 43
27 2
34 75
47 64
9 34
6 1
21 67
36 51
6 93
62 15
94 78
93 28
48 40
34 5
42 89
62 55
57 74
16 68
77 76
76 27
76 9
83 24
41 22
24 80
57 8
44 34
77 2
74 13
94 89
60 63
40 39
64 38
50 18
97 34
61 66
23 9
40 17
73 49
87 50
49 33
55 50
52 7
51 19
48 83
90 20
44 82
60 77
37 50
64 86
32 64
32 51
29 19
60 6
79 25
36 10
64 32
59 26
82 23
94 79
13 8
57 15
20 72
97 95
87 2
88 68
74 29
75 39
68 56
6 3
82 98
62 28
20 76
28 6
40 4
71 74
58 24
89 10
46 20
40 30
20 49
48 0
82 46
86 12
74 7
35 95
56 44
41 3
23 73
40 3
76 56
8 87
9 16
86 8
21 50
89 12
74 17
71 47
93 38
2 46
45 57
27 92
29 26
40 5
65 14
12 44
51 9
8 56
31 83
45 26
32 68
75 12
95 49
