100 100 1000000000
18 38
8 17
43 13
72 38
84 15
1 54
5 51
11 33
5 60
80 73
91 47
19 55
47 86
49 68
22 39
97 82
71 71
33 22
54 67
66 84
76 41
70 0
24 13
94 88
86 81
29 52
42 96
33 39
3 45
73 51
84 94
16 15
25 32
73 40
96 6
75 10
64 79
27 90
5 85
47 57
19 72
0 64
0 88
78 73
47 73
41 94
24 97
41 25
36 96
59 95
87 52
63 29
29 17
70 14
82 42
75 79
47 64
55 45
96 48
15 91
74 11
46 60
52 20
40 53
67 55
8 77
65 20
63 14
35 63
37 43
83 31
24 43
8 44
3 38
30 15
71 9
76 15
21 45
48 38
48 73
99 47
62 75
61 73
68 53
74 73
42 97
62 38
38 53
21 71
27 22
35 13
14 77
2 92
66 83
43 69
89 87
12 92
79 26
22 64
4 66
43 30
17 25
13 2
51 70
45 92
84 13
19 10
18 1
84 49
55 70
40 8
70 65
93 58
50 14
11 35
74 66
59 40
0 3
33 49
45 33
86 61
30 97
48 69
23 42
57 96
93 2
53 66
41 24
77 78
53 40
92 65
7 20
81 18
5 17
41 41
25 67
37 51
15 99
81 74
68 71
22 16
1 46
38 33
82 99
51 6
74 0
26 92
98 96
17 48
71 10
41 8
3 0
1 60
40 25
95 42
74 48
54 17
25 73
39 5
78 65
35 57
52 63
54 37
88 12
92 57
2 2
13 61
92 67
16 1
85 20
40 10
39 6
61 88
59 15
38 71
93 60
64 65
9 59
69 65
65 88
23 98
78 46
28 30
79 86
20 60
3 10
60 58
64 94
56 80
11 75
99 1
10 62
23 55
20 81
38 44
97 28
79 21
49 99
56 71
80 75
