13 100 1000000000
79 61
96 85
8 80
6 84
23 56
29 26
60 93
61 9
4 87
30 16
17 96
54 13
49 14
78 61
78 62
79 60
79 63
80 61
80 62
95 85
95 86
96 84
96 87
97 85
97 86
1 31
1 32
2 30
2 33
3 31
3 32
7 80
7 81
8 79
8 82
9 80
9 81
5 84
5 85
6 83
6 86
7 84
7 85
22 56
22 57
23 55
23 58
24 56
24 57
28 26
28 27
29 25
29 28
30 26
30 27
59 93
59 94
60 92
60 95
61 93
61 94
60 9
60 10
61 8
61 11
62 9
62 10
3 87
3 88
4 86
4 89
5 87
5 88
0 49
0 50
1 48
1 51
2 49
2 50
29 16
29 17
30 15
30 18
31 16
31 17
16 96
16 97
17 95
17 98
18 96
18 97
53 13
53 14
54 12
54 15
55 13
55 14
48 14
48 15
49 13
49 16
50 14
50 15
97 45
97 46
98 44
98 47
99 45
99 46
99 37
99 38
18 99
3 99
