50
1 12
1 30
5 4 42 48 32 46
6 8 13 35 22 23 49
4 19 10 6 2
5 42 5 30 1 44
2 38 26
7 26 10 30 33 44 25 16
7 37 22 11 28 34 35 29
7 31 43 36 32 26 8 3
4 44 41 26 24
0
4 30 2 17 43
2 41 44
4 27 25 24 45
1 2
8 38 3 10 8 49 32 1 35
5 33 20 46 25 39
7 36 12 31 20 43 35 25
5 15 8 42 37 39
9 3 35 19 15 36 14 47 9 22
2 47 6
2 19 39
4 14 40 18 43
2 17 18
6 45 1 10 9 14 24
1 32
5 49 29 25 35 3
5 21 1 22 38 34
3 26 32 28
5 36 22 47 43 46
5 2 1 28 44 26
3 46 1 27
2 23 5
3 7 49 4
2 11 21
3 4 5 6
5 28 35 46 22 5
5 8 44 34 24 28
6 49 31 20 45 2 4
4 24 46 4 31
3 23 8 4
3 11 46 45
5 20 9 3 50 48
4 26 34 19 15
3 43 1 15
3 7 36 9
2 28 37
7 30 38 37 4 41 1 46
3 17 29 47
