50
5 22 32 15 10 16
5 15 6 48 13 49
3 18 16 39
3 15 20 27
2 26 33
10 21 29 1 18 24 49 11 26 35 41
3 48 19 24
5 12 43 21 30 47
5 38 48 30 25 1
2 46 20
3 5 7 43
4 19 29 20 24
4 14 16 46 17
4 50 11 23 48
5 7 43 13 33 32
4 40 44 36 29
3 48 39 21
2 38 31
5 49 28 16 37 43
4 7 15 26 39
4 43 25 12 42
3 48 38 10
3 27 35 15
4 18 4 34 11
2 43 31
5 28 4 33 48 45
4 31 30 11 1
3 2 20 17
4 18 6 27 33
1 1
4 43 39 14 12
6 3 43 40 20 50 36
6 13 29 37 3 21 46
1 27
5 30 34 39 36 49
1 32
7 43 1 13 9 14 29 10
4 10 42 1 31
8 11 36 6 19 42 30 33 35
5 34 7 22 30 16
1 19
7 5 13 3 12 31 49 21
3 26 8 11
1 47
3 26 4 21
5 6 37 48 21 10
4 39 21 45 35
8 30 17 1 5 39 33 41 12
4 24 30 23 35
3 49 29 19
