50
2 15 3
5 26 35 18 15 6
3 34 33 5
4 43 2 5 26
3 37 26 33
3 45 25 29
0
3 11 10 40
0
5 27 41 38 44 17
4 48 40 8 38
4 20 22 25 19
0
1 35
5 1 35 3 34 5
5 22 6 20 25 32
3 41 46 48
2 23 35
7 40 22 8 12 38 28 16
3 12 22 16
2 3 5
1 32
3 18 15 35
0
2 29 28
6 21 43 3 28 45 6
3 9 39 44
4 19 16 26 29
4 25 32 22 12
1 10
0
8 38 30 29 12 22 16 25 40
3 21 2 37
0
2 15 34
3 13 50 31
4 4 6 34 21
2 12 25
2 36 31
4 20 19 32 8
7 9 7 38 48 46 24 10
3 47 13 46
2 33 23
2 41 17
4 29 20 28 19
1 41
4 44 31 42 13
2 27 7
5 43 16 45 6 28
1 47
