50
4 21 32 23 19
3 27 10 23
7 27 45 6 34 13 10 37
4 42 43 41 25
5 29 50 17 40 36
3 2 27 38
0
2 7 41
0
4 38 22 31 3
3 10 38 3
0
4 27 28 14 11
3 1 19 21
3 22 2 37
2 17 50
1 44
4 46 34 37 49
4 6 32 14 1
0
5 32 1 14 28 23
4 31 3 37 15
5 32 27 2 13 1
5 5 36 20 17 41
1 30
3 5 30 29
2 38 11
2 32 14
3 26 44 40
6 8 20 29 7 5 47
6 48 39 10 18 15 2
4 14 1 27 21
1 47
4 43 46 49 39
1 26
5 9 29 50 44 17
6 45 43 42 22 49 46
5 2 31 48 23 28
5 12 34 43 18 46
4 20 26 17 29
3 12 43 25
0
6 33 41 4 37 12 46
4 40 30 24 35
8 46 3 31 37 49 15 34 10
0
3 25 41 43
6 15 3 45 18 6 2
4 7 39 46 18
2 5 36
