50
3 25 44 5
1 44
2 15 8
6 47 11 38 29 50 40
4 28 25 10 2
4 23 40 47 31
3 28 13 35
2 14 20
3 27 16 22
4 21 44 5 1
4 31 23 4 18
2 3 41
6 24 25 43 33 28 32
1 27
3 30 3 8
2 19 46
4 3 15 8 30
3 11 17 4
0
0
2 44 26
2 16 9
4 18 6 11 50
1 13
4 5 1 2 26
6 44 2 32 7 1 25
7 22 9 45 19 33 46 34
3 7 24 35
3 49 39 31
7 48 20 14 15 12 3 36
3 49 42 29
1 24
1 35
2 22 43
3 13 9 37
1 49
5 26 16 9 27 22
1 42
6 40 41 42 31 36 38
4 6 50 4 47
6 30 18 8 42 12 36
0
6 24 21 27 16 34 33
4 28 26 21 10
5 16 22 12 3 27
0
1 11
5 3 8 22 30 34
3 39 17 15
4 17 40 6 11
