50
6 2 32 50 10 42 15
2 22 30
3 37 10 44
1 24
6 40 16 3 26 11 13
6 15 5 20 24 3 7
1 30
3 3 21 1
3 41 10 27
4 42 50 13 21
3 16 14 28
3 43 21 7
3 1 34 6
2 22 20
4 20 44 9 18
2 40 24
3 32 27 20
1 16
2 11 33
6 49 44 18 2 32 35
4 6 24 4 28
5 31 9 8 30 18
2 50 36
2 48 6
3 14 24 18
5 10 17 6 4 18
7 40 19 15 28 14 6 33
9 15 8 3 44 34 14 19 40 4
2 50 27
5 3 17 40 16 18
2 17 38
4 38 36 13 16
7 36 13 26 3 17 31 20
6 14 41 37 25 7 9
6 20 23 26 24 33 12
7 40 50 39 13 19 48 23
4 11 9 15 8
4 11 6 35 5
2 43 23
5 50 29 1 21 5
4 46 16 42 38
2 21 18
4 10 33 31 19
3 47 6 33
6 30 38 22 40 50 4
6 10 16 38 32 27 49
3 22 17 49
6 23 31 5 25 21 45
5 46 42 11 35 39
6 2 27 1 22 35 5
