50
4 33 20 39 12
2 6 40
5 24 38 25 32 29
5 43 14 31 26 5
2 35 21
1 42
1 50
5 38 22 30 46 28
7 24 3 22 32 17 29 25
1 3
4 19 23 21 45
2 25 1
5 36 45 7 19 44
0
1 25
5 28 34 27 8 22
4 18 20 12 39
5 10 20 17 25 1
2 27 49
4 10 25 33 18
3 7 6 45
5 46 9 28 37 38
1 36
8 17 25 28 12 20 3 37 8
1 29
1 47
1 42
3 24 9 37
0
8 32 27 22 34 46 47 2 38
0
6 16 3 46 28 38 22
0
3 41 42 2
5 34 11 19 47 30
2 50 21
1 17
5 22 32 47 28 2
3 18 12 17
3 26 14 43
0
2 31 40
4 48 14 11 26
3 49 13 27
1 19
5 32 27 49 22 38
2 38 46
4 19 14 11 5
1 6
1 45
