50
1 14
4 23 36 35 44
4 10 25 37 17
3 48 1 16
5 39 32 31 29 1
1 50
3 9 2 14
3 29 9 35
1 16
7 12 25 43 14 11 42 34
4 36 33 50 3
9 40 37 5 28 26 33 32 30 20
5 3 41 27 39 43
0
7 6 43 41 4 31 12 33
7 5 6 10 39 22 14 11
3 36 21 33
8 21 27 9 30 31 22 42 23
3 43 2 5
7 30 17 4 31 45 6 23
1 41
3 24 15 35
2 20 17
2 15 25
7 36 11 14 45 20 17 3
5 30 3 15 50 16
4 9 16 35 5
3 46 33 29
8 37 12 49 1 2 39 25 20
5 8 2 20 42 12
4 48 5 30 7
2 24 47
2 8 2
3 10 37 28
6 45 44 39 13 7 40
6 32 12 33 43 41 35
3 30 3 15
4 29 42 30 20
3 43 48 45
4 41 45 24 33
6 17 30 11 42 15 34
4 46 49 16 20
3 48 1 10
1 36
4 50 7 13 26
5 38 14 23 1 34
5 49 12 18 13 37
3 18 32 5
4 2 7 11 17
3 42 37 41
