50
4 11 43 7 37
0
4 40 44 30 2
2 34 3
4 44 2 12 7
4 2 13 5 25
5 11 33 38 41 34
5 24 19 40 10 21
2 15 24
0
0
0
0
5 43 34 1 47 7
4 19 24 49 10
3 20 48 24
7 43 22 47 41 25 11 13
0
4 26 8 35 9
0
5 30 2 25 15 8
4 3 33 4 12
4 26 18 48 45
5 39 10 8 15 31
3 3 12 36
1 27
1 28
2 50 26
2 16 45
2 22 13
7 18 35 49 45 29 24 19
4 24 31 20 23
3 38 22 37
6 38 25 17 41 47 11
6 26 15 18 49 9 10
0
4 14 43 47 1
2 17 37
0
2 21 24
2 33 25
0
5 38 1 7 37 34
2 34 41
6 32 16 31 20 27 49
4 18 26 29 32
3 14 1 43
2 16 23
2 10 24
2 28 46
