50
1 28
3 24 35 44
4 34 47 36 41
3 33 15 6
4 2 10 9 24
2 22 11
2 26 14
3 7 16 41
3 13 7 32
4 17 19 24 50
8 6 40 3 48 33 38 31 37
1 45
2 32 7
8 8 16 43 20 41 36 13 7
1 3
2 35 27
3 29 10 19
3 23 45 49
3 10 29 5
4 37 44 36 32
4 42 46 12 28
6 41 47 48 34 6 11
5 42 25 28 46 12
5 39 17 19 9 5
3 4 33 6
6 47 14 34 41 48 7
0
4 42 21 40 30
4 5 39 19 17
4 46 1 23 28
2 15 49
3 13 27 7
2 4 6
5 22 48 38 26 36
6 9 2 17 39 44 43
4 48 34 47 3
3 41 4 3
3 31 6 48
1 44
0
0
3 18 30 25
1 7
4 39 19 16 5
4 42 31 28 12
3 28 30 21
5 3 8 41 22 26
0
6 46 45 18 25 12 40
1 19
