1000
92978 7 497 32 849 53 457 5 443 4 691 2 212 2 56 2
37010 7 406 64 59 26 800 2 25 3 961 1 883 2 219 2
89559 15 32 3 454 27 815 21 63 28 790 3 665 1 417 3 581 3 440 5 309 1 229 1 444 1 842 1 920 1 543 1
46882 9 800 58 226 7 212 5 830 16 236 4 833 2 706 6 761 1 77 1
42011 8 987 78 627 11 59 1 684 3 391 3 231 1 827 1 7 2
60726 13 194 71 393 9 146 4 284 1 409 5 746 1 571 1 33 3 383 1 93 1 853 1 380 1 58 1
6708 9 299 90 533 1 616 3 672 1 964 1 358 1 34 1 707 1 241 1
20842 5 629 34 807 48 355 10 317 3 199 5
27635 10 832 67 385 7 38 5 210 5 30 6 693 6 380 1 42 1 254 1 646 1
28111 3 727 40 383 36 246 24
45706 5 335 53 684 6 500 34 928 4 339 3
63869 6 286 53 217 18 518 24 988 1 432 1 151 3
91759 12 102 82 49 6 703 1 630 3 328 1 199 1 221 1 500 1 953 1 946 1 614 1 105 1
81576 4 209 82 450 14 939 2 502 2
62631 4 111 31 18 64 487 3 790 2
26320 3 683 64 64 2 619 34
46492 6 149 1 669 27 258 5 484 37 647 17 489 13
52798 10 591 59 308 10 462 18 957 4 504 4 422 1 326 1 704 1 223 1 215 1
7169 1 316 100
27727 5 821 46 181 24 68 21 991 1 536 8
7963 5 752 88 759 3 438 1 943 6 248 2
98578 6 998 21 823 58 297 10 990 4 89 2 339 5
31252 4 352 23 361 8 275 23 434 46
85807 8 519 20 697 64 687 2 651 6 603 4 794 2 406 1 901 1
33413 8 41 86 717 4 702 2 905 1 385 2 218 3 969 1 344 1
66352 3 607 87 813 6 350 7
88700 6 162 81 672 3 425 13 824 1 365 1 989 1
29301 4 391 76 313 1 896 15 861 8
23742 11 237 14 791 11 322 44 67 14 188 5 125 4 899 3 33 1 829 2 630 1 692 1
66877 13 288 53 271 9 783 1 614 24 855 3 681 1 993 2 278 2 883 1 322 1 310 1 578 1 214 1
10997 11 305 28 93 28 697 2 573 25 314 3 703 3 338 5 638 3 634 1 277 1 359 1
2221 9 661 78 251 12 952 3 389 2 655 1 683 1 102 1 726 1 408 1
23498 11 79 30 961 30 899 7 432 19 276 8 130 1 56 1 632 1 380 1 654 1 714 1
8907 12 343 44 212 36 773 6 707 4 950 3 204 1 436 1 307 1 771 1 112 1 574 1 855 1
60151 11 815 13 832 11 839 51 893 9 734 2 834 1 488 3 790 3 578 4 90 1 915 2
93954 8 537 73 84 1 787 4 647 12 135 2 40 2 910 2 239 4
61210 8 61 39 543 26 43 2 297 9 738 1 939 12 327 9 226 2
55665 13 707 3 633 67 772 4 535 7 800 4 513 7 150 2 980 1 823 1 765 1 715 1 261 1 988 1
57979 10 286 26 407 63 957 3 615 1 255 1 552 1 479 2 548 1 493 1 940 1
93871 15 855 54 958 2 508 21 61 7 591 3 228 3 237 1 525 2 170 1 361 1 108 1 557 1 928 1 180 1 547 1
84386 13 677 2 400 1 44 70 860 12 808 2 734 1 812 3 819 1 598 3 376 2 806 1 778 1 154 1
18670 12 148 83 987 1 814 2 46 4 188 1 209 3 171 1 771 1 487 1 238 1 691 1 973 1
73085 8 481 64 327 23 818 5 443 4 542 1 882 1 152 1 824 1
19261 8 765 76 902 18 176 1 785 1 993 1 331 1 391 1 494 1
50894 7 587 57 552 16 317 10 445 12 348 1 50 1 959 3
76749 8 681 87 631 7 448 1 686 1 675 1 798 1 600 1 980 1
16824 6 478 80 884 2 158 4 923 4 702 4 835 6
11918 7 882 46 820 40 398 6 919 1 812 4 806 1 189 2
91706 4 786 66 130 22 109 11 365 1
37479 8 684 84 218 9 352 1 233 1 860 2 560 1 738 1 975 1
98172 6 968 23 551 29 482 45 150 1 333 1 764 1
54397 9 460 63 708 28 811 1 230 2 441 1 206 2 625 1 68 1 133 1
21831 8 385 15 428 72 638 1 252 3 546 4 508 1 147 2 741 2
30944 9 353 25 592 12 480 39 916 3 576 9 403 2 774 6 628 1 86 3
11815 10 885 68 584 14 362 4 754 8 403 1 735 1 279 1 301 1 621 1 759 1
61970 5 829 83 149 2 264 7 710 7 727 1
40726 6 189 32 983 56 181 7 560 3 127 1 669 1
83851 12 624 64 847 21 859 1 510 6 703 1 485 1 998 1 959 1 409 1 161 1 837 1 967 1
26096 10 313 80 436 2 984 9 351 3 857 1 896 1 599 1 386 1 970 1 685 1
84543 7 487 8 646 85 507 2 771 2 510 1 670 1 869 1
79383 9 288 79 805 6 689 2 709 3 599 3 715 4 298 1 627 1 711 1
23753 10 942 70 800 1 819 9 261 12 308 3 739 1 836 1 105 1 927 1 818 1
25869 10 143 47 70 35 858 6 109 6 245 1 246 1 181 1 131 1 659 1 280 1
86408 9 328 23 459 45 417 15 443 4 134 8 735 2 75 1 65 1 794 1
41295 4 858 18 524 49 85 20 106 13
81924 8 675 42 425 20 588 7 877 5 209 12 591 8 806 4 702 2
86415 7 152 84 552 4 98 6 549 1 849 2 253 2 186 1
66502 6 577 59 292 21 889 16 946 2 816 1 447 1
91421 7 139 9 776 42 283 11 905 5 599 1 323 22 400 10
58067 11 424 32 746 11 837 27 929 17 758 4 469 3 737 1 320 1 246 2 978 1 119 1
42094 5 559 70 450 13 161 12 554 3 994 2
64306 6 367 10 644 86 625 1 362 1 637 1 819 1
28023 8 290 44 213 39 787 8 605 5 80 1 793 1 938 1 904 1
80897 9 251 35 215 17 972 12 954 7 185 17 150 6 780 2 280 2 194 2
5769 7 179 39 216 4 356 35 279 1 147 6 598 4 194 11
60658 7 848 25 351 23 273 29 578 9 507 5 368 5 232 4
46482 7 595 82 406 5 467 8 549 2 543 1 470 1 971 1
33465 5 450 75 79 20 950 2 975 1 866 2
23277 11 266 11 423 54 915 24 817 3 640 2 950 1 199 1 825 1 314 1 434 1 352 1
86236 7 563 78 604 8 662 2 384 8 313 2 128 1 620 1
80962 7 186 14 485 68 204 11 685 2 677 3 1000 1 617 1
98442 9 393 4 193 7 748 34 676 38 985 6 216 4 221 3 844 2 224 2
69968 8 955 60 684 18 995 2 324 3 740 1 771 8 985 2 232 6
48823 8 663 52 784 15 583 4 379 15 764 6 381 1 211 6 646 1
68468 9 923 4 325 13 983 66 759 12 193 1 226 1 505 1 797 1 238 1
7536 13 576 8 267 70 136 1 631 4 458 1 659 5 167 5 774 1 829 1 119 1 352 1 978 1 764 1
18740 8 511 23 970 9 334 44 726 13 233 1 969 6 247 3 888 1
88058 5 678 66 578 14 911 12 475 2 551 6
34441 9 203 49 211 33 972 8 395 2 821 2 312 2 106 1 191 2 882 1
71099 2 643 57 604 43
83581 9 869 54 377 22 390 13 898 6 288 1 114 1 554 1 179 1 628 1
53693 4 682 87 697 8 869 4 878 1
93914 8 483 28 207 46 636 13 613 8 552 2 512 1 405 1 363 1
87341 6 351 85 348 5 676 5 784 3 859 1 947 1
54674 13 324 36 243 15 711 7 518 5 493 15 603 12 648 3 225 1 294 2 125 1 127 1 238 1 267 1
75093 7 339 24 480 40 471 12 835 8 684 3 757 5 945 8
2014 10 593 6 859 14 623 31 98 16 619 2 505 19 685 4 957 4 148 3 218 1
66134 5 115 42 724 24 153 6 288 24 193 4
92153 9 948 27 422 29 336 3 284 10 185 13 252 14 895 2 231 1 811 1
80320 9 250 5 743 65 790 8 342 13 192 1 592 4 298 2 158 1 972 1
41398 11 859 33 601 36 177 21 576 2 464 1 487 1 411 1 393 2 414 1 569 1 663 1
77165 4 597 71 358 16 969 7 208 6
25069 10 956 44 930 44 136 3 434 3 204 1 913 1 843 1 383 1 463 1 788 1
3605 7 811 6 890 32 986 41 280 4 556 2 975 13 726 2
75512 9 697 35 321 27 353 5 155 28 440 1 921 1 256 1 291 1 681 1
14491 9 930 83 150 8 753 3 762 1 346 1 322 1 823 1 482 1 352 1
25709 9 324 32 340 12 234 22 676 22 944 8 589 1 900 1 207 1 809 1
14604 12 784 10 234 79 667 1 614 1 613 2 483 1 807 1 196 1 721 1 715 1 793 1 273 1
74100 11 696 85 252 6 392 1 920 1 893 1 889 1 613 1 841 1 482 1 394 1 855 1
54014 5 924 43 636 52 971 2 562 2 753 1
14541 4 397 84 297 10 546 5 301 1
78370 5 901 6 963 49 765 25 174 2 310 18
22208 11 588 81 231 3 607 4 903 2 672 1 516 3 218 2 970 1 844 1 565 1 541 1
34504 12 859 15 272 14 894 21 747 27 211 14 591 3 321 1 139 1 441 1 400 1 596 1 310 1
92858 7 233 59 821 11 199 26 839 1 761 1 882 1 883 1
51182 8 492 48 590 32 768 14 429 1 463 1 960 2 730 1 487 1
25359 6 392 23 164 38 534 32 507 5 646 1 523 1
38233 11 574 42 326 1 518 12 278 35 868 1 311 2 527 2 561 1 883 1 368 1 813 2
30536 5 744 5 936 66 518 10 273 17 904 2
42481 10 485 35 947 36 543 10 288 10 179 2 695 1 709 3 842 1 532 1 698 1
97038 7 844 24 366 60 139 5 899 3 247 1 370 4 813 3
71333 8 432 90 200 1 484 1 473 1 542 3 126 2 808 1 308 1
47525 4 761 65 191 26 381 5 780 4
94600 8 974 62 473 27 312 1 964 3 340 1 971 1 500 3 797 2
17376 8 604 26 587 19 733 1 227 27 535 4 991 12 466 10 277 1
31281 4 450 36 521 56 664 7 734 1
93291 5 905 80 615 5 447 12 814 1 569 2
95917 9 409 76 884 13 659 4 266 1 754 1 449 1 196 1 489 1 998 2
30122 9 239 45 847 16 301 7 881 21 892 6 924 2 404 1 670 1 248 1
94117 5 791 26 931 33 187 36 866 4 903 1
53821 3 890 70 994 4 500 26
97608 6 297 84 520 6 987 3 564 3 636 3 840 1
75545 8 877 90 650 4 394 1 545 1 770 1 638 1 977 1 337 1
31204 5 810 1 198 32 820 24 589 8 271 35
33047 10 374 11 524 31 643 40 236 5 179 6 198 2 619 1 210 2 877 1 801 1
26953 6 190 31 458 2 706 20 411 39 749 6 798 2
56722 10 622 54 987 35 234 1 340 1 876 4 468 1 524 1 427 1 292 1 640 1
56483 4 449 93 855 5 579 1 781 1
31037 6 772 33 197 52 718 12 553 1 803 1 406 1
58527 8 214 10 643 12 722 60 572 1 665 7 346 5 402 3 470 2
22499 11 600 81 870 5 268 1 732 3 875 1 513 2 746 1 726 3 298 1 170 1 292 1
25327 5 722 24 278 2 281 54 181 10 483 10
1244 8 983 13 244 60 384 10 684 13 634 1 423 1 781 1 475 1
22832 5 757 29 680 5 636 53 395 8 374 5
57317 10 231 66 557 17 170 9 526 2 992 1 993 1 586 1 810 1 747 1 328 1
83210 7 421 55 689 36 1000 3 684 2 869 2 410 1 666 1
73020 8 998 3 902 52 175 40 849 1 396 1 946 1 370 1 930 1
17398 6 491 16 568 33 354 22 803 9 272 4 149 16
58864 5 364 23 778 44 622 19 581 8 378 6
73746 5 839 71 740 25 688 1 194 2 950 1
22954 5 563 4 596 61 318 13 184 10 284 12
3790 4 308 82 191 6 229 5 752 7
70937 9 699 12 943 5 269 55 173 9 404 13 623 3 677 1 788 1 834 1
51199 6 242 85 682 7 418 2 361 3 673 2 612 1
10380 6 752 95 722 1 265 1 377 1 859 1 409 1
77366 9 588 89 187 1 219 2 567 3 982 1 613 1 310 1 721 1 438 1
58052 2 692 58 830 42
37896 5 782 81 525 11 306 4 237 1 418 3
56347 9 733 17 999 28 372 3 672 37 469 5 759 7 461 1 630 1 466 1
31206 6 446 33 938 54 811 8 551 3 531 1 666 1
73625 6 305 6 1000 57 350 1 942 11 310 22 811 3
81397 7 271 57 786 36 777 1 709 2 970 1 344 1 223 2
27475 13 306 53 720 24 335 5 916 2 872 5 814 2 280 1 739 3 795 1 785 1 421 1 974 1 566 1
15704 8 252 35 423 9 311 50 329 2 694 1 986 1 270 1 431 1
20270 8 554 9 262 45 909 34 426 3 697 6 336 1 478 1 183 1
4884 3 474 47 859 2 617 51
79585 8 292 38 553 40 947 7 805 5 491 7 382 1 295 1 253 1
40750 7 788 60 889 21 483 7 327 5 263 4 204 1 374 2
50693 8 599 25 881 4 688 2 472 52 548 5 171 10 217 1 603 1
69203 6 488 91 750 4 676 2 366 1 245 1 670 1
89738 7 690 38 394 42 705 9 827 7 344 1 642 1 994 2
75054 4 332 27 685 18 739 44 202 11
12803 4 293 72 332 26 679 1 599 1
79306 9 552 58 443 17 759 1 289 5 823 13 921 2 647 1 252 1 453 2
72476 4 475 19 609 55 554 24 653 2
78294 9 222 4 712 80 493 1 707 6 453 2 474 4 507 1 856 1 818 1
33536 9 923 51 293 18 492 18 694 7 796 2 473 1 934 1 855 1 533 1
62283 6 432 80 798 14 847 3 921 1 548 1 316 1
69932 7 293 78 283 13 937 1 701 2 765 2 973 3 920 1
44824 5 470 10 763 1 768 35 488 45 820 9
32877 14 201 45 330 11 463 5 415 5 345 8 637 11 842 1 583 5 613 2 611 3 427 1 599 1 927 1 957 1
46241 7 502 62 768 18 458 7 385 3 434 5 292 2 613 3
13951 6 529 48 495 27 864 14 619 5 869 2 375 4
44047 7 548 53 947 21 778 20 329 1 415 2 917 1 368 2
76046 2 708 21 973 79
43103 3 639 29 227 22 462 49
66290 3 880 79 428 19 572 2
51645 7 903 8 788 37 945 41 785 7 963 5 411 1 507 1
81570 4 972 71 555 8 316 11 595 10
67304 5 221 77 410 15 495 3 801 3 699 2
92003 13 362 43 416 35 412 3 238 5 210 4 840 3 867 1 357 1 852 1 424 1 196 1 957 1 717 1
34998 11 786 86 657 1 779 1 378 2 754 1 642 4 704 1 532 1 679 1 715 1 256 1
42606 1 346 100
64454 5 262 9 612 61 843 28 670 1 399 1
24554 8 730 32 587 1 504 24 457 19 742 5 242 1 515 12 630 6
35297 8 787 40 452 22 508 33 833 1 422 1 203 1 776 1 630 1
97137 5 490 68 985 10 920 4 271 8 785 10
55655 1 292 100
6912 5 482 74 887 6 573 12 428 4 388 4
43108 5 868 51 913 34 366 9 345 4 682 2
3223 3 843 55 614 3 345 42
11957 5 662 1 934 10 265 81 232 5 534 3
88747 4 538 38 375 8 841 43 899 11
1132 8 807 83 500 7 895 3 810 3 400 1 735 1 554 1 929 1
61427 7 780 18 651 6 946 57 938 10 991 4 324 3 893 2
98540 17 463 30 685 55 466 1 327 1 880 1 252 1 455 1 712 1 386 1 624 1 791 1 877 1 955 1 788 1 915 1 511 1 767 1
74932 8 337 74 771 4 849 12 982 3 581 2 820 2 369 2 569 1
97580 9 607 48 251 23 737 8 434 9 430 3 300 4 210 3 277 1 652 1
79486 5 402 89 737 4 503 3 227 3 294 1
67572 3 588 48 223 7 915 45
96864 8 634 51 639 17 699 21 476 4 753 1 571 4 665 1 560 1
44321 8 226 14 537 64 694 10 953 3 383 1 735 2 925 5 480 1
17439 7 999 4 933 78 859 13 215 1 239 1 354 2 372 1
51970 7 446 44 442 19 899 17 956 10 942 2 740 6 384 2
5669 8 219 16 446 7 962 39 528 33 230 2 525 1 485 1 291 1
98170 3 958 8 243 59 734 33
83945 4 700 5 542 9 880 6 345 80
61121 11 487 30 987 58 862 3 824 1 648 2 261 1 247 1 925 1 967 1 699 1 443 1
6573 4 629 32 970 35 731 5 576 28
23483 6 662 83 276 2 344 10 349 3 359 1 823 1
15322 9 644 79 874 9 633 4 817 3 495 1 626 1 603 1 514 1 328 1
88261 6 578 12 969 14 990 45 727 7 802 20 870 2
44041 8 422 29 528 61 322 1 866 4 786 1 350 2 689 1 961 1
21284 4 966 1 826 10 360 56 885 33
77469 4 406 25 984 44 998 2 274 29
94935 5 689 5 515 37 698 40 389 17 405 1
28996 7 234 1 356 38 756 28 631 3 442 24 592 1 544 5
10167 4 396 35 312 42 775 17 339 6
62421 11 292 16 729 72 479 2 988 3 736 1 767 1 571 1 430 1 237 1 568 1 838 1
74661 7 787 85 904 5 724 4 520 1 314 1 273 1 403 3
37305 7 928 59 639 12 246 6 619 1 953 8 491 8 326 6
28389 8 889 18 611 65 773 3 570 8 545 2 313 1 546 1 876 2
71764 5 738 87 653 10 368 1 284 1 693 1
18903 4 507 24 365 32 628 23 890 21
78450 5 714 21 384 50 800 15 359 1 828 13
16206 2 970 19 844 81
35836 4 502 76 943 11 894 5 788 8
1000 12 687 86 810 3 270 2 529 1 314 1 391 1 503 1 676 1 868 1 604 1 959 1 608 1
40967 4 508 16 809 59 494 22 299 3
31845 5 635 52 512 43 574 1 445 3 756 1
33264 5 880 47 663 29 935 17 475 6 262 1
44946 4 807 37 710 10 602 42 979 11
49531 6 920 20 464 15 443 55 567 1 546 3 769 6
46184 6 575 90 929 4 650 1 781 3 984 1 299 1
91218 8 814 52 957 35 419 3 268 2 819 1 882 4 366 2 381 1
75129 3 467 65 290 9 772 26
50111 5 604 92 903 3 778 1 458 1 619 3
8607 4 846 73 547 24 305 2 757 1
11385 5 428 50 945 43 685 2 607 2 922 3
66125 6 350 48 252 37 789 1 575 4 588 9 746 1
8444 5 477 90 775 6 910 1 639 2 828 1
55752 7 690 70 912 15 595 9 587 1 922 2 693 2 379 1
48048 4 594 15 555 13 624 22 964 50
79082 1 642 100
7945 8 525 49 452 2 564 11 838 23 598 6 313 1 985 7 658 1
1453 6 422 3 445 66 376 19 786 3 829 7 298 2
13660 4 347 58 869 32 372 3 606 7
40818 4 924 79 670 13 693 4 653 4
38695 8 836 62 469 19 534 8 475 6 621 2 494 1 415 1 299 1
85368 2 282 13 831 87
86268 9 999 16 871 32 458 43 380 4 755 1 527 1 937 1 876 1 751 1
29965 7 701 89 767 2 709 4 628 1 415 1 332 2 299 1
91298 7 933 94 918 1 560 1 458 1 280 1 868 1 657 1
35075 7 594 67 297 8 794 2 698 12 894 5 877 2 655 4
30843 5 661 33 863 7 563 1 961 27 983 32
7574 7 731 17 525 18 891 42 799 20 527 1 653 1 750 1
66575 3 845 64 393 10 378 26
11523 9 386 23 397 22 315 45 321 2 936 1 355 1 676 1 394 2 818 3
56247 6 564 63 455 12 978 14 389 8 990 1 885 2
62237 4 692 18 746 17 622 23 686 42
63874 7 685 65 459 8 900 11 737 5 461 1 821 1 617 9
62281 10 344 16 668 44 520 25 880 6 422 1 790 1 978 3 679 2 297 1 1000 1
305 1 877 100
67534 4 599 53 518 16 922 30 509 1
87376 7 348 73 647 19 510 4 413 1 996 1 834 1 339 1
88291 5 749 95 936 1 787 2 513 1 419 1
38211 2 438 30 901 70
15046 9 512 52 888 27 689 3 874 4 636 4 463 5 425 2 485 2 974 1
44638 3 784 38 293 14 958 48
36459 7 907 74 882 18 388 2 821 1 827 3 998 1 587 1
43371 6 734 5 676 80 964 12 316 1 334 1 615 1
25159 5 973 22 845 17 907 34 531 5 434 22
3807 6 614 57 598 27 745 10 907 1 526 2 311 3
17369 8 509 26 628 60 740 1 896 6 893 1 806 4 869 1 428 1
31013 4 902 96 659 1 936 1 471 2
56041 9 498 67 441 8 698 13 503 3 429 5 345 1 635 1 780 1 719 1
54726 5 967 92 923 3 686 2 411 2 736 1
72958 7 624 12 1000 48 374 1 911 35 681 2 647 1 316 1
32993 6 539 56 293 9 325 10 557 23 306 1 722 1
91978 6 388 70 684 4 792 18 338 5 329 1 503 2
35473 4 839 81 617 15 920 3 467 1
51632 6 765 26 476 27 894 24 792 3 341 12 340 8
80847 8 554 15 577 36 455 24 899 12 802 8 945 2 384 1 911 2
36123 8 529 20 879 21 892 2 805 25 376 18 818 7 371 1 791 6
62896 7 409 76 617 2 394 15 333 4 841 1 349 1 316 1
23752 8 918 52 645 27 543 2 608 2 746 14 755 1 696 1 834 1
78220 13 910 32 734 53 844 2 443 1 954 4 692 1 479 1 668 1 458 1 351 1 435 1 493 1 332 1
69996 9 353 10 460 35 909 32 319 5 628 11 425 3 601 2 781 1 865 1
77268 6 989 41 596 46 345 9 597 1 949 2 808 1
22402 3 794 16 515 40 398 44
82763 8 312 4 775 45 966 29 417 1 443 5 957 12 644 3 836 1
39318 4 924 55 657 8 486 30 666 7
94427 9 633 89 434 4 415 1 583 1 745 1 893 1 817 1 986 1 451 1
65950 9 505 6 478 38 778 21 491 21 443 8 319 3 773 1 534 1 513 1
54570 4 616 50 929 26 868 14 439 10
33468 2 884 99 516 1
3061 7 648 63 726 23 854 5 377 5 937 1 740 1 662 2
15663 7 525 36 698 31 730 9 520 21 702 1 343 1 757 1
90830 8 412 2 983 82 858 10 630 2 903 1 320 1 673 1 384 1
7841 4 654 57 633 31 353 3 515 9
27702 7 545 56 401 14 870 17 718 7 466 3 395 1 340 2
28671 7 606 27 895 57 877 9 469 2 638 1 462 1 458 3
68537 2 494 34 975 66
78542 4 738 36 795 17 818 10 663 37
29652 6 990 68 930 27 988 1 964 1 791 1 896 2
22061 7 742 31 551 52 537 13 846 1 701 1 872 1 610 1
55375 8 518 22 807 69 977 1 595 2 399 3 562 1 976 1 417 1
61345 8 329 57 353 8 829 4 944 1 715 20 422 1 662 4 911 5
46038 3 818 11 984 44 746 45
13080 8 376 49 665 24 648 5 832 11 387 7 355 2 486 1 911 1
85477 8 809 80 812 4 955 8 797 4 370 1 789 1 532 1 951 1
78950 5 430 86 414 1 826 1 760 9 931 3
97133 3 344 85 762 2 808 13
91514 5 953 67 577 8 770 8 327 1 446 16
87053 7 381 90 496 3 394 1 337 2 418 1 744 2 762 1
89204 6 852 33 599 14 461 9 665 1 594 11 600 32
90808 6 332 56 826 38 538 2 529 1 877 1 352 2
35842 2 742 88 846 12
99474 7 539 74 935 7 778 1 912 7 502 5 897 4 425 2
89037 6 942 41 562 10 915 16 794 20 733 11 919 2
60375 6 765 82 424 10 731 2 971 1 927 3 855 2
37671 5 898 41 734 29 905 26 938 1 967 3
58744 0
21020 5 424 77 656 18 839 2 588 2 995 1
49856 4 925 1 494 59 720 14 694 26
77916 6 929 94 507 2 989 1 479 1 833 1 856 1
16625 6 434 83 574 13 514 1 479 1 999 1 620 1
1187 6 450 55 701 8 429 9 982 20 875 7 398 1
52191 5 615 45 899 52 781 1 451 1 382 1
45340 7 838 41 540 33 873 15 677 2 616 4 947 4 423 1
38962 5 385 74 500 20 682 2 484 2 647 2
89657 4 995 62 600 23 591 13 718 2
23029 10 469 24 898 32 547 3 947 16 879 19 856 1 788 2 344 1 688 1 993 1
70276 5 664 48 886 27 417 14 454 1 717 10
46340 4 857 55 870 27 779 12 650 6
69010 4 975 71 511 3 374 17 567 9
60441 2 358 2 359 98
23392 4 354 43 894 20 993 15 960 22
42133 4 506 93 686 4 886 2 953 1
83930 4 676 32 440 66 745 1 968 1
93975 2 669 60 617 40
63404 4 608 85 702 4 600 1 785 10
42006 6 814 44 855 48 978 5 797 1 587 1 846 1
93977 2 501 17 390 83
63217 6 852 85 445 9 926 2 694 2 591 1 759 1
4359 1 775 100
69616 3 806 65 955 14 729 21
52996 2 620 51 786 49
78903 8 986 18 953 64 836 1 923 1 914 8 637 1 457 4 860 3
8796 6 812 47 631 16 762 30 918 1 696 3 576 3
20939 5 839 58 753 1 495 12 806 25 367 4
72927 3 482 23 985 14 497 63
62272 2 417 20 832 80
40166 3 403 86 658 4 762 10
37025 4 432 31 867 63 478 2 404 4
14406 7 945 38 735 28 767 26 809 2 802 1 778 3 902 2
76992 9 818 10 611 10 483 38 986 16 841 4 952 4 501 14 835 3 976 1
46178 6 481 46 470 29 452 8 967 3 574 9 728 5
33001 4 414 9 415 62 410 17 829 12
92442 4 415 83 886 7 940 6 422 4
73921 4 891 45 814 52 551 2 506 1
93089 3 431 18 658 53 963 29
90051 3 805 95 861 3 896 2
84621 5 405 6 893 87 515 2 649 1 617 4
83158 5 538 27 767 20 647 32 844 6 416 15
81038 10 974 18 530 2 429 29 456 19 640 24 578 2 812 2 498 2 893 1 936 1
14483 4 969 85 782 8 623 2 714 5
38558 2 489 3 482 97
12620 3 795 52 486 41 442 7
37679 6 549 65 909 22 556 5 461 6 582 1 772 1
1531 7 899 46 650 46 769 4 845 1 952 1 454 1 720 1
10379 8 843 53 856 28 857 8 743 3 786 4 429 2 412 1 553 1
32147 9 390 7 951 81 780 2 885 5 925 1 575 1 650 1 593 1 497 1
66309 2 555 92 888 8
30191 4 664 79 968 16 547 3 548 2
33340 8 555 92 600 1 978 1 664 2 742 1 748 1 925 1 798 1
42805 3 669 58 391 2 458 40
86382 5 557 46 778 4 423 15 994 7 697 28
36433 5 631 27 743 31 677 7 948 5 567 30
28867 2 998 16 996 84
73564 4 767 97 943 1 947 1 958 1
30421 2 494 10 462 90
13110 5 415 8 402 45 717 12 636 25 893 10
63861 4 613 26 797 11 780 61 682 2
2275 5 435 16 557 72 821 6 810 1 484 5
95153 3 518 64 759 23 793 13
68772 4 801 53 616 38 427 8 510 1
8072 3 615 90 944 9 947 1
71006 4 997 52 436 23 779 7 473 18
31717 4 956 62 645 31 548 5 446 2
11022 8 668 63 515 16 727 16 962 1 929 1 610 1 710 1 879 1
75491 2 587 22 829 78
47314 4 554 14 788 65 595 17 989 4
29420 5 678 4 866 86 709 8 782 1 903 1
32389 3 697 81 593 3 753 16
50965 6 434 91 501 5 485 1 651 1 611 1 488 1
58368 7 751 52 793 12 465 29 821 2 761 3 604 1 545 1
80956 3 994 82 827 4 426 14
29127 6 679 62 498 34 695 1 884 1 821 1 733 1
52565 2 720 14 890 86
92775 5 918 66 612 10 427 2 523 13 568 9
60605 6 998 33 848 16 933 17 905 30 513 2 616 2
67928 3 451 15 897 48 617 37
79606 3 440 29 692 42 419 29
24756 2 484 79 552 21
12390 4 776 26 598 42 604 31 840 1
91462 3 593 1 977 12 897 87
88768 4 618 79 554 18 956 2 670 1
96456 5 606 7 792 83 538 1 551 7 512 2
98046 3 832 2 929 77 571 21
81085 7 538 84 882 1 487 1 473 2 557 9 832 2 680 1
22019 7 662 92 482 3 563 1 627 1 787 1 703 1 873 1
13723 6 784 24 442 55 646 3 773 6 649 8 628 4
42276 5 749 67 997 19 817 9 505 3 553 2
86312 4 691 19 454 41 837 21 796 19
32305 8 699 80 919 14 522 1 858 1 531 1 550 1 781 1 868 1
35314 8 553 5 628 71 611 12 986 3 555 1 626 1 932 5 491 2
79469 8 439 13 925 51 823 10 526 13 472 6 661 3 816 3 676 1
75447 5 840 91 553 4 536 2 441 2 846 1
97804 3 609 50 468 28 937 22
4441 3 729 57 466 29 713 14
36541 5 987 51 511 16 794 20 764 11 489 2
38438 7 848 94 784 1 934 1 544 1 949 1 901 1 469 1
34241 1 885 100
91963 5 724 60 678 17 562 15 792 6 888 2
1487 3 672 90 701 4 878 6
24323 3 502 78 691 6 758 16
44511 3 849 18 948 23 576 59
60651 3 596 33 792 19 783 48
96182 6 871 73 723 14 652 4 812 4 947 4 676 1
4167 2 730 99 958 1
75354 8 764 9 655 32 558 17 564 34 770 4 713 1 615 2 516 1
40840 2 470 45 901 55
89269 2 796 6 689 94
69847 0
49844 4 613 2 538 2 563 76 661 20
15926 4 718 49 739 38 968 2 810 11
55569 8 818 55 751 32 559 4 604 3 860 1 828 1 956 1 924 3
4819 6 622 95 801 1 821 1 968 1 660 1 804 1
31027 6 742 88 869 3 717 6 464 1 868 1 859 1
88766 3 901 2 910 97 877 1
75187 5 463 58 473 18 911 9 893 5 701 10
44067 6 665 1 810 66 786 20 676 11 577 1 457 1
22618 5 788 82 960 11 492 2 611 4 870 1
47860 6 719 80 495 2 522 12 464 2 838 2 531 2
85990 4 540 86 547 9 541 4 683 1
58760 5 729 93 561 4 545 1 763 1 819 1
79844 0
18429 9 800 67 488 25 467 1 951 2 693 1 663 1 835 1 737 1 608 1
13168 7 793 62 480 14 620 12 806 2 726 2 482 5 558 3
57829 4 791 50 692 38 836 7 780 5
11198 4 832 26 464 10 830 60 626 4
41607 9 827 65 769 12 973 11 558 7 655 1 636 1 638 1 815 1 709 1
48445 4 624 88 719 3 554 6 889 3
12446 1 987 100
68970 3 773 11 898 72 858 17
98272 7 863 90 718 3 738 3 568 1 622 1 816 1 823 1
26363 7 482 64 553 12 912 9 880 4 972 8 676 2 700 1
83367 5 504 4 785 19 769 35 784 14 595 28
83429 2 950 71 841 29
54917 1 498 100
31921 3 538 75 937 1 778 24
42548 4 526 83 736 12 831 3 521 2
66740 7 496 76 615 6 596 3 476 6 757 6 838 2 782 1
34281 1 565 100
29639 6 935 9 846 75 609 11 958 1 905 1 742 3
54360 3 999 91 596 5 554 4
3894 2 956 99 745 1
41648 2 811 1 687 99
51700 6 979 87 704 5 512 4 620 2 825 1 601 1
11960 4 829 5 701 27 611 14 750 54
60481 7 735 63 764 25 555 8 713 1 944 1 548 1 821 1
83911 6 590 61 843 19 723 1 998 14 633 4 807 1
20841 7 757 37 915 21 810 26 775 13 793 1 610 1 813 1
8139 3 650 9 893 41 773 50
9809 4 898 9 558 53 609 22 712 16
79581 1 951 100
82147 7 775 10 539 48 577 22 692 17 525 1 983 1 961 1
29248 7 948 50 601 8 626 11 818 16 953 13 703 1 667 1
50189 2 658 95 859 5
4920 5 627 63 526 8 863 18 578 1 622 10
16285 8 603 23 718 27 599 14 850 19 537 12 742 3 920 1 686 1
79139 2 828 93 581 7
73668 4 764 35 575 25 870 14 911 26
32774 4 547 58 864 31 989 10 716 1
65159 4 717 58 928 14 715 10 568 18
93006 6 647 2 549 84 745 8 733 4 753 1 794 1
57290 3 817 50 597 49 902 1
89349 2 685 55 631 45
86113 6 759 52 705 32 898 10 755 4 546 1 506 1
55780 4 601 1 586 66 686 19 960 14
77220 3 850 15 732 68 801 17
41064 3 679 25 794 56 664 19
94561 3 881 28 898 1 648 71
39800 5 972 40 943 22 603 23 913 9 960 6
4710 7 742 20 891 19 888 48 619 5 755 4 990 2 530 2
94942 5 992 24 922 10 924 21 878 37 977 8
13088 3 964 95 727 1 852 4
81039 6 967 49 917 10 835 19 781 9 691 9 715 4
803 4 844 59 603 38 592 2 596 1
90399 1 689 100
99278 4 524 13 857 65 928 8 608 14
51395 4 707 92 821 1 799 4 708 3
36104 2 763 70 743 30
76740 7 853 90 690 3 606 2 578 1 937 2 971 1 653 1
67008 3 760 73 888 16 863 11
44562 4 743 62 990 34 833 1 909 3
22394 2 757 88 657 12
18802 4 816 71 889 10 618 4 617 15
62308 12 813 11 618 49 992 19 726 9 583 2 931 4 553 1 691 1 989 1 613 1 699 1 773 1
80952 5 814 58 639 19 972 11 926 9 845 3
29884 2 775 33 558 67
86957 3 636 94 922 2 847 4
12785 5 755 82 744 3 787 5 731 1 674 9
38653 5 947 59 994 27 961 8 782 1 615 5
8831 3 552 90 993 1 872 9
92870 4 934 75 785 6 793 11 904 8
95889 3 931 85 656 8 576 7
4449 4 700 48 940 22 926 12 904 18
37488 5 885 1 597 71 937 2 803 8 702 18
58337 5 724 86 928 2 860 7 765 4 970 1
47382 4 977 16 794 44 964 17 839 23
32890 4 866 52 878 24 594 1 894 23
25526 3 613 36 607 3 786 61
94066 6 707 87 872 6 996 3 999 2 951 1 894 1
14404 3 610 5 973 19 592 76
73755 2 719 99 712 1
19362 4 558 81 742 7 774 11 564 1
90535 3 747 38 902 50 933 12
98102 2 555 39 829 61
79108 9 685 71 710 2 782 14 835 2 920 5 926 3 650 1 803 1 604 1
38260 4 904 53 617 25 693 8 959 14
41135 4 972 85 895 12 841 2 864 1
30894 4 858 43 693 46 876 1 662 10
13312 2 633 89 691 11
26150 3 953 73 903 26 793 1
54208 3 992 72 595 22 713 6
72816 2 658 43 580 57
14793 3 738 37 787 28 699 35
98040 2 697 61 609 39
29379 3 554 45 673 10 779 45
78513 1 905 100
88360 1 840 100
96396 3 939 4 652 26 933 70
42546 7 667 71 658 1 738 22 835 3 611 1 964 1 637 1
26853 1 989 100
82851 7 576 81 802 13 622 1 958 1 680 1 971 1 648 2
74112 4 868 71 742 27 689 1 948 1
63722 3 976 45 941 12 598 43
88453 6 943 91 895 2 672 1 780 3 789 2 612 1
59357 3 760 85 950 2 762 13
55300 3 988 88 928 3 578 9
82080 7 587 90 856 3 807 1 666 2 968 2 618 1 721 1
37348 4 606 65 591 33 676 1 707 1
41753 3 809 22 750 1 728 77
60181 4 811 87 857 10 601 2 991 1
89094 7 919 44 581 32 886 19 697 2 848 1 811 1 993 1
80910 3 812 79 774 11 918 10
77122 1 667 100
5783 5 784 24 998 2 706 55 646 8 746 11
84807 3 950 47 610 5 990 48
53166 3 976 87 679 7 913 6
44426 2 765 96 960 4
45806 1 904 100
31366 3 605 62 599 15 828 23
34589 3 937 23 964 47 862 30
76935 3 940 1 676 43 636 56
48103 3 589 3 870 32 924 65
51888 4 585 86 592 8 990 3 811 3
6203 3 675 51 932 45 676 4
58852 2 727 8 729 92
3337 3 657 20 691 1 874 79
27834 2 630 89 919 11
6570 3 976 15 789 21 759 64
31975 2 704 89 814 11
9209 2 954 2 939 98
17757 2 988 34 947 66
36436 2 772 76 838 24
83537 5 623 89 797 6 860 1 656 2 760 2
83276 2 925 85 664 15
54560 3 594 58 835 9 800 33
81329 1 847 100
86237 2 968 26 827 74
50218 4 779 16 882 40 701 4 709 40
71668 2 928 49 820 51
68333 2 891 60 602 40
50371 4 883 66 877 12 817 11 704 11
74349 6 912 84 865 2 872 6 967 1 735 1 760 6
68126 3 600 69 744 25 947 6
90997 4 769 61 768 7 923 18 945 14
53369 2 982 17 854 83
33796 7 921 73 815 16 744 4 901 4 977 1 719 1 689 1
31962 6 695 88 769 8 756 1 913 1 809 1 944 1
13937 1 789 100
43286 2 769 39 997 61
14865 2 901 30 940 70
7737 3 622 96 710 2 989 2
67003 5 789 25 970 18 732 10 921 25 784 22
73073 2 846 45 913 55
44030 2 612 85 739 15
47895 2 665 54 760 46
62144 4 856 56 950 17 977 18 939 9
72194 1 640 100
36269 2 686 25 646 75
22235 3 703 30 976 60 772 10
41588 2 844 35 896 65
23390 2 751 34 921 66
91528 3 768 46 993 20 658 34
83288 1 916 100
8436 1 633 100
80176 4 717 86 722 3 948 2 786 9
77559 3 798 7 915 91 857 2
22871 4 732 3 683 86 975 9 639 2
92906 1 951 100
56541 5 699 84 869 3 652 7 977 2 698 4
97742 6 874 77 849 8 800 9 699 3 968 1 925 2
82557 2 941 12 903 88
82984 4 746 28 822 50 920 20 840 2
59263 0
50963 4 715 60 649 13 841 2 730 25
8416 2 901 92 882 8
41225 5 903 84 981 11 728 1 976 1 679 3
47723 3 699 91 947 8 872 1
89420 2 807 36 801 64
83826 0
12345 1 784 100
45258 3 686 25 825 48 673 27
10785 4 945 15 903 34 907 45 770 6
81089 2 683 13 647 87
78066 2 773 85 715 15
48082 4 659 90 725 6 791 1 907 3
62203 1 985 100
40238 2 883 14 898 86
53006 5 973 93 715 4 853 1 922 1 806 1
99269 4 927 52 926 22 963 7 785 19
65780 3 796 14 669 54 694 32
9067 4 890 17 657 33 781 45 681 5
39932 1 993 100
50658 5 956 54 669 42 796 2 916 1 807 1
61080 0
23840 4 996 73 967 5 874 6 858 16
95830 2 707 45 679 55
63872 3 934 11 712 78 1000 11
43028 2 681 51 840 49
54236 0
51971 3 775 64 946 8 754 28
26422 2 791 37 772 63
74111 2 969 26 731 74
66309 3 962 18 717 60 782 22
22885 4 789 97 669 1 840 1 907 1
8152 1 993 100
13577 2 825 27 834 73
97881 2 881 44 925 56
93353 0
71181 3 899 42 802 37 963 21
97448 5 974 68 869 25 693 1 719 5 763 1
18363 1 946 100
44951 6 954 91 863 4 884 1 885 2 865 1 947 1
71997 5 770 75 841 10 994 2 996 7 781 6
34776 3 784 32 961 34 839 34
70294 2 869 56 742 44
15217 1 691 100
72530 3 890 75 801 20 860 5
831 1 981 100
97071 5 924 91 918 3 680 2 739 1 755 3
35941 1 764 100
23564 1 791 100
30329 0
71856 1 710 100
562 1 849 100
57593 3 813 78 801 1 916 21
91640 4 829 40 850 21 742 21 717 18
81346 2 843 14 808 86
96050 3 758 24 881 23 944 53
11800 2 896 17 775 83
99546 0
2174 5 688 11 973 58 902 29 834 1 715 1
30053 2 814 51 736 49
62788 3 930 55 721 35 926 10
37218 2 745 67 790 33
90533 2 817 85 983 15
82848 2 926 31 807 69
65134 4 808 33 806 1 798 4 822 62
87230 1 807 100
70408 0
32522 2 725 2 745 98
61295 2 790 8 805 92
25178 3 745 34 714 42 907 24
49905 0
98382 0
1457 4 861 74 1000 16 879 7 829 3
94480 3 863 72 781 12 856 16
29041 1 957 100
12876 4 840 68 721 28 1000 3 817 1
80359 2 927 2 821 98
48564 2 736 8 746 92
43718 3 741 41 963 37 869 22
58754 3 979 82 824 14 910 4
11913 1 950 100
75451 4 987 52 995 42 828 1 837 5
80478 3 737 84 783 2 845 14
41043 3 953 37 743 62 892 1
41450 2 878 87 776 13
70139 2 986 58 780 42
88459 2 727 51 983 49
72048 2 771 55 969 45
70554 3 945 1 758 76 792 23
45955 1 918 100
53756 1 758 100
68313 1 769 100
36930 3 877 5 780 31 978 64
49949 0
18885 0
9382 2 943 69 783 31
88531 1 792 100
89214 6 811 86 869 1 861 1 751 4 730 7 911 1
83166 2 930 74 878 26
92035 3 815 62 732 14 738 24
59965 2 774 74 744 26
80288 1 875 100
35569 3 741 51 994 9 908 40
5171 3 773 41 814 52 997 7
32189 4 887 84 993 14 986 1 736 1
23790 3 941 73 832 17 823 10
63841 1 937 100
77528 0
17580 2 991 42 989 58
50987 5 748 89 851 7 915 1 898 2 959 1
21629 1 986 100
29862 3 805 50 765 23 867 27
1102 2 929 90 970 10
3147 2 790 9 755 91
15094 2 968 51 878 49
35963 1 924 100
32347 7 939 13 749 36 798 24 806 12 930 2 764 4 1000 9
42023 1 846 100
27015 5 936 78 864 2 893 8 995 5 783 7
83352 2 915 77 756 23
85797 5 938 9 806 69 808 20 789 1 891 1
22657 2 871 76 769 24
68868 0
57574 4 864 86 929 1 984 6 939 7
27875 0
74684 5 863 4 904 24 912 43 988 26 779 3
95070 1 949 100
28260 2 876 43 853 57
62741 2 879 73 779 27
19665 3 966 29 867 21 974 50
97952 2 779 79 849 21
44422 1 886 100
65104 3 785 23 917 62 993 15
47003 3 893 45 858 38 877 17
49627 3 967 17 787 15 819 68
86550 3 868 41 904 35 959 24
83080 0
39690 2 841 44 964 56
13739 3 925 32 965 15 914 53
13510 6 778 93 773 2 915 2 849 1 891 1 839 1
93480 3 816 63 831 17 845 20
78911 2 914 43 980 57
74149 1 890 100
70919 2 877 25 928 75
25322 2 896 51 860 49
63219 0
83455 1 866 100
66799 0
28337 4 953 42 988 20 812 4 998 34
88492 3 857 61 987 36 879 3
61601 0
29926 1 960 100
10918 2 818 11 819 89
5591 2 854 1 818 99
76286 2 968 51 808 49
200 1 951 100
19980 1 977 100
39710 3 914 15 960 78 945 7
86361 1 983 100
86623 2 890 97 827 3
25839 0
6924 0
90430 0
81892 1 842 100
86589 1 958 100
50538 0
4890 3 994 36 983 10 912 54
19847 2 867 83 924 17
66496 0
76036 1 817 100
79658 0
93525 2 975 45 820 55
2487 1 842 100
74224 0
96782 1 881 100
97257 0
24535 0
73758 0
54790 1 905 100
62291 5 866 17 834 17 922 54 892 11 847 1
50339 0
97479 0
39045 2 997 83 967 17
39795 1 951 100
80534 1 874 100
29486 4 864 55 908 16 925 16 972 13
70554 3 915 96 863 2 860 2
1889 2 839 23 887 77
91303 0
64030 2 960 52 821 48
94415 1 833 100
35357 0
95460 1 980 100
44917 1 937 100
73160 0
5326 2 844 56 926 44
81777 2 980 61 963 39
41532 0
69175 1 892 100
69365 1 997 100
81458 0
85602 3 920 54 891 38 946 8
59974 5 979 32 958 17 871 44 864 4 956 3
21455 2 899 64 982 36
88600 1 862 100
1957 0
21647 2 960 3 912 97
77086 3 949 79 978 11 892 10
58643 0
69032 0
46570 1 982 100
56687 2 896 78 969 22
33252 3 997 93 872 6 896 1
83606 1 858 100
42102 0
77263 0
38472 2 987 71 871 29
51482 1 903 100
7139 1 977 100
75038 0
43478 1 932 100
68069 2 969 74 865 26
87769 1 945 100
44527 1 908 100
3321 3 982 3 883 62 932 35
23242 0
23128 0
81861 0
61797 1 950 100
24759 1 891 100
17700 1 899 100
33342 1 944 100
95817 1 912 100
72661 2 944 10 943 90
47396 1 921 100
80305 1 955 100
73979 1 990 100
87373 2 869 96 978 4
97884 0
64497 2 872 41 950 59
93336 2 917 35 875 65
78676 0
69853 0
48455 0
70977 0
17192 0
63465 2 942 90 923 10
52895 0
41047 3 950 6 989 20 882 74
1216 1 973 100
7205 0
74447 0
25675 1 899 100
85724 3 958 12 888 70 924 18
80224 0
71521 0
24752 0
38469 1 929 100
73999 2 926 2 964 98
11767 0
42694 4 953 38 993 22 914 17 937 23
89501 2 958 63 938 37
70498 1 927 100
21368 0
66196 0
73264 0
19980 2 914 89 898 11
93934 1 952 100
48183 0
36355 2 937 1 944 99
95909 1 996 100
79240 2 918 3 964 97
30350 0
19009 0
82173 2 959 89 907 11
12075 1 977 100
23296 0
7475 2 985 17 992 83
40722 0
5834 2 917 31 926 69
86852 0
32573 0
5221 0
27997 1 941 100
64039 1 976 100
57392 0
9836 0
46307 1 979 100
84874 1 967 100
73298 2 987 58 920 42
88 0
12342 1 961 100
33734 0
56484 2 962 64 932 36
70798 1 987 100
42639 0
70168 0
41501 0
33825 0
81504 1 933 100
13163 2 962 89 936 11
18303 1 953 100
57438 3 952 85 1000 7 975 8
29697 1 942 100
64763 0
91122 0
27992 1 962 100
91944 1 958 100
10740 0
70030 0
23162 0
86977 1 968 100
52271 0
43963 1 973 100
74982 0
44152 2 954 25 988 75
29872 0
98715 0
46435 0
7172 0
34104 1 952 100
20725 0
52902 1 973 100
37941 0
7842 0
48630 0
65155 1 978 100
1938 0
38807 0
79270 0
70031 0
60334 0
2353 1 984 100
2905 0
46740 0
51151 0
50243 0
42969 0
26749 0
39317 0
95929 0
21968 1 983 100
81101 1 989 100
94874 0
13964 0
83455 0
7386 0
50572 0
53254 0
1131 1 996 100
98776 0
77685 1 999 100
55459 0
56889 0
23330 0
69955 0
3661 0
62871 0
46783 0
71630 0
71569 0
99719 1 992 100
12515 0
49170 0
75095 0
84696 0
62418 0
92817 0
26084 0
90391 0
98944 0
10539 0
