1000
58175 9 244 46 810 41 905 7 280 1 34 1 801 1 618 1 249 1 893 1
50205 9 815 71 747 12 511 9 474 3 755 1 582 1 340 1 195 1 30 1
64663 6 766 89 848 6 693 2 439 1 922 1 631 1
17162 4 734 86 253 10 352 1 433 3
11734 7 40 57 920 7 362 2 749 5 331 27 106 1 170 1
13846 13 791 47 184 23 730 7 337 2 435 7 495 4 969 3 516 1 212 1 297 1 805 1 816 1 214 2
20187 12 840 51 73 37 802 3 411 1 702 1 999 1 900 1 59 1 695 1 147 1 594 1 152 1
91662 12 46 55 789 4 99 17 935 4 360 13 56 1 283 1 153 1 531 1 422 1 891 1 45 1
29719 10 145 60 695 11 843 5 383 6 575 9 214 1 915 3 87 3 628 1 768 1
24036 7 938 85 762 6 517 4 30 2 204 1 361 1 989 1
96143 8 158 43 116 15 907 1 484 8 719 5 190 21 425 4 244 3
88217 8 401 52 531 36 468 2 275 1 955 3 564 1 235 2 298 3
14171 6 263 9 656 80 339 7 444 2 859 1 111 1
64639 6 369 92 651 1 476 3 768 2 988 1 471 1
97500 7 126 18 732 3 956 29 480 10 679 29 192 9 485 2
71271 4 429 37 243 40 144 17 379 6
41354 7 290 3 340 49 522 18 784 3 235 15 169 10 809 2
39079 8 99 13 805 60 167 8 627 8 541 3 829 6 53 1 962 1
10994 11 290 17 258 54 363 13 726 7 28 3 193 1 724 1 731 1 833 1 573 1 568 1
57035 6 674 13 985 54 867 4 313 21 89 4 968 4
82409 9 804 9 78 58 74 22 241 2 577 4 919 2 680 1 551 1 986 1
35621 8 407 6 654 9 302 31 321 27 386 6 827 9 172 2 919 10
91845 10 594 11 26 44 991 6 225 26 975 7 76 2 554 1 822 1 763 1 132 1
46582 4 68 40 446 58 885 1 796 1
5096 5 504 36 828 31 456 21 474 9 973 3
78540 4 608 71 996 26 548 1 918 2
20081 7 115 26 961 45 101 15 316 8 672 2 769 1 72 3
39625 8 627 30 334 60 897 5 722 1 781 1 430 1 978 1 411 1
23595 12 367 47 898 39 926 3 588 1 649 1 71 3 734 1 203 1 236 1 357 1 300 1 686 1
84442 5 876 87 456 7 792 2 753 2 551 2
57583 13 904 84 362 5 360 1 303 1 799 1 930 1 624 1 516 1 709 1 221 1 984 1 82 1 218 1
82070 10 412 76 860 1 888 4 747 8 340 3 777 3 635 2 288 1 180 1 138 1
29770 8 339 56 479 29 420 7 340 1 472 1 640 2 169 3 189 1
25289 10 402 38 326 47 566 6 924 2 926 2 123 1 952 1 930 1 53 1 345 1
62448 7 220 62 947 8 573 8 538 15 358 4 736 2 149 1
44132 5 120 38 313 41 142 18 322 2 923 1
80155 11 932 64 446 23 170 4 196 1 146 2 395 1 855 1 202 1 269 1 329 1 412 1
79398 8 198 60 485 26 315 9 411 1 592 1 569 1 823 1 326 1
62086 10 67 13 81 53 482 24 602 2 310 2 771 2 354 1 984 1 990 1 362 1
59399 12 330 21 919 20 160 8 949 10 504 8 458 25 724 3 162 1 892 1 920 1 55 1 781 1
7464 7 714 13 188 14 240 1 594 62 328 4 440 1 376 5
25544 8 956 54 155 16 247 3 485 6 353 7 675 3 707 10 520 1
6992 8 54 35 185 39 319 15 45 1 173 3 555 4 630 1 652 2
42032 11 585 68 367 16 266 4 637 1 553 1 495 3 615 3 88 1 872 1 195 1 578 1
50508 8 773 79 189 5 943 2 603 6 926 3 692 1 443 1 659 3
20480 8 844 50 605 36 744 4 288 1 71 2 520 2 872 1 784 4
2146 8 607 10 414 11 808 10 266 18 292 39 964 6 464 5 324 1
49035 4 601 32 707 5 129 35 413 28
69272 10 774 72 663 15 571 4 740 3 948 1 843 1 892 1 233 1 239 1 522 1
36323 5 995 73 103 21 395 4 273 1 607 1
11612 4 169 25 258 49 197 15 910 11
78405 7 589 13 243 20 104 55 792 9 363 1 632 1 944 1
13168 11 518 44 476 10 114 19 777 19 597 1 61 1 978 1 419 2 169 1 253 1 492 1
74076 7 409 83 676 8 508 5 312 1 710 1 906 1 316 1
52085 7 954 53 659 8 400 18 458 14 486 4 864 2 358 1
71974 7 867 18 338 16 992 55 370 4 914 3 257 1 556 3
28322 3 961 26 977 59 703 15
11285 11 444 65 996 25 595 1 508 1 97 1 627 2 916 1 305 1 491 1 397 1 885 1
97235 6 435 65 565 23 100 9 723 1 233 1 481 1
74407 9 816 61 934 14 675 16 784 1 686 2 372 2 778 1 948 2 722 1
35214 11 887 62 756 11 516 17 1000 3 569 1 664 1 679 1 289 1 167 1 291 1 870 1
94110 7 132 87 670 3 543 3 165 1 966 3 384 1 684 2
91135 7 832 17 619 77 385 2 279 1 337 1 433 1 525 1
44274 6 584 22 122 17 493 10 676 36 783 9 770 6
69990 7 613 92 956 2 498 1 947 2 627 1 644 1 152 1
12022 8 784 47 900 25 812 20 571 4 95 1 622 1 228 1 247 1
1647 4 423 91 153 3 460 3 622 3
82772 8 378 5 627 33 196 10 547 12 476 10 177 22 684 5 762 3
77186 6 298 68 247 10 275 1 388 8 619 6 559 7
79407 9 532 60 918 2 401 16 507 12 913 1 948 2 83 4 804 2 198 1
34268 6 139 85 157 2 580 7 432 3 368 2 973 1
68823 4 644 65 613 24 828 1 925 10
41171 3 445 37 453 29 307 34
19084 7 479 20 781 11 918 36 316 20 774 11 365 1 147 1
7567 3 615 91 699 2 431 7
4366 5 994 94 720 1 754 3 858 1 172 1
56675 9 867 21 197 9 123 17 757 27 413 8 903 2 521 3 911 12 400 1
96325 4 637 82 862 8 631 1 547 9
21908 7 462 15 647 76 362 2 687 1 480 3 762 2 569 1
47328 7 799 8 932 54 390 20 768 2 321 10 333 2 550 4
51730 7 929 70 733 8 336 9 911 10 649 1 451 1 668 1
6049 8 218 15 803 10 255 17 826 47 964 3 480 2 879 2 610 4
54786 7 187 25 939 20 267 43 307 6 879 4 385 1 952 1
90985 4 517 21 473 18 820 24 598 37
40862 7 729 74 309 21 351 1 299 1 632 1 228 1 886 1
80665 8 694 56 127 8 994 26 483 1 607 6 536 1 951 1 330 1
95576 8 241 31 951 35 931 22 264 5 860 2 145 2 455 1 557 2
32388 7 351 52 957 1 316 24 974 11 214 10 912 1 352 1
76762 7 168 60 337 29 696 6 925 1 173 2 221 1 418 1
97470 8 834 77 877 14 805 2 130 3 845 1 270 1 959 1 96 1
61586 10 858 26 424 45 676 11 284 5 700 4 774 4 413 1 761 2 426 1 962 1
35735 8 376 70 227 8 545 14 809 2 247 2 724 2 358 1 150 1
36772 8 300 63 186 1 112 30 510 1 343 2 280 1 956 1 709 1
65992 6 540 94 307 1 455 1 352 1 592 2 857 1
7377 14 710 79 200 4 137 4 935 2 244 1 599 1 313 2 802 1 412 1 298 1 307 1 781 1 866 1 498 1
97371 10 559 5 985 18 983 40 913 22 463 6 280 3 250 3 827 1 259 1 462 1
63451 7 749 5 627 31 758 8 803 53 685 1 180 1 173 1
16203 7 330 69 465 21 999 3 714 1 573 2 174 3 546 1
81557 7 449 84 728 7 936 2 412 3 864 2 399 1 829 1
79651 10 984 63 147 12 607 11 563 7 973 2 663 1 667 1 535 1 338 1 257 1
97160 6 941 32 958 2 889 19 555 18 502 4 220 25
77914 7 302 53 639 34 992 3 801 1 901 7 829 1 674 1
9821 9 684 23 696 61 429 1 127 8 201 1 994 1 354 2 123 2 172 1
14114 7 390 46 421 10 883 33 739 1 277 3 238 2 751 5
22039 4 975 64 938 2 580 14 928 20
7546 5 225 4 987 81 897 11 544 3 695 1
88657 12 788 17 395 57 754 4 409 10 832 2 423 4 779 1 618 1 913 1 591 1 368 1 402 1
93852 7 147 15 276 22 998 41 417 15 535 3 877 1 372 3
426 7 595 47 290 16 572 1 306 22 993 5 529 1 293 8
45336 4 273 72 154 17 643 9 176 2
62227 4 419 34 956 46 381 15 975 5
40149 10 532 50 867 35 988 2 588 4 672 3 322 2 721 1 718 1 868 1 342 1
86309 2 682 43 757 57
53754 3 596 2 451 77 441 21
78952 4 620 52 193 7 975 27 712 14
63177 7 794 42 421 23 605 1 836 4 542 17 300 6 406 7
32976 10 120 13 173 48 243 6 199 24 603 2 816 3 572 1 741 1 881 1 641 1
19899 6 169 13 514 45 801 13 806 6 236 4 302 19
78783 7 218 23 293 13 951 9 847 39 404 9 805 2 692 5
34293 4 361 13 623 9 207 60 840 18
59868 13 788 6 434 36 845 21 763 21 634 4 131 4 911 2 828 1 812 1 525 1 286 1 242 1 389 1
7774 9 585 7 682 68 921 18 471 1 211 2 173 1 772 1 241 1 727 1
75875 7 151 85 290 2 251 5 637 2 484 2 942 1 737 3
65751 11 660 41 125 4 179 16 890 15 716 18 348 1 870 1 662 1 330 1 143 1 547 1
60211 11 897 19 384 36 679 14 429 2 439 20 530 1 646 2 252 1 424 2 652 2 859 1
28316 5 860 33 155 23 297 33 904 2 144 9
91515 3 134 42 508 52 921 6
41318 6 357 36 841 54 504 7 642 1 508 1 838 1
95513 13 494 39 559 42 635 7 169 1 368 1 967 2 627 1 387 1 595 2 864 1 700 1 268 1 468 1
61473 8 351 65 143 29 187 1 196 1 499 1 296 1 670 1 760 1
51878 10 349 60 767 4 324 25 754 2 935 1 387 3 229 1 426 1 598 1 217 2
24265 6 776 56 465 7 221 4 251 2 614 15 980 16
51264 3 820 71 356 27 319 2
30280 5 571 63 684 10 377 6 919 12 507 9
68750 9 236 80 984 10 943 4 745 1 146 1 867 1 959 1 316 1 778 1
28723 11 269 9 533 5 437 49 285 27 986 3 434 1 419 1 961 2 795 1 346 1 736 1
6624 6 474 30 885 7 629 13 502 36 805 2 504 12
41899 9 167 82 269 9 807 1 474 1 300 1 819 2 981 1 968 1 390 2
632 10 399 70 874 18 314 2 856 3 752 1 533 2 216 1 437 1 485 1 201 1
2358 10 222 14 756 10 664 1 905 30 844 14 849 6 460 22 976 1 903 1 526 1
11034 3 531 27 246 23 186 50
56609 3 451 24 271 50 546 26
38815 11 269 76 678 8 518 7 610 1 902 1 844 1 736 1 625 2 715 1 672 1 273 1
93038 7 793 64 835 18 354 10 520 5 149 1 400 1 635 1
36174 2 587 98 702 2
27123 9 544 3 376 15 867 24 414 4 219 12 418 21 916 14 344 6 565 1
59463 7 604 24 952 30 208 29 551 7 460 6 821 3 169 1
75767 3 738 71 439 17 243 12
62828 6 414 59 988 5 689 15 708 2 319 13 829 6
97695 3 163 88 890 5 441 7
37846 10 410 17 425 31 650 36 352 3 250 2 468 1 922 5 233 2 516 1 362 2
64267 5 812 43 338 10 535 29 914 8 961 10
18490 9 735 60 859 21 717 9 388 3 686 2 192 1 932 1 279 1 328 2
46614 5 330 48 585 24 627 2 229 2 954 24
42208 9 282 57 628 20 504 9 517 5 747 4 389 2 791 1 715 1 451 1
45577 3 355 39 982 24 878 37
50683 6 740 43 640 6 859 6 171 34 208 7 848 4
68840 6 714 25 469 59 864 2 744 5 881 5 726 4
50242 11 552 49 692 37 523 4 616 2 558 2 775 1 637 1 737 1 970 1 343 1 188 1
12116 7 562 17 379 75 235 4 436 1 371 1 514 1 558 1
59402 14 605 35 380 33 266 15 707 1 780 3 557 2 705 2 178 3 190 1 618 1 574 1 679 1 499 1 287 1
37215 4 846 15 485 20 459 34 854 31
13947 5 254 17 878 38 489 3 564 23 775 19
36921 4 835 55 535 37 594 2 584 6
13443 4 615 43 412 33 677 19 665 5
67161 7 373 45 431 4 432 18 754 2 810 5 377 7 464 19
97738 7 504 41 781 30 236 21 221 4 828 1 578 1 285 2
39905 8 425 28 378 63 389 3 758 2 942 1 837 1 416 1 460 1
16776 4 650 25 575 41 572 4 253 30
39694 8 715 37 532 46 298 2 979 6 706 2 538 5 533 1 523 1
49134 6 725 44 796 46 980 5 219 3 532 1 516 1
20033 5 986 92 987 3 872 3 212 1 398 1
52533 6 923 62 835 10 973 1 890 23 944 1 252 3
45855 9 690 66 705 14 500 9 893 3 797 2 595 2 449 2 674 1 701 1
97699 4 367 13 316 78 329 6 987 3
30973 6 432 63 188 29 900 5 226 1 286 1 417 1
56431 5 186 1 438 5 583 8 275 5 416 81
41725 6 769 36 437 3 576 37 191 9 794 11 290 4
84499 4 300 97 944 1 315 1 745 1
40795 6 680 34 867 17 760 15 629 22 492 4 285 8
2621 3 988 67 193 4 296 29
9710 6 955 56 501 11 204 9 255 3 350 1 297 20
96329 7 775 39 234 5 702 22 753 5 423 5 567 5 267 19
98823 9 668 69 612 1 918 3 550 21 640 1 794 2 202 1 263 1 381 1
83703 4 609 17 895 13 406 33 206 37
98904 8 402 18 465 46 354 16 814 3 690 10 725 3 304 3 813 1
35942 9 996 89 289 1 990 1 309 1 960 1 259 4 673 1 308 1 580 1
39798 8 920 85 951 7 323 1 781 2 810 1 358 1 397 1 853 2
92274 9 344 5 454 81 536 7 245 1 983 1 660 2 621 1 719 1 384 1
24007 7 222 15 603 12 565 45 270 7 824 12 352 8 561 1
37759 6 369 61 251 13 685 7 989 9 281 5 197 5
16352 5 949 84 635 3 692 8 541 4 742 1
84376 6 319 33 488 46 680 5 746 4 906 7 222 5
99330 8 808 7 564 24 366 4 455 53 936 8 407 1 411 2 969 1
60641 6 766 71 540 3 724 1 784 5 614 2 874 18
59930 2 936 4 710 96
46564 7 550 3 892 9 875 19 515 56 980 5 596 5 944 3
41469 4 689 51 974 4 666 7 823 38
69753 9 817 59 607 2 724 8 279 24 848 1 369 2 466 2 455 1 244 1
81796 7 695 22 905 11 667 25 770 24 930 5 672 4 491 9
77027 5 946 18 361 42 388 6 553 2 925 32
35839 6 673 26 204 29 223 34 706 3 217 2 306 6
2894 7 353 15 866 4 337 69 506 7 664 3 678 1 434 1
25048 3 498 27 704 16 363 57
55822 5 956 82 986 11 367 1 953 5 313 1
35503 3 972 60 270 20 218 20
70890 7 940 49 615 28 821 5 931 12 563 2 500 3 742 1
50621 5 1000 35 232 32 779 18 708 9 598 6
40828 5 509 69 789 17 820 11 786 2 370 1
55199 1 224 100
74454 14 919 5 475 17 430 34 243 7 710 27 234 2 783 1 863 1 857 1 380 1 510 1 782 1 299 1 726 1
73108 4 308 65 618 30 281 4 458 1
79301 2 716 1 358 99
90549 5 608 8 427 38 983 23 410 6 996 25
39819 6 377 62 787 1 824 18 471 14 677 3 992 2
90576 8 579 53 237 3 512 36 249 3 258 1 454 2 480 1 221 1
4969 6 591 18 831 49 912 4 990 6 503 1 416 22
79634 8 911 56 633 34 790 5 869 1 292 1 750 1 888 1 440 1
74546 5 516 28 985 32 347 6 763 30 822 4
35770 9 763 17 331 68 754 8 667 1 880 2 901 1 531 1 338 1 269 1
51717 5 599 59 678 28 603 9 278 1 312 3
66037 5 407 89 418 2 234 1 385 5 365 3
96837 5 441 8 663 46 708 29 567 5 469 12
5967 9 392 42 302 4 996 16 554 17 653 16 381 2 475 1 730 1 277 1
11755 7 378 4 887 77 643 7 475 5 878 1 443 1 968 5
99837 5 325 85 311 1 766 3 895 7 706 4
75384 6 603 67 481 16 547 3 839 11 511 1 882 2
13954 7 453 63 314 15 449 3 436 6 739 4 709 1 786 8
20722 6 333 83 664 6 667 7 446 2 659 1 732 1
57391 7 552 29 870 31 933 31 488 2 243 3 263 1 594 3
84740 8 630 28 493 15 434 5 685 31 480 6 476 12 806 1 936 2
34814 4 722 6 475 45 413 4 858 45
32075 8 714 9 408 8 820 54 400 12 589 12 868 2 531 2 944 1
55964 6 613 55 249 7 621 2 681 31 894 2 942 3
20128 9 773 82 954 6 345 6 603 1 438 1 855 1 953 1 812 1 411 1
73740 6 255 95 781 1 594 1 623 1 920 1 328 1
30639 2 532 95 754 5
48585 4 921 26 652 12 466 42 356 20
51847 12 388 25 706 2 912 47 938 3 506 3 951 3 714 6 509 7 366 1 645 1 293 1 960 1
20861 8 712 7 311 25 491 14 553 35 884 11 434 5 460 2 340 1
47501 9 297 52 893 22 669 16 714 4 550 1 634 2 726 1 419 1 758 1
69221 7 939 26 525 41 913 19 724 6 624 3 264 4 980 1
24825 4 677 62 247 24 468 1 713 13
39700 12 891 45 584 21 953 21 449 5 294 1 818 1 451 1 362 1 573 1 290 1 582 1 601 1
23887 6 528 61 536 15 809 21 301 1 869 1 880 1
91496 4 523 92 330 5 861 1 560 2
96246 9 250 21 399 5 730 30 358 30 684 7 904 3 884 1 901 1 412 2
2077 6 946 19 662 20 530 24 813 18 650 9 589 10
16437 3 542 66 703 13 797 21
89740 6 873 3 652 12 867 25 726 55 950 4 843 1
26660 3 926 88 898 3 805 9
50067 6 803 42 832 1 290 49 413 4 840 3 262 1
67560 9 618 15 862 67 834 1 663 9 292 1 279 3 950 1 484 1 355 2
57684 9 986 30 513 49 575 14 750 2 362 1 614 1 639 1 789 1 705 1
43857 3 534 61 763 15 903 24
94788 5 623 48 858 39 679 9 445 1 686 3
84807 3 657 11 593 22 728 67
73081 3 902 91 325 4 919 5
14684 4 269 93 729 3 715 2 770 2
29083 7 959 4 728 4 442 67 354 1 622 13 577 5 636 6
98873 4 837 6 787 12 631 20 416 62
78398 8 901 15 771 64 680 2 266 13 303 1 796 2 295 1 446 2
513 5 793 39 673 45 362 10 963 2 487 4
19299 4 768 6 674 87 536 4 498 3
28172 6 682 18 750 55 395 12 352 12 526 2 934 1
17782 3 335 88 348 10 851 2
79283 4 439 14 305 37 283 12 556 37
33151 8 539 28 395 61 856 5 939 1 988 2 916 1 771 1 410 1
94615 7 983 71 608 23 760 2 847 1 998 1 426 1 891 1
14715 3 585 10 598 11 353 79
95491 8 747 57 779 5 502 5 704 29 820 1 306 1 750 1 580 1
45351 8 614 63 416 19 333 13 408 1 421 1 508 1 497 1 422 1
57121 7 889 46 940 8 824 10 427 32 606 2 628 1 400 1
41616 4 464 8 364 77 839 2 642 13
85338 7 829 87 342 5 894 3 392 2 635 1 387 1 761 1
93624 4 432 36 319 34 497 18 797 12
96228 6 910 53 874 3 744 13 657 6 488 6 390 19
28990 3 887 75 485 9 370 16
28932 2 968 37 839 63
21351 7 943 91 825 2 732 1 616 2 506 1 730 1 843 2
33364 3 311 72 285 4 904 24
5974 7 545 60 372 29 697 6 544 1 485 2 362 1 361 1
61507 5 799 49 515 1 451 4 748 21 539 25
37529 11 658 11 848 69 922 12 907 1 868 1 789 1 943 1 923 1 349 1 749 1 635 1
54161 6 613 78 997 2 744 9 812 3 793 6 734 2
18745 4 490 31 636 38 870 5 460 26
22985 4 928 13 620 71 392 4 312 12
34205 1 891 100
56824 4 421 11 879 15 580 53 295 21
63215 9 792 47 781 7 340 40 429 1 929 1 500 1 528 1 351 1 461 1
26433 6 487 83 992 2 733 3 668 10 873 1 860 1
39401 4 928 29 462 28 494 5 565 38
17646 4 982 81 556 12 977 5 742 2
29184 11 517 50 844 35 811 3 912 1 691 5 671 1 899 1 976 1 713 1 522 1 754 1
97158 5 718 68 711 2 671 15 737 11 752 4
52232 6 826 46 487 20 663 22 920 9 763 1 941 2
85339 2 545 7 572 93
9710 7 821 89 582 3 503 4 634 1 351 1 610 1 966 1
62447 3 761 75 679 8 480 17
33812 6 557 17 682 38 928 11 877 29 540 3 701 2
69320 4 770 7 442 70 522 19 749 4
7640 5 887 22 701 70 814 4 439 1 765 3
73971 7 352 46 462 14 626 16 312 9 649 8 585 1 686 6
84330 11 374 76 582 10 312 1 888 4 357 1 933 2 858 2 608 1 700 1 444 1 530 1
48009 7 547 91 703 2 981 1 723 1 788 2 874 2 471 1
20919 4 421 80 772 6 337 1 510 13
9117 10 689 30 874 14 878 18 847 8 555 20 887 5 809 2 489 1 656 1 517 1
88367 4 370 43 840 45 998 9 701 3
70675 4 938 69 949 28 844 1 743 2
28301 7 780 8 697 49 580 36 465 1 833 2 489 2 922 2
85164 4 990 92 942 3 647 2 823 3
60035 3 549 43 578 18 611 39
90432 11 409 66 647 21 869 1 899 4 787 1 661 1 927 2 471 1 432 1 650 1 930 1
33755 4 904 23 504 75 706 1 862 1
7748 4 470 74 400 23 319 2 849 1
69448 7 486 30 924 61 864 3 610 2 849 2 411 1 771 1
22477 4 579 39 906 10 623 32 816 19
51743 9 653 22 905 70 611 1 826 1 492 1 792 2 430 1 610 1 698 1
70041 6 854 32 494 7 338 17 628 36 540 7 583 1
75405 2 916 12 624 88
64874 2 682 96 857 4
46286 8 917 24 584 53 550 4 714 14 786 1 812 2 765 1 540 1
74475 8 825 50 508 13 817 28 478 3 590 2 891 2 619 1 803 1
41339 7 682 33 675 10 772 48 384 3 748 3 753 1 411 2
1771 8 661 12 727 56 701 1 991 10 808 13 499 5 785 2 645 1
76528 3 529 49 947 38 753 13
62646 4 568 24 819 50 718 21 932 5
5953 6 448 90 386 2 879 2 368 4 831 1 489 1
55112 6 928 11 653 72 405 9 577 4 696 1 575 3
52431 4 798 79 511 18 543 2 524 1
581 2 738 11 724 89
75525 7 417 66 915 21 448 7 945 2 858 2 766 1 752 1
36560 6 535 12 398 81 395 1 933 2 595 3 695 1
13853 5 468 45 721 50 777 1 532 1 791 3
9247 6 985 30 471 2 584 31 543 2 595 29 444 6
7898 7 917 77 553 7 925 9 786 3 469 1 737 2 711 1
46391 3 809 80 645 7 345 13
11846 5 734 75 772 13 836 1 593 4 996 7
82396 8 867 12 740 27 393 18 923 12 347 8 536 21 644 1 509 1
63487 6 455 25 688 16 669 28 717 6 958 6 894 19
8285 5 857 69 546 2 488 14 446 14 626 1
18696 5 648 34 596 41 737 23 745 1 585 1
72594 6 974 51 498 41 647 2 742 4 461 1 882 1
17231 7 982 81 407 14 774 1 594 1 901 1 677 1 680 1
70195 3 689 81 452 11 893 8
61753 7 532 19 979 66 434 6 915 2 561 3 381 2 569 2
3451 6 663 5 913 28 828 8 983 6 967 15 613 38
87359 12 801 52 824 22 446 5 902 3 848 1 810 5 743 3 355 3 441 3 483 1 490 1 624 1
19572 7 354 58 614 15 405 2 351 8 951 6 440 9 651 2
1156 5 388 32 750 27 380 7 854 26 916 8
42692 10 419 8 736 37 788 5 461 33 684 8 655 2 620 1 392 4 579 1 646 1
18715 5 596 37 555 30 802 1 505 1 592 31
43208 3 977 62 827 31 894 7
4888 5 856 17 830 55 471 13 879 7 377 8
8136 3 633 78 663 5 827 17
95377 4 382 68 431 29 559 2 614 1
21756 5 877 41 633 12 979 41 636 4 989 2
63452 4 413 28 573 21 437 20 882 31
29081 3 565 34 888 38 587 28
6061 3 390 51 991 30 840 19
80949 3 385 97 876 2 858 1
81471 7 561 77 519 15 582 4 991 1 721 1 600 1 558 1
64702 3 836 2 718 24 640 74
98083 7 746 10 862 25 711 27 864 16 403 19 451 1 453 2
84408 7 928 14 494 24 429 35 867 7 739 13 580 5 966 2
59292 6 707 93 758 1 536 1 688 1 743 1 524 3
99436 7 865 36 581 49 518 3 385 1 532 9 420 1 375 1
77113 2 537 67 981 33
72265 4 548 47 559 29 588 23 839 1
90191 12 988 17 879 62 753 8 738 1 796 3 973 3 657 1 629 1 423 1 442 1 478 1 915 1
32166 2 562 84 397 16
68722 3 944 56 460 18 861 26
25911 3 598 44 674 44 860 12
7172 2 934 12 545 88
16421 9 705 1 725 54 828 15 811 11 963 3 912 2 723 8 894 2 875 4
17280 4 722 54 598 28 731 8 668 10
12391 8 683 76 475 16 570 3 788 1 745 1 685 1 891 1 765 1
96992 6 467 79 380 16 788 2 494 1 793 1 424 1
38790 6 969 60 963 33 387 3 385 2 517 1 606 1
44372 7 979 26 734 48 542 11 445 9 598 1 767 2 478 3
91561 7 924 63 538 23 520 3 962 8 470 1 852 1 748 1
19158 3 406 6 901 35 511 59
14158 3 559 95 816 4 565 1
63475 9 543 79 505 12 999 2 837 2 481 1 818 1 503 1 808 1 741 1
34549 8 864 92 607 1 470 1 606 1 490 2 826 1 925 1 781 1
12912 8 631 86 410 6 466 1 667 1 996 2 517 2 837 1 657 1
12449 3 466 14 973 14 399 72
40884 5 968 44 490 18 913 30 682 2 912 6
72962 4 517 45 604 43 694 7 869 5
75313 5 950 72 830 3 943 7 447 5 452 13
51071 6 448 53 825 33 555 4 712 8 547 1 732 1
13136 3 600 44 733 52 825 4
58085 9 827 6 826 85 589 1 963 3 581 1 692 1 728 1 583 1 651 1
46843 9 892 69 946 13 611 7 429 3 659 3 973 2 924 1 485 1 636 1
20607 7 810 59 695 33 805 3 727 2 685 1 505 1 915 1
11661 10 626 14 700 49 879 22 833 9 454 1 955 1 552 1 866 1 397 1 543 1
99546 5 919 8 880 59 472 22 514 5 887 6
65794 8 662 65 843 10 626 3 800 12 603 3 741 5 666 1 752 1
51121 8 839 42 924 35 522 2 629 14 847 3 657 2 466 1 998 1
56158 9 734 81 955 3 854 7 978 3 715 1 568 1 940 2 548 1 590 1
21739 10 993 50 670 2 842 10 669 29 811 3 868 2 802 1 445 1 700 1 849 1
41359 4 498 63 645 19 659 11 467 7
61187 6 480 29 952 10 783 41 640 8 917 4 908 8
28544 7 748 84 624 9 834 1 971 3 451 1 606 1 499 1
77466 2 648 80 717 20
79159 7 780 19 821 48 818 18 532 11 541 1 665 2 767 1
75896 2 466 46 581 54
93049 5 832 7 502 3 981 58 882 7 923 25
5678 5 773 88 492 3 600 4 917 4 708 1
54474 2 839 13 816 87
78155 2 855 38 580 62
80626 3 451 29 901 22 938 49
53984 8 518 80 781 7 989 3 737 2 670 4 700 1 721 2 454 1
96239 4 796 40 590 58 962 1 475 1
91794 5 673 23 783 29 833 16 743 9 817 23
32512 1 674 100
34211 2 731 70 451 30
23148 8 457 19 644 18 516 46 490 4 729 4 732 7 468 1 485 1
39103 1 841 100
31504 4 473 94 541 1 848 2 791 3
2350 3 576 4 962 1 509 95
95277 7 944 67 491 20 981 6 431 4 727 1 631 1 469 1
26872 6 870 43 539 17 789 29 878 8 761 1 544 2
22190 6 872 92 950 2 508 1 869 1 546 3 777 1
11979 6 643 47 545 16 941 15 838 11 489 2 652 9
10710 6 614 91 661 4 676 1 758 1 529 1 598 2
85237 6 887 62 808 14 446 18 997 1 844 2 894 3
76192 7 504 60 906 3 725 19 874 6 715 10 789 1 705 1
7416 3 658 38 969 48 857 14
13290 1 458 100
8098 5 566 12 901 69 534 11 907 2 624 6
1985 2 907 30 988 70
93444 2 810 85 474 15
48963 6 968 35 767 42 471 12 696 6 529 3 519 2
20651 3 669 64 828 25 674 11
52674 6 561 91 933 1 809 4 954 2 617 1 585 1
95014 4 608 61 651 23 657 1 947 15
43964 6 786 12 621 76 514 9 573 1 829 1 597 1
77363 3 688 20 520 3 460 77
96006 0
56312 3 738 45 539 40 478 15
29217 1 830 100
90747 1 799 100
16079 3 766 38 503 60 533 2
60193 5 565 25 821 33 937 29 481 5 739 8
11667 3 770 46 895 13 804 41
39444 6 891 77 778 10 932 10 573 1 685 1 836 1
20093 2 558 79 785 21
68526 3 806 97 787 1 982 2
16103 4 899 46 740 22 895 13 805 19
71442 3 809 24 538 74 686 2
74046 0
33639 3 777 96 623 2 487 2
61673 5 889 5 593 81 523 8 875 2 886 4
22739 8 712 87 854 7 582 1 899 1 986 1 912 1 731 1 571 1
34434 7 485 17 660 34 764 12 579 8 463 3 761 15 472 11
67031 6 754 39 823 27 946 5 936 13 583 14 667 2
59803 3 541 70 842 12 557 18
93419 4 733 13 647 44 541 36 687 7
590 4 508 9 751 3 832 2 470 86
35362 0
36549 10 851 48 960 1 569 11 675 24 556 2 778 3 824 1 777 5 998 3 472 2
16951 3 859 22 822 12 540 66
6016 2 927 68 993 32
4535 5 706 26 952 31 824 28 866 3 468 12
8003 3 879 35 573 38 671 27
81177 6 808 50 816 29 912 5 893 13 566 2 599 1
62416 5 881 91 936 6 889 1 506 1 531 1
69705 3 501 19 482 4 675 77
42639 2 648 88 633 12
53818 4 805 86 545 11 653 2 771 1
3234 9 547 49 746 9 561 2 632 10 634 15 665 9 709 3 805 1 527 2
17881 5 981 85 655 12 801 1 626 1 700 1
50027 4 576 39 981 23 488 8 804 30
4907 8 822 91 836 2 605 2 629 1 504 1 953 1 754 1 954 1
54977 5 723 9 952 36 625 44 964 1 949 10
68028 4 745 84 920 11 923 2 913 3
10988 5 753 84 634 1 600 8 965 1 748 6
29442 1 620 100
72804 5 997 82 937 1 633 14 680 1 612 2
5998 5 744 9 723 49 542 20 919 7 961 15
38009 6 924 39 743 50 941 2 784 2 677 3 749 4
38034 7 509 78 703 12 527 2 593 1 951 1 650 2 739 4
51114 3 958 30 890 34 764 36
84510 6 717 42 601 54 494 1 720 1 633 1 842 1
53145 2 691 3 857 97
73302 6 866 95 719 1 833 1 858 1 990 1 665 1
79884 3 937 50 617 45 672 5
32629 3 664 87 992 11 591 2
12897 4 752 38 785 45 668 10 792 7
86247 3 582 13 555 76 554 11
41388 2 762 53 687 47
93273 7 676 10 497 70 774 3 553 13 907 2 751 1 741 1
61613 3 623 33 653 46 608 21
63889 3 742 95 999 3 558 2
93498 7 988 66 727 23 770 3 976 3 969 2 779 1 864 2
89529 3 553 61 593 20 635 19
16276 5 776 6 945 3 666 80 677 4 829 7
24854 12 812 18 917 40 504 32 831 2 909 1 757 1 737 1 540 1 643 1 975 1 659 1 510 1
9829 5 543 53 675 6 609 16 772 17 512 8
88739 3 816 73 908 26 967 1
36966 1 526 100
94639 3 863 86 533 2 859 12
37103 6 517 64 653 17 968 3 686 4 646 5 511 7
15257 5 953 95 553 1 506 2 883 1 775 1
26010 1 700 100
76376 0
59696 5 752 62 630 25 536 10 980 1 585 2
24111 5 816 64 998 33 814 1 1000 1 938 1
83191 2 640 86 851 14
511 7 852 87 713 2 545 3 772 5 896 1 695 1 827 1
54384 2 831 6 661 94
23521 5 950 20 925 12 917 33 904 33 632 2
66576 7 689 51 780 11 975 2 572 13 810 3 941 17 637 3
87088 3 735 98 847 1 774 1
13983 3 710 84 672 5 722 11
16911 5 959 93 991 3 604 2 779 1 679 1
63033 3 608 13 657 72 530 15
36167 3 709 47 523 12 691 41
78381 5 539 76 853 3 752 3 526 15 850 3
17760 3 821 52 540 3 971 45
63144 6 727 74 935 14 676 7 911 3 787 1 557 1
67395 6 595 70 561 8 618 2 570 10 835 5 838 5
79689 5 830 72 660 22 970 3 807 2 744 1
33446 5 627 13 805 14 527 37 931 20 831 16
41642 5 838 82 794 10 988 5 588 1 854 2
28335 2 535 73 963 27
42168 5 552 92 929 1 749 1 707 3 947 3
83090 4 942 57 762 34 910 6 797 3
55200 4 854 50 882 37 768 4 603 9
82746 5 781 42 775 9 921 47 568 1 595 1
89106 11 762 80 568 1 722 8 757 1 860 2 698 2 838 2 752 1 604 1 649 1 573 1
19756 6 617 27 748 36 711 14 703 12 609 2 583 9
96753 7 989 73 888 21 634 1 822 2 686 1 599 1 545 1
53131 1 595 100
2190 3 762 84 719 12 682 4
59849 4 720 95 847 2 713 2 937 1
78826 5 649 87 907 7 645 4 970 1 873 1
19946 3 664 29 687 10 909 61
78017 4 629 45 827 35 649 4 866 16
27070 2 768 32 621 68
33788 0
39349 4 978 95 666 2 722 1 866 2
35347 4 709 6 784 63 928 30 946 1
20990 4 978 69 650 15 969 1 720 15
96235 4 711 83 876 15 632 1 888 1
70101 5 859 92 672 5 936 1 958 1 785 1
20460 4 748 12 924 65 576 12 881 11
10397 2 738 29 908 71
66861 8 573 12 649 35 902 37 959 6 627 1 672 4 620 4 950 1
66592 6 719 71 922 12 821 5 846 2 752 6 807 4
43257 3 676 13 572 81 711 6
46140 3 872 40 868 21 977 39
95545 2 905 89 823 11
55179 5 663 16 785 55 650 1 622 20 611 8
17439 3 656 68 982 4 685 28
90825 5 681 8 629 15 883 64 767 8 988 5
50401 2 802 21 615 79
52608 5 781 24 997 11 955 8 943 5 565 52
66081 6 888 4 600 17 760 39 617 8 756 10 690 22
37872 4 849 26 568 28 616 12 797 34
37047 3 565 25 636 61 659 14
76805 1 882 100
31066 5 764 17 603 72 757 5 664 2 902 4
86814 3 707 47 679 5 998 48
64016 6 621 71 690 5 712 16 900 4 757 1 871 3
63738 5 631 68 647 25 641 5 923 1 742 1
80207 3 821 68 617 10 702 22
22295 4 978 52 945 12 821 23 630 13
26190 8 670 46 687 40 995 7 769 3 946 1 838 1 996 1 886 1
8337 3 922 92 793 6 928 2
7161 3 681 62 578 27 960 11
33715 3 942 45 794 33 890 22
35395 6 787 70 699 26 611 1 678 1 759 1 826 1
85745 4 840 36 790 45 844 3 749 16
93156 4 735 66 613 31 752 1 702 2
31497 5 983 96 949 1 744 1 893 1 826 1
14218 2 815 32 765 68
5527 3 751 86 603 7 895 7
67975 1 662 100
11537 4 743 75 752 5 616 4 858 16
46641 1 647 100
37425 2 827 18 975 82
46443 3 614 89 827 1 815 10
68517 6 972 63 765 22 917 8 955 2 970 4 946 1
75518 1 950 100
24588 5 763 46 796 3 613 33 635 10 949 8
36517 4 926 18 676 29 999 42 896 11
31973 2 935 47 910 53
55942 4 958 66 988 6 759 16 855 12
27129 3 837 73 947 8 698 19
9955 4 986 83 765 3 596 13 985 1
62130 1 691 100
88538 3 772 31 606 48 807 21
23126 3 666 32 642 26 733 42
49921 1 831 100
49272 4 605 10 683 26 790 12 834 52
59591 3 690 27 710 8 930 65
95730 0
57786 4 838 76 630 3 864 10 785 11
91880 8 747 14 697 76 899 3 681 1 651 3 876 1 702 1 800 1
12514 0
29530 3 766 50 842 35 809 15
50875 3 608 77 994 9 705 14
41813 1 881 100
52836 1 878 100
8996 4 694 81 849 11 621 4 725 4
26134 3 962 34 639 50 635 16
49929 5 656 52 634 39 790 6 654 2 838 1
74421 3 880 93 849 5 710 2
31163 4 736 65 815 24 959 9 670 2
82681 5 632 10 979 40 890 38 633 5 700 7
20223 3 984 27 637 41 711 32
28827 3 760 1 820 82 839 17
76407 3 975 90 886 6 685 4
22485 1 708 100
39161 2 846 23 978 77
98099 3 807 27 663 51 891 22
86809 1 751 100
46667 3 827 67 743 5 782 28
99487 3 694 18 934 73 798 9
84291 2 976 79 758 21
21037 4 852 52 698 31 792 4 807 13
8722 0
41701 1 792 100
29341 2 888 84 682 16
48515 3 968 66 802 25 804 9
62721 2 871 47 945 53
76069 4 645 50 679 3 863 43 650 4
33044 5 1000 91 958 5 930 1 975 2 898 1
33078 4 680 27 844 52 784 2 869 19
10436 3 907 75 908 17 958 8
93406 4 709 87 712 8 793 4 912 1
35648 3 642 5 795 48 962 47
764 7 906 41 812 47 925 1 636 8 973 1 782 1 836 1
10653 1 921 100
13696 2 774 67 855 33
9300 2 847 40 735 60
87621 9 856 59 690 7 786 27 804 1 852 1 825 2 719 1 827 1 788 1
65722 3 657 81 663 9 807 10
46705 2 716 88 721 12
93056 3 926 29 971 25 918 46
8588 1 726 100
79326 2 711 86 845 14
31286 5 730 43 752 45 907 5 704 6 971 1
56553 5 836 31 818 61 797 6 707 1 726 1
22636 3 835 22 979 74 721 4
12141 4 997 60 904 9 810 21 829 10
15344 1 887 100
76653 1 882 100
74354 4 761 34 985 34 736 23 729 9
11698 3 883 40 961 41 906 19
75048 1 888 100
16551 3 903 41 830 53 664 6
13814 1 727 100
37522 1 796 100
41679 5 791 46 690 32 844 16 709 5 665 1
99452 3 674 72 968 21 954 7
88713 4 919 84 891 7 773 2 810 7
27222 3 911 95 904 1 694 4
80399 1 758 100
68374 1 846 100
53600 3 865 34 939 12 747 54
24450 3 782 53 718 13 892 34
23883 0
26886 2 911 81 925 19
17826 5 838 22 795 47 890 22 971 6 785 3
7067 6 751 14 919 69 747 6 931 7 760 2 867 2
75428 0
60341 1 923 100
30419 1 693 100
76155 3 884 72 692 14 971 14
85774 3 722 61 703 22 949 17
51251 2 941 13 692 87
97290 4 776 25 793 71 947 3 872 1
10707 5 715 19 850 25 732 15 751 25 702 16
80208 2 901 37 759 63
59112 0
59376 3 949 94 823 1 976 5
19356 4 900 53 864 12 685 32 701 3
63180 1 969 100
75372 5 743 12 777 69 724 15 824 3 846 1
85101 3 952 90 948 5 794 5
90220 4 804 58 949 4 913 13 833 25
88414 0
45803 3 720 74 829 7 945 19
90510 3 863 69 989 13 844 18
40952 3 909 12 884 64 769 24
28424 1 829 100
19734 2 718 34 990 66
44402 3 984 22 695 46 830 32
16917 3 781 70 753 6 906 24
62723 3 772 91 724 2 797 7
57757 3 918 83 926 7 733 10
64587 1 863 100
37335 2 945 79 705 21
17786 1 750 100
14798 2 841 92 933 8
53793 3 821 56 776 18 862 26
83363 4 755 58 720 11 829 1 702 30
78751 2 712 41 824 59
69236 0
69568 8 760 74 872 10 730 6 852 2 860 3 731 2 986 1 744 2
92303 2 988 15 995 85
88126 5 773 47 808 47 905 2 741 2 928 2
35280 1 773 100
39721 1 861 100
10368 4 981 92 982 2 827 4 924 2
26122 2 960 22 733 78
48951 1 901 100
89928 0
98477 2 901 43 841 57
62521 2 804 23 855 77
52683 2 909 14 830 86
80145 7 867 31 815 40 996 3 778 10 871 9 994 1 754 6
99824 1 946 100
92899 1 987 100
64446 4 723 38 899 23 719 2 901 37
47022 1 769 100
13751 0
6177 1 753 100
83725 2 954 93 986 7
74226 4 985 37 945 43 844 18 848 2
71839 2 734 21 885 79
33903 3 835 68 771 26 802 6
74300 0
97878 1 745 100
73980 1 985 100
42292 1 790 100
90205 0
13107 2 902 57 772 43
48906 2 843 37 804 63
27440 3 932 33 789 25 869 42
58774 2 954 74 928 26
17319 0
3363 2 982 42 743 58
9795 1 890 100
81180 1 849 100
35166 3 779 80 805 6 881 14
93310 3 858 67 887 21 979 12
34302 1 980 100
35638 1 998 100
67865 1 956 100
52232 0
13279 0
67699 1 813 100
59920 2 870 54 799 46
78698 4 954 65 905 16 851 16 925 3
13947 2 791 63 940 37
28179 0
87418 2 968 65 901 35
27222 2 873 66 965 34
91373 0
2091 0
21931 0
17909 4 886 54 777 41 908 2 953 3
86996 3 780 24 765 62 983 14
10822 1 770 100
55227 3 778 66 789 10 917 24
97967 2 931 12 835 88
86859 1 857 100
95709 2 946 55 944 45
39659 2 957 67 865 33
48302 6 941 92 967 2 989 3 820 1 922 1 801 1
29020 0
6619 2 884 91 851 9
82819 1 772 100
30602 0
24639 1 907 100
58776 1 815 100
86046 2 989 7 880 93
33205 1 959 100
2972 2 931 59 929 41
76255 1 822 100
82595 3 843 91 793 7 845 2
8402 2 939 74 827 26
36195 4 907 60 928 9 962 17 848 14
46381 1 931 100
61129 2 928 67 964 33
53571 1 897 100
89466 2 867 48 910 52
59313 0
64232 1 893 100
97914 0
71694 1 990 100
46969 1 974 100
8649 2 827 1 951 99
17871 2 999 78 923 22
70669 2 896 10 892 90
27275 0
14847 1 845 100
736 4 811 4 893 52 972 12 906 32
30798 2 914 22 894 78
47602 2 852 49 886 51
1548 3 888 26 848 71 854 3
41155 1 963 100
36827 1 831 100
21054 2 839 76 864 24
29779 0
13757 1 966 100
83748 1 846 100
83142 4 977 5 981 36 968 50 922 9
9813 2 945 49 810 51
25021 2 854 46 901 54
28260 2 823 37 917 63
50188 0
79411 1 873 100
77929 0
87107 1 926 100
37443 1 968 100
53450 4 948 54 835 16 843 13 818 17
91343 2 891 85 964 15
12562 3 918 43 892 54 834 3
70801 4 891 12 977 51 890 6 940 31
57207 4 985 9 817 2 827 40 870 49
20466 1 902 100
54012 2 824 70 923 30
99156 1 838 100
4713 0
27767 0
33454 0
96027 2 919 23 905 77
80894 2 887 24 949 76
27015 1 893 100
40188 0
24962 3 936 1 896 12 923 87
47197 2 870 84 852 16
12022 0
36833 2 976 10 893 90
50727 1 882 100
4751 2 865 69 897 31
54496 0
62729 0
98398 2 859 63 944 37
14155 1 952 100
52597 1 883 100
73130 2 912 53 929 47
39986 3 951 87 960 5 934 8
59092 2 904 71 843 29
23888 2 878 88 977 12
1267 1 899 100
85922 1 850 100
34531 1 978 100
77720 3 939 80 993 16 935 4
50992 1 899 100
22527 1 886 100
98259 1 902 100
30269 2 979 11 927 89
82492 1 851 100
60194 1 892 100
39079 0
73201 1 907 100
79579 1 886 100
90876 2 967 28 929 72
89296 2 979 45 934 55
89459 1 963 100
33429 1 997 100
69338 2 924 31 996 69
47103 0
99247 4 986 13 980 57 883 8 878 22
81291 0
23707 1 899 100
9571 1 952 100
85918 2 907 61 886 39
26519 2 879 41 960 59
24197 0
55054 2 918 19 883 81
53204 2 905 58 974 42
81311 1 915 100
2631 2 931 83 875 17
68486 1 892 100
68152 1 899 100
47074 0
23783 2 977 20 905 80
74401 1 922 100
25653 1 900 100
25005 0
66834 1 993 100
24654 0
97207 1 958 100
5583 2 902 63 893 37
47813 3 927 64 886 7 975 29
35122 1 986 100
86429 0
66675 1 893 100
52304 0
57913 1 950 100
18073 0
73223 0
36897 1 891 100
98891 2 902 94 925 6
87495 0
17972 1 972 100
98168 0
70682 0
26394 0
3452 0
60445 0
14069 2 991 10 982 90
41613 0
63383 1 943 100
5612 0
82047 0
49183 2 957 51 920 49
82184 2 933 60 994 40
75542 1 937 100
7631 0
89375 2 981 61 968 39
25825 0
87277 1 964 100
3096 1 916 100
37877 0
45632 1 925 100
37472 0
84394 0
10648 0
12479 1 959 100
31681 0
16994 0
47929 1 972 100
88316 1 945 100
34567 0
91494 1 981 100
90741 1 989 100
19977 0
99268 0
58790 0
7341 1 987 100
27587 1 997 100
36457 0
80909 1 993 100
21173 0
44126 0
79543 1 945 100
51630 0
25012 0
81081 0
28796 1 950 100
30480 0
69252 0
90485 1 998 100
55426 0
12869 1 958 100
82824 1 981 100
4332 0
88202 1 967 100
96972 1 962 100
87527 1 992 100
23628 0
21207 0
40217 0
91237 0
76047 0
21326 1 991 100
27328 1 990 100
93047 0
28158 1 997 100
98615 1 965 100
13369 0
79432 0
5860 0
11620 0
36462 0
87786 0
33429 0
16846 0
86314 1 985 100
65935 0
83476 0
67932 0
91170 0
53474 0
33544 0
93784 0
94937 1 984 100
6648 0
15520 0
85067 0
95309 0
98952 0
64740 0
63729 0
57646 0
84605 0
76279 0
29461 0
84109 1 999 100
15930 0
85210 0
66679 1 991 100
52826 0
27371 0
33701 0
43452 0
3339 0
61858 0
46290 0
73336 0
17150 0
6038 0
