200 500
25459 3197 4565 29318 1279 5509 14985 10539 7305 25185 8857 6350 3419 3681 29696 26949 10080 26527 9831 24856 25446 21845 22464 5976 10444 2863 5136 15027 8212 6830 270 24255 18914 9922 23547 26102 16357 4032 9100 2876 24014 4977 13152 10765 2919 1951 24924 14304 21883 7897 25069 25373 8476 21111 28512 23442 3365 4938 20647 15009 5402 16303 24197 10968 21301 231 24764 10785 11778 17201 6950 5591 6890 24582 4830 5354 6294 18632 19650 26143 19422 23394 8184 6507 6931 22511 11997 6053 24844 14904 11580 24247 24135 10002 21696 11271 11849 11531 8243 5256 1443 23525 27066 20442 23930 6348 8875 26343 7432 9405 9442 5128 7785 11481 14752 20609 1477 20581 13823 26243 19532 15026 2166 6433 14822 1414 971 1550 27828 10188 27047 21787 1853 9608 26838 21683 19906 12672 12726 7672 6041 2503 21838 29683 6073 16861 20725 9495 1312 1705 4419 19604 1460 10228 26175 18756 26271 7369 27026 25326 27987 6909 15597 5137 1399 29568 27433 8312 28700 18736 4602 4705 19177 7219 16827 3599 7260 16297 9974 16227 4681 9946 25383 19656 28757 9734 10180 3495 20324 5049 29653 23587 29072 19520 17362 14945 868 10143 23836
61 23 18
23 119 9
173 75 13
87 140 6
4 199 5
169 154 22
161 151 10
107 145 13
55 39 13
166 63 3
58 24 9
37 17 22
78 188 106
35 132 26
39 72 60
28 83 3
157 168 342
190 21 10
200 69 13
77 82 3
1 168 501
102 70 6
126 71 10
157 72 100
196 151 17
47 18 6
114 184 6
56 94 52
138 153 9
67 13 1
106 3 11
91 122 157
89 105 64
45 162 24
13 59 15
59 178 42
84 13 11
75 148 42
25 112 6
36 181 11
101 32 14
120 56 40
132 90 10
116 95 14
116 183 21
164 54 4
174 30 25
167 177 6
160 8 18
152 131 6
91 9 47
111 92 6
15 142 2
26 39 43
195 126 9
178 168 187
4 187 5
198 123 16
22 197 23
32 41 17
38 165 24
74 128 14
163 175 4
69 111 9
3 98 10
112 89 52
31 156 12
64 22 12
35 121 12
6 16 58
78 52 232
21 76 20
72 47 42
150 10 25
176 20 10
9 164 10
53 144 11
159 175 14
91 139 100
196 118 21
137 175 10
99 176 5
38 59 32
42 9 33
33 169 62
188 197 67
62 112 39
33 78 134
132 146 3
2 123 11
84 143 8
155 79 5
48 40 21
193 29 62
31 96 28
31 62 38
135 94 70
101 124 2
85 165 4
76 58 11
133 158 8
63 150 42
10 66 10
88 174 5
184 122 90
117 100 10
127 7 4
8 44 6
171 29 9
118 40 25
159 160 40
50 41 19
197 35 36
79 162 12
109 160 10
166 46 2
186 181 26
34 50 43
180 10 13
68 42 21
65 148 356
37 169 41
34 108 58
191 42 3
139 159 54
8 152 6
87 107 20
151 149 5
120 11 15
14 200 2
30 126 21
185 167 8
188 198 41
49 34 6
73 135 125
189 118 46
127 186 40
61 141 4
83 73 21
68 134 1
183 198 22
61 16 28
68 5 12
89 98 17
65 130 436
32 86 3
74 194 12
63 107 37
184 29 76
200 193 501
12 25 5
101 136 12
115 105 6
193 76 28
186 27 2
181 104 12
57 180 9
75 176 20
147 81 8
60 83 9
110 55 4
130 1 475
121 113 4
65 105 78
22 142 6
45 26 38
50 158 20
20 97 6
48 170 13
135 6 63
47 174 36
143 179 9
11 172 2
71 182 2
130 127 43
80 87 8
178 73 155
4 138 10
53 165 19
82 173 11
17 103 11
157 122 248
154 100 14
189 139 45
125 177 3
16 138 27
128 45 15
37 192 11
120 167 22
96 81 18
108 33 60
129 142 2
93 95 10
154 19 11
52 150 64
11 51 4
43 114 3
94 102 6
52 148 317
