200 500
12618 25767 18400 16171 13213 10243 23049 26941 4161 26455 10272 19711 20400 20088 20429 20201 24992 25696 12512 24807 24847 10063 7867 25952 14744 491 15829 23927 25113 29752 7528 1030 11757 5202 13839 19425 16968 6101 18183 16716 28883 7929 4483 12824 29990 28890 2389 22991 12236 23163 21735 264 25151 26593 2380 15656 22610 22680 8595 6146 5164 3924 25610 12805 3054 19497 15709 19427 20319 7801 15765 16065 26420 29387 16195 3344 23440 16413 18417 5653 3987 3565 23030 24086 3183 17777 1000 2230 20504 126 16186 13047 26703 1124 12731 29294 1523 18832 12964 278 27650 8367 26499 15529 15736 21999 14095 10703 2976 21078 29712 26249 8097 14038 6404 24872 23296 14418 5403 5339 9409 27881 7192 18318 3781 12515 18596 29060 4808 6400 8130 19244 5661 7364 8873 23353 29031 17798 22452 22988 15199 29594 14816 13621 6392 18213 22277 4269 29562 27798 28543 26952 6177 26867 15974 25803 26030 6187 24622 11226 21124 6626 27474 21005 17771 5542 11284 20866 24587 11300 14156 5983 25916 16095 5606 18207 7631 20966 20034 23542 378 28417 16171 20057 19693 23770 14211 27223 21077 19186 10632 8746 16496 29482 24076 17495 23421 16239 4413
109 59 91
23 104 12
74 157 17
52 15 9
39 18 11
168 79 5
122 193 114
75 3 501
13 56 8
23 85 15
28 177 6
121 74 3
189 37 8
136 94 75
42 79 32
93 179 7
171 117 24
138 147 8
42 34 12
88 187 57
199 68 7
122 47 59
200 81 81
171 198 10
40 169 27
150 3 501
171 71 9
141 56 26
10 131 15
54 153 19
35 85 4
7 151 48
82 167 3
159 147 3
18 110 36
100 76 35
26 162 5
33 88 345
24 185 9
30 16 21
155 24 33
70 90 8
109 84 33
151 173 34
149 97 91
139 178 9
75 126 44
103 115 3
118 164 10
125 136 39
155 163 39
66 106 6
71 20 5
162 98 18
199 55 13
51 10 13
94 152 129
91 190 9
77 109 59
125 133 24
65 101 11
51 2 5
58 48 9
8 118 19
49 58 21
199 114 4
61 111 13
72 56 21
60 108 8
64 17 44
55 23 29
183 36 18
129 196 9
133 145 6
100 59 40
137 21 8
96 89 2
195 88 391
141 193 46
19 153 10
92 148 26
139 176 3
123 46 58
116 187 3
59 33 133
35 83 2
55 81 49
8 76 28
183 154 3
99 49 8
60 188 6
76 41 7
47 131 33
195 75 501
67 48 7
30 22 37
162 175 7
158 172 5
142 4 5
4 57 6
47 98 18
200 112 501
146 95 3
4 131 19
5 66 8
148 178 50
82 123 6
6 128 5
124 71 4
130 96 3
25 158 18
85 132 3
111 45 6
69 92 18
39 87 6
90 192 14
22 187 47
163 152 52
72 52 15
11 46 20
180 120 3
191 200 8
126 143 10
150 64 82
33 94 214
126 192 36
108 169 17
166 117 8
177 78 10
170 95 4
38 84 9
91 40 8
16 61 14
102 144 9
46 54 28
148 177 20
54 62 3
138 179 16
5 11 14
134 119 20
80 27 8
119 107 15
50 69 4
100 86 2
32 104 4
29 27 10
112 160 63
3 193 160
1 150 501
9 42 10
93 135 4
133 31 11
113 160 27
38 43 4
113 144 16
7 152 74
107 186 8
24 134 22
52 182 1
25 14 8
63 82 2
79 77 38
12 113 5
77 189 18
18 129 21
115 22 8
173 58 34
44 101 2
73 161 6
96 97 8
110 17 36
108 127 6
27 84 15
195 149 154
160 138 32
97 123 74
183 197 7
81 74 26
194 170 13
49 105 6
158 64 30
137 184 7
112 1 160
165 157 8
36 122 56
137 7 23
141 73 11
8 53 1
65 163 17
36 40 38
128 178 59
192 194 18
125 180 9
34 181 8
174 101 11
149 128 67
136 117 35
69 140 8
30 156 6
