200 500
26861 8802 23800 21593 27022 14753 14543 12546 24549 28155 3300 13874 12115 10927 18118 339 20598 28150 10790 29421 29693 23236 15593 17027 21111 11835 24006 5464 19242 790 27053 4494 5304 10671 5671 5287 24882 23268 28882 28989 6614 6310 4190 10358 19972 23960 6128 11716 11804 20684 26415 22448 6671 10782 14211 24408 25523 13680 16206 7729 26072 22127 13014 22863 3439 6622 13700 443 15742 18168 26267 10333 17454 19636 11559 23168 6503 25349 11898 29217 7680 24215 4161 22248 2329 14951 3330 26236 18183 8163 11620 11613 26140 678 14105 4052 28445 26048 7969 9582 17704 14748 9354 6786 19650 28772 1425 9280 20640 23960 7011 24386 270 8575 1987 9686 18922 5081 10440 24156 8889 10967 21869 15439 21483 24710 20434 2839 7292 17659 1477 15954 15549 21240 19503 29159 21051 29750 6447 28706 8536 19651 12330 826 25761 8845 3242 11130 3955 18024 12575 24207 13840 10397 21931 22212 27738 8642 29237 18561 11450 21397 1696 20816 17618 19352 18669 5441 8351 5405 9994 21783 26603 28376 31 2727 4358 17219 19849 25466 140 12473 6582 15412 18131 17211 17815 17213 28253 6275 28209 24685 22200 16908 14946 25927 26895 23810 7111
82 197 23
49 75 6
117 81 104
111 126 11
100 74 8
123 94 9
160 98 26
92 11 5
23 180 225
40 82 16
61 168 10
152 68 24
200 156 41
162 99 17
127 55 10
151 16 7
187 164 57
158 59 10
50 71 5
129 128 7
103 61 7
195 186 9
96 38 7
198 63 10
135 77 11
168 147 5
51 87 7
37 169 3
86 138 4
31 89 10
88 131 20
118 193 17
192 57 11
159 152 13
173 159 8
143 55 9
69 36 1
185 47 6
126 125 7
76 153 5
157 88 8
26 72 10
43 7 51
120 116 1
183 151 23
84 177 21
46 144 5
156 90 11
48 126 23
149 82 4
2 123 11
124 100 31
160 70 6
146 166 69
176 15 1
90 44 2
197 181 11
175 6 11
68 73 22
105 84 100
123 174 22
200 164 501
58 162 19
194 54 3
28 34 10
191 186 3
19 166 125
130 165 83
12 162 36
13 8 5
135 140 3
184 196 44
7 100 43
20 66 52
153 109 19
195 136 9
165 148 58
196 27 63
169 146 40
124 91 3
178 113 17
98 23 55
153 56 6
80 17 12
121 10 501
179 75 21
101 134 5
190 13 12
35 40 5
51 45 27
59 30 16
27 97 76
117 57 21
150 121 156
109 154 6
19 10 366
107 75 11
83 182 8
63 105 40
119 58 3
73 178 20
133 120 58
188 142 7
13 156 23
200 179 38
183 108 33
51 122 12
58 163 8
97 164 131
182 72 18
78 90 3
19 189 229
20 131 28
1 121 501
139 132 1
134 115 7
184 175 29
18 172 5
80 63 22
9 150 5
68 148 48
161 130 58
23 142 287
152 102 7
170 150 145
113 129 9
197 169 42
141 41 12
93 194 5
155 39 5
45 24 6
145 60 10
52 12 9
138 175 11
64 25 7
45 189 37
88 64 13
81 189 192
139 187 50
174 120 52
171 161 31
166 43 61
7 3 5
15 80 4
142 10 294
86 42 3
47 124 23
112 105 142
112 85 141
59 171 30
66 104 72
46 17 12
146 60 16
48 118 26
130 77 20
145 32 12
111 67 4
33 115 3
34 174 23
29 187 4
66 194 16
151 53 10
199 4 31
114 106 1
14 112 5
134 104 15
99 167 9
11 184 14
183 79 10
61 98 17
141 199 20
85 180 161
22 36 12
160 21 10
118 18 49
139 4 38
108 12 51
81 104 81
161 109 27
97 1 207
108 84 77
179 39 14
196 31 12
193 110 8
133 55 22
122 62 11
65 47 9
148 137 11
27 36 14
177 195 21
133 117 79
20 182 26
30 5 10
180 18 59
38 34 15
71 85 10
95 106 1
165 170 148
43 106 8
