200 500
21791 16436 3607 29379 24786 28199 16976 5840 6477 15240 10438 1721 2640 3966 28417 20107 26329 18322 18237 23772 18863 2413 4983 1828 7345 7045 6237 21558 2839 27391 5879 11113 7883 17959 16832 20617 12176 1231 13489 16098 12554 13996 17295 17866 5197 550 4504 25925 4247 12692 14797 21691 21906 5705 14340 1744 13181 8242 26742 23799 16011 10923 440 17109 171 16698 2336 9708 9402 17846 23543 8394 26713 5056 14814 19612 17604 5021 10026 24021 13015 2611 11062 11186 5206 18025 26656 10988 16596 27090 17165 9601 1765 12256 1346 27924 4119 15939 12162 8190 16211 6594 20233 11798 24723 21217 17332 28887 5407 21902 12733 12028 2551 29036 15621 362 28271 17097 10865 820 19289 22021 1468 5125 28161 17937 2534 18406 1200 2499 27944 12695 27636 26963 760 13481 21994 15809 5198 8233 1673 24493 1903 29393 11279 7630 19282 8738 23567 8894 589 19716 20639 22969 19336 11749 25402 18975 6166 24153 23151 22763 17574 21162 5074 3596 2069 4764 20076 453 47 18697 11309 23376 10640 11208 18142 2163 28323 21157 29865 3875 22440 6287 18211 16470 28434 8275 3554 15669 28424 6711 17875 11537 27769 22169 10372 6615 15994
20 29 7
51 113 7
25 13 2
179 60 10
171 52 21
15 109 11
139 137 7
112 178 6
129 162 17
5 19 9
72 60 19
141 61 5
75 126 54
68 46 4
104 28 13
187 40 30
185 88 37
101 179 9
88 107 29
200 167 501
185 98 82
62 31 7
104 18 12
135 41 8
8 199 17
137 119 26
152 155 11
158 127 8
153 80 29
23 175 9
148 128 9
87 115 9
85 101 5
124 72 34
100 191 23
177 124 5
8 52 43
21 52 71
10 108 8
33 116 51
21 91 125
8 93 23
128 188 10
184 17 368
10 116 9
194 84 8
164 40 8
92 4 25
149 23 5
70 169 17
3 174 8
94 25 2
145 123 13
176 80 5
81 59 11
184 1 501
56 86 17
156 69 12
14 97 12
153 195 37
114 45 9
47 55 178
134 36 13
188 156 29
74 99 8
70 59 13
192 9 14
193 120 4
74 26 20
48 44 3
157 190 16
78 138 7
5 168 2
75 129 63
107 118 13
92 150 18
29 43 7
174 182 63
131 29 23
163 197 10
137 58 14
57 182 98
195 104 31
199 15 14
4 122 47
126 194 16
111 69 10
82 198 9
89 198 5
98 12 5
183 96 1
162 95 9
102 119 40
187 186 43
17 116 70
165 58 10
63 159 280
138 171 19
197 4 18
86 126 27
67 75 12
115 114 20
138 183 3
54 150 9
132 181 30
86 39 12
21 160 52
117 67 5
182 11 25
143 156 10
131 82 14
121 14 1
125 91 23
144 11 18
159 36 101
61 135 19
38 146 6
47 159 390
44 71 85
64 100 38
158 152 11
113 64 13
169 174 56
79 160 12
107 2 9
73 42 5
125 5 19
105 83 2
61 186 28
184 47 501
31 25 3
122 105 83
105 36 83
110 71 17
196 133 7
76 191 7
26 57 83
57 63 176
178 23 16
72 77 9
66 146 11
14 196 12
124 160 40
162 136 1
180 53 10
161 24 9
24 154 12
93 180 21
172 125 1
40 9 18
110 173 9
185 102 45
84 103 4
123 188 52
131 169 37
9 34 3
56 90 10
35 147 7
154 80 19
132 63 109
68 122 32
190 33 23
66 55 87
129 55 88
95 189 3
157 170 8
44 65 95
56 142 1
132 153 73
191 16 12
144 167 15
42 190 10
186 66 81
163 50 3
123 26 66
33 158 26
100 71 66
110 193 8
166 171 3
28 147 11
119 22 9
6 65 121
49 39 10
90 32 3
7 187 13
79 106 10
130 11 1
31 181 21
98 1 88
167 37 9
68 196 30
6 91 159
65 114 26
27 113 4
157 140 4
151 117 5
64 178 29
6 17 282
74 30 2
