200 500
28110 14444 1698 11220 20724 11615 20887 3212 16392 252 6309 11671 9636 5954 7065 8794 21241 15336 21744 23417 1111 22136 23951 6129 279 17115 15108 18379 9050 28349 10806 27300 13633 6862 16099 10257 25246 19502 48 297 22219 14682 12945 26546 25057 17922 3747 21825 20000 24665 3700 11445 10806 23326 3772 1485 13086 26965 10470 17747 25322 10774 15748 24326 17165 20637 25876 9536 27113 2154 2158 5905 9157 22487 20412 99 5293 16822 25832 7256 27345 384 1160 18120 25871 9137 24853 29958 13292 9526 21943 14869 18532 25091 12399 984 9586 17548 20434 22395 27878 23546 4652 16192 21987 5816 15088 22379 8547 17957 28390 4190 20678 4881 11577 3642 4466 22899 5184 21797 1021 4782 6466 526 17142 22970 26648 3621 2502 27094 6237 11674 22689 13684 19915 22655 29971 4414 16560 17034 14822 2754 21780 4614 7725 426 14839 7319 27017 11239 273 26645 176 7253 8337 25128 27625 25803 2087 3858 10572 4944 5603 26806 25942 28472 27627 13948 28810 5557 13570 16063 7521 20240 6424 29394 821 18108 10631 4665 21649 13399 136 13555 29667 10294 72 18861 19871 10425 28491 29862 27459 5508 8737 22759 13839 4470 24133
185 128 1
184 46 1
189 52 1
69 92 1
145 91 1
127 100 2
6 80 1
173 182 1
84 178 1
89 155 1
121 174 1
132 104 1
145 18 1
45 56 1
25 138 1
173 76 1
37 167 3
11 37 2
170 124 1
19 174 1
137 72 1
42 27 1
136 23 1
189 95 1
9 89 1
123 160 1
32 81 1
186 127 1
182 190 1
73 200 1
16 157 1
155 111 1
105 168 1
144 99 1
36 164 1
88 58 1
13 62 1
51 105 2
4 106 1
126 80 1
177 112 1
156 65 1
113 85 1
11 183 2
141 10 1
184 26 2
139 63 4
151 76 1
13 101 1
82 53 1
99 67 1
95 121 1
131 138 1
39 18 1
200 122 1
12 189 1
84 62 1
31 60 1
177 13 1
64 15 1
21 158 1
70 192 1
48 194 1
71 22 1
4 168 1
147 188 1
78 162 1
197 142 1
5 47 1
12 139 3
2 28 1
120 103 1
34 164 1
59 129 1
21 36 2
66 53 1
79 76 1
191 51 6
115 140 1
21 3 2
161 90 1
130 31 1
182 138 1
124 194 1
68 28 1
100 192 1
38 61 1
198 80 1
68 85 1
116 51 5
197 5 1
136 135 1
94 18 1
114 8 1
49 109 1
199 186 1
67 110 1
34 97 1
77 195 1
60 167 2
34 55 1
108 181 1
23 107 1
43 145 1
141 127 1
126 115 2
59 120 1
26 63 4
167 116 5
29 163 1
87 15 1
57 160 1
69 165 1
166 83 1
115 37 2
24 134 1
147 33 1
123 11 1
150 148 1
8 14 1
92 75 1
35 194 1
192 20 1
10 86 1
105 7 1
89 29 1
4 78 1
86 148 1
85 67 1
130 40 1
126 119 1
183 181 1
185 55 1
153 152 1
191 26 4
27 166 1
114 119 1
56 123 1
162 50 1
133 99 1
102 22 1
16 53 1
60 62 1
125 112 1
180 90 1
139 173 1
143 22 1
3 91 1
9 65 1
88 81 1
23 172 1
90 46 1
30 5 1
159 111 1
46 197 1
140 200 13
168 169 1
93 1 4
28 183 1
135 170 1
1 191 9
137 9 1
129 20 1
54 119 1
96 174 1
44 55 1
78 193 1
87 132 1
169 187 1
77 184 1
93 159 4
102 118 1
134 164 1
36 159 3
160 143 1
82 149 1
181 61 1
58 175 1
35 171 1
87 77 1
30 146 1
25 41 1
179 176 1
95 92 1
100 12 2
170 63 2
158 74 1
116 81 1
109 91 1
117 143 1
158 179 1
198 196 1
154 180 1
17 169 1
93 147 1
98 74 1
3 166 1
152 56 1
155 82 1
