200 500
12494 12927 19315 29528 11620 24835 16526 21958 22861 28520 21702 24350 2592 3671 28260 3458 3236 27564 3406 6575 2947 1673 2265 26265 28135 8655 271 29908 22286 22059 12951 13205 3403 24204 14224 22875 9376 25108 12291 28507 20109 12995 24358 26127 15765 13474 4293 4451 16532 29627 22413 13532 13098 8843 23830 15797 1589 12856 3533 22898 22554 1636 2400 16636 8393 5524 6232 27940 4291 6491 24649 6156 1517 13453 23512 14398 25753 3375 11910 10110 17717 5871 5786 28462 21112 28650 7872 8228 155 7605 17933 13393 21419 10761 4574 20750 25116 402 3536 28712 7673 7443 14819 18245 28510 18094 26928 29812 26657 8353 11380 13208 14776 21993 28423 17925 16585 21747 17961 23057 17354 14391 15016 9987 709 21894 27437 6914 20689 20222 26360 933 6395 12683 6114 3159 9883 14619 18170 2174 22190 5234 13306 12562 26149 24717 26353 9703 21929 6969 29166 6731 10032 25485 6140 1636 24858 7189 1458 23165 25914 24280 1816 16951 410 6216 28308 12491 27379 14290 3724 7699 9367 28842 20174 14579 28681 26920 1896 10572 8718 27429 17140 28964 16739 1562 19882 6985 11231 6497 21012 4618 27617 4319 26111 23840 23233 4783 14309
171 78 11
56 152 13
74 12 16
144 130 8
73 25 4
48 3 7
68 11 3
57 127 62
7 32 55
54 160 5
5 150 16
92 123 12
130 72 10
42 16 31
115 100 10
27 89 3
167 76 116
30 59 6
168 48 8
104 14 44
142 67 172
26 161 9
127 8 29
14 47 26
139 158 77
185 88 13
13 45 11
162 95 34
26 105 18
11 191 8
128 120 8
4 37 11
167 41 80
176 19 11
176 86 8
14 155 18
142 1 193
135 51 30
151 29 13
109 106 123
76 81 5
17 108 33
141 166 501
9 56 96
47 85 13
136 41 51
60 33 4
89 80 39
77 63 36
148 122 25
24 69 277
152 58 2
100 175 19
30 83 24
55 4 21
84 11 21
129 51 66
130 24 22
146 111 6
189 96 5
195 96 2
29 147 10
200 154 13
159 41 18
192 34 75
93 135 26
28 80 39
148 22 12
117 182 37
111 71 3
35 95 16
128 51 26
193 119 26
176 97 26
163 146 16
193 140 25
192 32 65
132 8 11
63 6 26
133 55 54
131 119 8
145 140 12
125 181 4
171 199 17
124 103 6
110 28 10
174 191 5
200 55 501
196 118 7
145 53 7
49 133 72
99 87 10
191 126 1
128 94 8
84 129 350
15 91 11
44 150 9
134 189 3
46 2 7
159 10 13
52 177 20
194 30 12
15 62 9
76 34 109
157 95 52
82 148 8
31 97 100
90 168 18
107 75 8
178 25 12
42 77 37
20 23 2
69 141 304
127 52 26
175 5 27
91 74 13
16 65 8
173 183 11
6 137 3
199 133 19
99 177 14
28 57 52
77 97 75
9 98 12
13 187 1
88 36 6
45 93 19
40 154 9
122 69 34
157 21 57
43 35 6
31 21 143
116 108 11
180 70 3
138 105 4
34 83 30
90 109 206
75 108 14
61 12 11
79 177 2
7 101 39
169 165 6
180 199 3
16 197 14
129 166 416
151 33 10
197 113 7
24 31 248
66 40 4
88 6 22
100 121 9
155 149 10
56 106 116
159 153 4
109 84 340
163 160 5
106 143 3
29 89 30
146 101 29
185 156 4
17 21 80
8 173 14
38 37 5
184 142 6
112 192 5
189 47 10
170 7 11
60 102 3
123 182 37
18 172 3
46 181 16
99 164 1
104 49 46
103 157 8
166 57 118
114 149 7
140 179 41
1 141 501
67 49 114
9 64 78
179 17 54
22 39 9
190 46 6
64 139 78
144 20 3
136 105 30
165 158 12
198 119 11
18 10 4
181 136 21
67 123 53
158 175 59
25 162 23
196 200 18
186 92 7
74 117 31
90 167 188
188 83 8
50 63 6
