200 500
20615 22948 4467 9335 17830 5365 2792 19665 5148 4216 24905 28702 2635 27016 11050 14341 22029 19762 12816 16045 26187 1054 14298 7119 310 15959 10628 20624 8578 8706 12722 383 11255 10521 23190 29080 23695 15165 738 22734 22520 9978 25222 11297 27509 516 22916 8965 15875 14465 23556 6846 14777 27095 7195 3173 9211 2560 13628 6678 18784 21459 18458 1474 22461 4892 1090 6110 1831 21670 23420 26655 14627 23804 6498 3819 3592 24795 22510 12886 24492 762 896 2064 1231 27865 5038 27480 27258 1089 5056 14797 5480 9549 29893 17724 24589 13862 20253 10916 14723 27940 4553 434 6632 28482 23771 7839 6695 5986 6631 12504 16084 24057 26389 6389 20326 25056 14911 1874 7597 3110 7936 12421 23854 19799 23379 27354 11166 14260 3428 2323 21833 6281 28919 12205 11438 14234 7900 13589 2052 26209 17395 6223 28939 24251 11281 19662 19009 10911 25634 3654 5089 2246 22289 18967 11851 28488 28567 7112 2643 19997 4832 21307 15737 14006 10601 25978 6005 28937 6746 15187 22329 14897 15725 20311 24206 3750 6799 21297 24258 24696 19219 23583 7199 15876 16317 20376 19998 19875 11616 274 29015 12422 19892 2675 14519 18581 22056
163 132 1
46 110 1
52 42 1
160 80 1
56 199 1
78 146 1
123 36 1
79 46 1
121 139 1
152 5 5
32 98 1
89 156 1
127 105 1
85 13 1
108 31 6
23 52 1
89 33 1
191 187 1
106 67 1
152 144 1
141 181 1
104 33 1
186 40 1
182 193 1
36 151 1
17 20 1
127 178 1
152 31 5
107 87 1
19 63 1
9 59 1
161 12 1
51 169 1
102 179 1
57 170 1
73 171 3
149 81 1
52 72 1
5 124 2
32 184 1
83 111 1
99 88 1
55 129 1
43 199 1
120 124 2
160 18 1
174 8 1
86 31 3
145 125 1
77 67 2
54 35 1
49 165 1
9 133 1
95 83 1
154 58 1
118 86 1
79 176 1
103 14 1
199 183 1
55 182 1
109 36 1
82 19 1
7 15 1
188 100 1
97 11 1
190 128 1
156 113 1
122 7 1
84 25 1
90 34 1
136 79 1
8 155 1
85 159 1
37 144 1
10 96 1
100 18 1
27 189 1
179 140 1
167 125 1
165 190 2
156 15 1
148 22 1
73 169 1
161 167 1
149 120 1
106 165 2
11 43 1
128 142 1
119 195 1
43 62 1
185 141 1
69 45 1
136 65 1
32 69 1
186 150 1
34 173 1
35 157 1
74 80 2
155 149 1
77 126 2
94 171 3
197 158 1
153 74 1
97 143 2
47 3 1
20 130 1
116 171 1
166 115 1
178 28 1
68 20 1
63 23 1
70 179 1
48 70 1
132 69 1
80 23 2
105 138 1
126 73 2
101 116 1
168 85 1
30 135 1
198 158 1
68 137 1
185 88 1
92 139 1
143 29 1
90 162 1
1 6 3
159 198 1
57 13 2
22 26 4
107 3 1
25 170 1
30 166 1
38 54 1
71 142 1
39 128 1
189 21 1
117 63 1
1 94 11
196 46 1
35 170 2
172 121 1
49 112 1
119 134 1
61 131 1
9 93 1
141 77 1
147 115 1
143 13 2
102 89 2
118 129 1
151 131 1
136 120 1
130 75 1
3 59 1
28 191 1
24 116 1
54 59 1
57 22 4
114 168 1
94 108 9
194 169 1
68 180 1
50 15 1
98 33 2
189 19 1
139 97 1
119 11 1
30 108 2
64 187 1
126 34 1
41 182 1
102 86 2
53 5 5
166 76 1
175 75 1
153 2 1
178 44 1
124 83 1
192 148 1
16 70 1
183 200 14
96 26 1
6 74 2
154 198 1
6 151 1
96 177 1
98 66 1
157 161 1
26 53 4
173 4 1
130 67 1
91 153 1
135 127 1
190 186 1
60 95 1
78 129 1
164 173 1
142 14 1
