200 500
11942 9092 2245 3890 15775 17404 13999 24788 14460 1435 1499 3239 3251 27463 1973 26423 21374 10747 23397 10600 767 25822 1165 20200 7456 16749 11117 351 26073 23716 1720 10624 12422 28743 7556 26340 2666 20680 6327 27246 3562 25024 24480 29388 13664 15201 12665 1527 18043 14669 9065 3117 9228 25580 16653 26905 9074 4062 13187 3699 2709 15554 4689 6824 26212 9429 25741 14952 22913 26815 25137 6908 12591 9525 3018 26960 25090 26486 12134 15746 10068 24969 3489 13344 10256 25249 28701 5548 29238 22831 23275 6801 15610 27329 16706 8241 199 25983 2945 14809 14166 12003 16344 19803 25784 25233 29641 15974 12432 23686 25371 19597 5255 23403 24965 27420 19991 18669 13649 16581 20605 27449 22681 17921 11196 21663 6851 27393 10101 19347 924 4589 9283 856 24184 4363 21417 3471 4802 29041 10513 10327 23935 11486 17821 15919 2074 1443 20726 10434 9910 6553 15615 4946 8209 9595 15699 21107 7144 17154 13727 28825 19563 23936 23740 24497 14894 4647 17338 16931 9692 6288 6577 18456 26544 3105 1315 27380 27125 16011 18054 5280 8605 27583 18209 15193 2430 10093 26260 1338 25718 23374 18635 4192 28777 19285 1231 24050 11245
89 119 10
11 56 1
100 133 362
137 89 13
133 19 150
61 34 26
139 155 12
154 48 26
1 100 501
8 31 9
131 49 1
136 129 10
20 57 11
19 12 19
63 131 116
110 159 6
17 70 52
13 57 2
86 91 20
112 138 9
94 173 3
141 58 10
184 42 30
47 8 34
121 99 26
135 34 16
200 159 12
182 73 4
40 81 4
39 28 83
174 94 12
29 156 1
149 176 98
101 67 21
135 109 7
187 7 39
146 62 40
158 36 13
35 75 13
140 76 3
188 185 11
14 125 2
146 61 26
86 127 9
86 193 10
103 160 30
191 161 27
71 108 13
3 26 30
137 88 24
152 119 6
114 12 5
195 155 2
6 33 6
130 45 54
199 98 5
39 54 40
56 80 7
78 160 91
154 176 73
96 85 6
128 171 7
141 52 4
97 106 270
103 163 29
41 20 10
81 88 8
126 70 93
183 175 8
102 39 40
174 166 10
83 133 221
37 191 16
198 32 2
163 124 10
104 132 1
96 18 11
87 165 11
105 142 77
101 38 2
84 55 3
122 143 4
93 114 4
64 188 21
95 54 21
92 17 8
33 107 12
113 136 44
167 135 11
120 63 111
162 134 47
78 19 129
141 113 25
172 126 191
80 130 81
42 65 43
44 170 7
74 5 6
105 7 45
156 98 4
137 153 11
188 105 28
116 95 9
45 88 45
24 182 1
157 34 5
149 80 88
30 122 18
3 182 11
158 118 10
28 139 13
100 106 376
196 146 13
128 22 9
51 64 6
190 112 20
172 142 95
53 111 2
154 8 49
111 47 23
162 25 20
91 161 31
72 46 22
134 169 3
180 67 11
153 150 8
148 66 10
70 199 31
177 75 2
48 94 19
60 71 6
10 58 6
101 162 29
30 190 30
131 15 109
27 26 8
145 45 5
33 142 21
199 186 21
120 198 51
120 62 55
121 68 9
183 163 9
9 121 11
15 72 34
25 179 10
184 22 12
63 97 228
102 192 10
15 113 69
134 198 54
83 26 41
104 50 7
82 136 23
151 190 4
36 3 16
200 46 501
186 2 5
43 191 10
20 78 32
64 90 11
187 194 21
28 126 97
1 172 287
67 147 7
65 91 62
186 115 9
18 130 19
54 44 17
76 4 4
36 16 2
55 194 13
22 59 3
83 176 175
23 168 6
65 106 100
17 99 37
148 111 10
37 197 8
4 184 15
23 77 18
69 122 8
189 194 4
82 87 18
144 155 11
5 117 11
77 97 34
5 62 16
71 102 28
21 72 4
160 30 57
164 149 7
123 187 13
79 4 12
23 178 1
47 125 9
104 12 15
75 42 18
181 77 7
