200 500
9958 16968 17429 3984 13880 22380 6998 13800 18747 13233 6491 27928 20749 8508 21480 7965 15896 13634 8572 24851 25666 2989 27540 14921 12051 20876 14167 7130 29293 26465 17207 3608 16394 7545 7609 5298 18157 18374 10354 15799 3094 17129 15991 23541 15436 16926 14652 27217 16144 24916 4261 9081 848 19948 26877 24079 24111 21224 2034 25467 5603 12056 20770 24520 4504 18148 29897 21445 75 4275 13119 25949 10231 53 362 14484 18641 6865 29997 29429 17475 23243 10431 12460 802 4777 8992 202 14277 12034 18067 24762 23738 8344 9227 29813 26394 7211 23433 20953 14439 21603 1276 9705 20396 6805 10995 25669 3996 20400 22294 29365 29379 933 20378 8124 25154 595 27073 23118 12942 21034 9004 11224 9997 13521 1427 10016 4899 11013 22375 20199 22589 24232 24212 22841 2741 8960 11757 27478 8256 26847 3153 18868 26547 28217 15284 6843 21712 20725 1078 10915 24200 13377 29380 23070 17466 23641 29380 28 1772 29279 25124 3035 26306 9777 15010 2962 26231 11458 24079 27564 29486 27918 7104 10500 25766 7631 28064 2178 894 22631 20275 12126 18473 11998 103 3488 11525 8373 15149 28558 24867 20551 21270 1301 6865 5000 24963
41 36 12
123 47 29
23 192 28
172 90 31
27 127 84
91 149 17
179 37 5
33 10 8
26 115 15
67 45 11
81 127 51
130 197 5
168 151 66
99 15 18
99 177 14
9 86 6
175 76 13
57 141 10
79 113 10
161 131 4
116 3 20
117 144 3
140 8 42
33 146 11
90 3 26
175 35 3
182 193 73
118 2 10
64 116 10
28 73 28
16 68 212
183 95 3
107 147 11
167 176 26
18 68 63
66 141 20
7 156 9
56 140 17
4 11 7
17 130 3
65 145 8
89 37 42
93 24 11
200 181 501
169 115 16
21 26 9
28 69 9
108 16 259
134 55 26
31 126 11
14 76 9
73 70 10
84 103 5
161 168 24
164 6 6
197 28 18
25 190 13
187 83 14
193 55 34
189 78 370
153 63 6
190 32 16
5 30 2
108 189 457
55 124 5
19 187 27
129 105 43
138 141 2
188 163 57
50 25 8
173 48 12
179 152 1
180 77 27
156 154 20
143 103 10
140 196 24
172 114 21
194 125 80
82 119 234
1 125 306
157 125 218
23 176 47
44 181 23
111 153 9
162 128 2
34 167 13
133 136 32
174 96 13
20 99 5
68 127 137
121 151 49
108 1 501
119 154 53
47 15 110
62 89 32
54 185 5
33 44 20
138 104 1
47 113 78
8 78 83
175 133 25
142 149 13
123 158 8
148 199 3
19 8 39
97 197 13
52 107 22
168 82 89
2 109 9
18 86 20
160 106 8
169 161 21
194 53 28
128 69 2
191 116 5
15 157 124
29 135 10
92 200 8
196 96 15
103 52 21
144 134 17
193 107 32
29 114 11
73 16 49
67 171 6
72 126 21
186 62 8
2 53 21
80 142 13
48 112 9
79 122 6
157 66 95
87 74 2
180 81 38
72 154 28
132 126 9
62 48 23
13 166 11
98 40 4
148 160 7
110 11 30
198 74 3
75 26 1
100 81 10
121 136 43
42 34 2
120 155 5
119 78 287
123 98 13
169 43 8
85 45 6
51 192 9
82 163 141
184 70 8
129 32 38
105 113 54
58 27 9
65 86 16
56 101 9
189 182 94
32 13 22
139 83 4
74 151 10
200 59 8
89 27 71
23 41 19
105 22 11
37 178 40
164 178 20
163 176 69
77 49 21
61 177 9
102 76 5
30 187 14
19 159 11
188 111 18
178 195 8
165 150 8
164 38 6
12 149 3
79 88 5
45 91 22
71 49 2
94 46 7
60 110 2
34 39 8
181 188 45
91 194 43
36 137 8
182 93 20
192 120 14
165 167 10
72 54 7
183 144 12
49 170 9
172 94 58
110 160 26
94 66 68
18 11 38
