200 500
22028 21460 2537 18370 3519 23158 14432 26013 26310 23683 28059 19483 19588 28031 4131 20950 17663 7935 29951 24808 16080 26387 23737 18873 20230 22856 19396 25656 27207 16951 19346 20964 26485 24400 26403 12312 19527 26838 3704 17349 3897 22746 6102 25600 23968 29225 20496 28300 17313 1502 23923 11967 19934 6093 16450 14848 14393 15254 25668 11438 19825 12493 27997 25890 19303 25016 3531 16025 19632 8701 18743 27643 14816 16826 23993 4942 25236 19044 15772 6875 19155 7022 19031 15559 17514 3603 18957 11324 26752 29452 906 14495 2560 27203 1920 8783 8821 14793 3465 23319 29294 22084 21860 19567 28778 20897 6550 27583 17730 8631 2501 26180 585 18174 114 6348 26829 21284 2369 17396 406 9618 5443 23460 22958 27651 4046 1575 9075 23836 18384 10494 9023 3537 18578 22799 15610 24497 15516 8218 3 17359 7985 3919 18331 15981 24498 12351 13685 14620 14227 14418 20778 28296 19682 16364 1203 7522 29032 16313 3119 11438 26842 18480 20916 28832 29604 7888 21241 18315 29220 17005 10215 6769 19660 19030 15639 21254 19000 12797 9245 26936 5135 18862 24691 24063 19246 26528 19423 4901 3324 11065 24712 18718 8845 12796 26992 7725 6466
64 144 10
83 130 357
154 132 10
191 69 2
192 150 2
27 26 9
162 176 7
131 90 9
136 131 22
62 167 25
150 13 6
34 6 25
17 2 7
37 123 190
111 130 243
138 8 15
115 133 10
139 77 10
69 103 15
52 50 15
51 86 8
8 188 26
68 122 4
152 125 8
134 107 5
118 26 26
84 70 8
97 22 4
62 77 11
31 51 7
6 44 3
38 156 36
157 177 6
161 100 46
20 39 140
103 84 30
48 67 10
73 109 161
141 154 16
116 115 23
196 82 5
4 56 7
15 115 11
141 198 36
142 89 1
23 112 11
68 80 4
185 12 11
11 84 40
66 72 34
32 143 31
127 30 20
140 87 35
3 49 12
85 42 5
121 112 43
39 118 39
96 22 12
53 57 5
79 9 26
72 180 7
40 184 31
161 123 90
175 167 15
183 55 2
75 168 7
182 43 13
58 153 15
200 148 8
6 3 25
99 41 7
59 8 5
190 119 16
199 195 8
106 118 11
144 42 14
111 28 185
65 7 34
7 171 209
135 132 2
39 136 95
7 109 173
177 5 14
3 54 7
189 153 9
114 16 3
33 20 19
166 198 9
159 122 3
187 50 8
117 178 7
170 45 10
146 194 13
184 79 34
19 23 4
116 181 25
69 10 10
105 197 7
110 62 41
60 121 36
37 66 407
152 149 6
156 162 8
13 5 25
164 129 10
136 96 65
197 175 11
101 117 47
33 98 4
170 96 60
87 172 9
169 17 17
112 74 54
20 171 165
170 181 42
53 156 25
26 82 11
101 47 35
60 113 28
25 137 8
168 14 7
198 74 48
100 104 9
182 117 42
99 13 11
111 34 53
186 102 9
100 200 501
119 76 9
109 163 5
171 66 369
140 194 77
133 165 8
34 107 18
161 5 38
11 183 17
168 61 20
190 126 24
28 101 89
80 42 18
72 169 21
94 121 2
52 87 24
152 9 18
158 95 10
141 102 20
88 145 10
38 91 25
188 143 46
103 4 8
199 113 11
185 182 27
36 143 9
32 129 11
124 147 3
160 185 11
30 110 39
181 179 16
65 193 5
93 151 6
78 179 10
91 108 17
155 138 10
29 113 8
120 16 2
43 63 6
81 24 4
35 33 8
110 73 75
24 30 12
25 32 16
37 1 501
18 183 6
126 46 43
1 83 419
174 131 5
108 31 13
147 151 11
114 22 3
88 89 5
126 147 19
17 71 4
127 158 10
83 38 69
53 48 17
145 46 12
173 146 6
74 123 105
140 130 115
40 28 100
58 65 22
128 58 3
200 61 26
40 11 61
80 47 25
46 194 65
107 21 10
188 73 69
128 92 1
