400
199806654 120468870
560102534 766785305
718728395 919978368
50534124 446949141
718966996 577601926
497679381 700307584
347964482 114355545
215010986 876551959
126476520 811811401
976267973 116114251
346724924 207379401
887605894 712439779
701712776 340524276
772344290 393597243
995074520 684449723
321329064 613721346
51637014 436295043
572560004 281493346
368924859 412388131
91489451 786548792
797659266 387681021
117730392 461881893
354539108 758084748
709590521 994329949
448072841 965742533
268575933 185815844
13232376 246287728
498598012 288424379
61881875 717667291
966460626 748973385
110151499 697863738
482188983 507083509
785450128 916715433
574481562 237915756
839484273 304486450
517485657 513210758
250605397 720441242
623568560 259958943
359725885 433263191
147071747 999236882
436975379 308210039
98242278 623623324
9723611 148761624
481227702 317444762
561877030 356907118
156266702 378949483
654789443 45234622
17955247 688394537
277154058 110861852
875291955 566883756
723597514 283853856
531609 64452627
378359466 223336312
249989157 620769439
98784679 811026563
240217500 638636545
813243779 797790355
902878877 453446675
654254423 600889814
907691790 907691170
889424530 972115662
557498274 502557097
467330819 862766963
557478651 296495006
240751345 261851597
739410012 792889358
302423790 713474854
157503494 40324145
673207119 436222452
899603185 58661312
797815981 72236166
32068483 763183770
458641178 216519066
628231116 705115265
390611960 924791561
432481799 910919849
614815632 587568924
395035645 748670130
142168266 187267964
183184466 217031014
336230815 242210177
734823561 509085307
732981249 312543808
343053210 597741915
308670100 729264460
274043282 72104178
824107242 28789008
846377858 658398549
116102370 531302826
131606158 722603058
273650340 524606287
838664609 895179216
552146543 56984935
584035674 298070685
405859130 491951587
47132383 734806440
719075975 960379006
308831864 83398848
419088474 897151108
211019106 340907480
65449090 369392378
793232053 992691562
183589504 202276921
601152882 559090264
781102506 555299993
123695954 667513365
280780704 534197919
145398903 892718928
130176898 875159493
707815387 329639927
617020983 799128678
866752732 786577875
637705613 4057980
17758828 150050674
927778917 205409572
851042423 549517397
990397118 460715884
656098444 724613076
214481412 767143599
892774358 27393872
581238206 404031621
340977290 645741890
650599872 910662277
920790521 615732695
888605864 594507837
26314481 427665575
326464643 163544456
309298201 486633009
342647295 17765029
249787680 67529160
845004764 358318762
633294334 127434484
183202634 769930452
299365167 802794732
727961242 492863737
829079357 467615030
542086961 686325860
508416469 51260
76251322 719510782
886755349 171628505
786039300 975164449
903603828 559780499
931747064 144729369
980771306 552814383
420295691 127391448
464797975 198344668
837834185 863612056
117949954 606853140
712054475 557573897
284310422 583049960
686559324 266856497
424116189 417250206
295759787 804721117
111428345 801682390
741507905 356131408
173972974 618818534
262405993 470515817
450187290 429411307
386816025 922522627
818431669 265572881
641693172 301406100
794319682 749436051
55275324 480624054
678738532 282388173
538392205 505973882
200930722 598573883
344659752 176689066
303169733 955496533
801491655 312712992
423187203 933766306
573508871 95657030
697181170 68444093
991947910 541271496
762736894 528972702
654673568 45185316
292770927 338905559
745727705 213056110
232746676 667634547
952401533 609196475
537436582 828811217
884949451 483036636
444356399 677394345
741102197 537382332
218481706 686585352
966051410 929321946
573233695 203887701
86116555 457075825
438366878 551405620
636387132 232715279
934991587 566304138
117500647 710916365
778071858 298731098
631641601 261339892
725501636 916235851
116417623 34868495
86769928 773770958
653849596 401368881
963576318 396222206
276662180 20916618
777737825 402598596
30696220 279084245
323301781 759830040
84364991 235610391
402853441 763765100
950628467 437948874
647570204 58479347
920478900 123522102
386719936 304711289
459789044 150191144
38477565 852964431
585225184 424476975
298804701 412593460
584268524 302751763
424196865 389108925
58683276 97745258
160026485 939646044
859625708 90241933
136925685 780217930
18122429 298315489
939337329 894236767
571306195 600661404
680659754 105756770
93868528 603771714
526708212 733154195
691117990 108569661
450370386 925200692
600833320 42884998
76143231 637019745
393505669 146005048
243400437 356881729
949263220 833194830
137564108 456489018
806700181 183056151
554467304 341056955
778652366 285498572
863502436 654970484
759105206 439749467
324604515 547076280
62246975 481683103
803107933 657173358
47874191 938058145
927676609 932701493
658447787 243543469
23865052 800254532
886610334 23830137
652130863 182826426
502373925 600113259
852461370 147337221
399336776 676847315
236783496 573612913
693910396 907907172
509069301 577449465
678068633 589385781
201988493 445101431
211219944 656111295
423750028 442466826
990302463 153691961
343013993 773097015
654012091 326766633
449691088 683150672
795337764 520368344
719627152 966428701
497599069 855393535
567353817 898323641
599446276 127564659
389087370 941511382
466714091 89433277
859648291 212028352
97544143 695233268
990652518 251739592
83441326 26335573
571638145 161492247
942491694 747025443
462345444 362124138
748273888 335016957
661746031 909151642
902601528 715288417
375229722 134475555
268932493 383057835
307396450 296145818
354792929 724830929
183316203 208732649
124548525 391824795
389072560 677645090
113753195 725683182
994238850 865236184
867786582 754097514
213176376 537237171
835231676 595272390
272053512 440194142
801159503 865043150
823641508 52920288
919347595 224654849
201403585 292683487
528660941 160575021
711582698 859055974
158267519 936370274
196224480 714491189
700977316 467657271
634993910 9131107
61430104 791186264
359322639 215471075
881176227 639739887
303490284 815261748
925812403 922752821
107858901 113746566
664849794 488563989
159205963 137927119
217551037 801776171
714030541 352440989
453800569 922454674
467523789 193559087
657277296 524608089
116389666 409764439
749559045 615175643
969839804 300723402
166160111 364251261
897737610 175530770
832907083 533886379
579024349 612961812
351810274 190763188
153124887 426966995
921989682 983450185
101476466 126464494
592020477 551529928
660259308 658333641
303844125 726832044
132946768 938709761
721655457 266028241
998052398 351880588
136447333 544459587
987520685 886641688
665105342 494896034
761006560 464167337
717166435 760554230
838774990 999331887
561592389 4038655
209677839 851367056
451342812 312795633
26159811 78555324
813968863 892094250
972508307 417164397
511484796 547265415
18715730 36145809
682362785 351191903
953500172 566884516
77112235 58401647
275126309 432673086
90782774 594326278
989003985 751450810
364341848 988973718
815712403 819101859
294692713 226946336
850571788 211896152
164393561 966021641
278705772 72591765
920873363 167530654
709145963 337407207
467857827 212177265
196309456 906859749
683430575 596311193
458993856 865544439
219875653 187477932
225774520 421657922
210762796 586241477
124316063 565062892
429559878 814390750
658650750 71408176
419946565 705332513
925087705 968454802
403653431 218702993
444671605 58572296
524461144 16801424
897954710 848501217
360464648 545041808
225933917 33924535
947439959 714182265
922903859 700104317
565632236 881879721
611320324 396866056
155899556 442070074
962846880 808980072
292029710 494087298
91667972 102520260
173242414 500302262
232369950 497105867
768594925 630139141
514982886 604137838
36758251 358699964
4279240 911495444
507738019 14388092
231509884 514479231
273780477 719180098
437040577 793298528
484646879 279844509
520410934 423186072
87299604 934410352
563548014 826849691
428597470 518695630
693461128 265971140
