800
239058366 426836837
857115018 597030961
214615616 478195575
729994597 243469676
713670101 189556851
769203441 83673385
849340359 709253272
786902194 52433950
220283044 673066355
848625119 655712578
943718147 680372068
758246900 727622265
951794261 885713306
341460104 164572557
721523009 480915565
370824293 653295978
2923421 904951455
470827331 240207685
319529983 522930199
804428898 99474067
349459760 15912185
312467684 771643518
129031373 762982575
952879004 82104822
534043381 853302256
933040209 797071190
243016471 160142742
664437228 293442221
417424557 363177857
975739749 69687670
349885570 739447584
145869249 593799978
949647848 621445923
494250202 232117673
705588181 89303672
200980563 930159449
177609279 908957589
535524662 440578605
567191040 810071730
752687143 621209651
328461073 88070041
502921522 166659723
655239538 791686051
712177248 67250762
988028142 310464734
915909363 678301662
853957046 106530843
575051904 544378520
254809589 203003
517574489 857767569
468045213 476937841
275004742 413374270
889613216 851939643
721426181 729202165
738093052 485186795
160626936 360195899
77241213 887502598
832180230 708452023
481173503 685188690
472567752 373123935
780452788 516500877
656356822 821351274
404578080 433334272
451382654 457200
38031629 868377019
410344563 130455453
637304138 689004135
823004144 14041134
215473126 244778879
208097461 277841884
328554886 102224776
115925153 446910271
83198459 985561469
644683566 922556332
602625839 464657025
101279614 15092649
537637004 519487272
15635662 744762623
768188528 279078834
110016004 260565192
532165179 725435918
123012336 268125652
524206669 869376504
883660792 14918778
877334027 443724642
715735652 907174252
733678107 338907006
78095966 79827121
449154887 589807978
113810449 903491037
634745826 306853132
612031207 156332071
982856657 146930928
350044869 118633789
91085960 273053713
563542784 973916117
201722524 36259797
495634665 697952745
415110807 908146044
571034103 121575849
947384108 901474163
636949305 687065827
704894739 315326253
916859587 474565441
394341417 60497352
580765187 905159168
549214380 937462455
343043676 773005241
66223549 577439446
93866137 748280115
736388930 531784083
321727516 769166366
655147234 756123215
934876689 344311500
271142399 678350375
194776960 137185789
442974858 799669562
441825315 952645906
278085006 481867687
456005478 315705115
437969688 733094422
519145674 972937962
3390748 494546453
931954174 591195031
587932804 85308916
985066843 813511021
844989960 114746808
779459998 402810269
240909683 816887135
834238404 727119918
676168788 989376416
784361549 825620817
341449203 319837147
64664986 919453246
844786602 678635639
393713543 262806102
748424550 574423454
843133275 72491800
633090406 919563811
517305937 265313750
529472606 133287807
831047214 438249115
793853265 744563067
958932447 357453578
343638118 488072239
985141953 534577597
795217159 695387701
690527419 649440215
614775846 969777343
835215114 630318970
805863638 11228127
779795033 626483153
145703172 76788588
573412489 735570647
551486821 96941626
560224769 700445333
402595953 196589342
90941648 158640904
828838966 915237863
300606487 765126911
127066336 345165519
657954672 303062799
710435337 576799599
642473510 976535759
548657910 107805542
192353127 140011005
847105366 627399219
68275410 263822694
103182335 975987184
213914165 693878746
370353169 820695105
285484263 197517009
319427876 976996033
314698413 603921777
988437600 414145733
412075299 229867916
57833593 300955291
739764426 756274759
357918000 263343964
700195225 399968887
171102752 924736742
161230982 261900085
403799924 52097204
527097370 441943600
471284835 418361780
831921315 523378875
29213101 118636248
60141404 810500060
907026516 254280044
159261794 996951193
267285053 924342540
987797004 754139062
788190261 180607495
740033245 769528336
818283888 388989132
42180147 308362787
239462476 394733199
610468275 365757662
650860597 772792963
492027054 259287347
261312664 265258850
57764165 332349571
113193014 17930904
792973747 505445031
824266978 360630758
20649228 946969211
568404698 482794897
781310069 882737122
1383618 104644831
992150902 97485071
997997311 827909727
553217418 587465862
883374840 332528519
350174396 209996177
996875380 355570497
325072518 623901977
890823851 553906493
441694853 34223249
714872631 881332297
509185334 609898607
912717531 233883387
333438479 458916161
849389456 848024654
729642423 752501082
206391086 93049710
57110053 155999654
360314259 941278432
134949617 930639999
108388870 202022885
688939142 921570414
176863996 406978204
501379316 200444845
354772384 607898729
606115218 768170504
344103294 826591855
234053422 863574894
465431416 530554538
886360517 153822955
571120795 78409725
929291384 315904770
434695606 430503389
768243991 22175178
59800298 995881530
868309751 102244792
75822623 905817968
388464183 454089012
855925656 371761533
422814450 327514929
64087663 368553493
870861500 391505739
160460944 891879130
707374616 622243418
623477573 199514169
774187336 916439348
788695294 542446527
154753254 287926035
832330638 350717163
823316407 878186981
880858278 766450625
840759829 910828497
37839672 443589572
121170329 624229606
267755463 456247077
226703942 101221977
733166919 381882962
557141492 950110021
151907035 289767886
286412647 759168812
581214910 22532111
834409506 938782557
913600520 996077171
179158072 878493010
447586739 847226231
95591467 831001836
377804319 311461655
903433432 27872895
308677302 599644992
928717027 814840747
622751109 99387316
695982532 653866780
813889982 28739603
545100575 902141102
747984532 518935753
156121039 498380702
948920672 958524053
215970898 103992921
233688450 59528888
860942294 679287092
773656455 545410210
476732836 446248935
108221780 938846447
1704535 743293526
85583546 565245591
79479251 669191831
392283836 789896827
242100105 915576097
464995764 945257033
321611819 911109056
445594759 839242803
461056695 944483286
836432104 976202938
264474705 106443330
379440476 206476306
285798551 288931658
192761456 448581604
584011932 680960215
12395643 171271102
546449692 572583817
88269485 382831885
163620110 380235431
678187900 796137546
786114659 648651424
555032821 675076764
535509134 343607865
771526299 781248012
3793749 7464219
84054867 138348170
473647817 450817152
335969291 29814180
572706779 366088589
337562678 431366884
55226835 620569129
438081109 454632577
126892207 262532616
281001414 864026837
437278613 280637712
423007395 242646696
63070089 538287485
754626415 385589673
377504590 221663504
933848300 946005620
828594912 841686285
964718307 850710309
915454532 204679022
541884202 520332311
690961941 506780845
389836392 403108732
160619688 319132887
708703153 740661783
885341646 684028928
673730314 305689544
968848945 919447875
595168536 638052774
406916645 161951745
78278958 524092434
718753831 257836249
798069031 110262462
258918583 145902604
507142742 346068278
468084446 296836346
324011820 880781338
281131313 953609579
312755684 681396991
81132349 760383636
81619103 198015466
452282958 253668
23539443 335822959
68401648 863683873
16552679 837919184
459816208 118055169
102231262 444954223
279400861 232568117
898214049 166761220
108486484 527391101
73989733 742865923
310084547 115017113
810490832 616570873
800823190 947746214
994961113 351793152
570710265 122400105
584222431 243575785
743797790 283353459
939845913 880032639
354819520 738318810
279027287 824391761
398821161 559808049
389949728 683165444
738856613 814821277
37092950 585609200
833238618 581920814
695125546 274777413
237449070 278972807
263735453 555180692
140094890 1029358
100741314 285995814
4746596 364124033
82867487 593809488
258692927 243440643
32582085 366519769
499707419 141091445
13629676 968807774
55255132 338642211
898217804 446390262
38282516 285896604
47816630 574501644
22288756 494282346
681178424 34589748
639866942 849687049
403295975 983267144
907482600 845367589
799242460 117360635
775393160 870312819
805939211 955084966
256793730 242921805
637199694 34197202
528832873 616486210
98190334 858028747
636305199 857803081
237956353 411439860
139660880 490359109
347159240 137058880
655994808 268887389
169647248 678578552
228583679 183380581
829043424 289137246
190400692 570321211
608141051 780440969
292021301 151214331
653145134 988884400
699637411 356089745
645777279 888696277
679968358 521731423
425383040 440335018
753248756 849252749
685220353 192819875
259460278 128425838
539482020 763970447
948276400 232091440
205072943 112683374
107181938 313985616
283445294 289340688
907619509 603018219
396447561 970717902
471034667 801112571
180588317 414889861
805288628 575856052
992968461 313229527
268289715 435985980
911155495 977135261
246779438 294149434
592308695 179936836
234825158 745398848
844182477 901550285
35173201 361415741
370185488 64041433
307053866 128374489
398602701 115370056
469398677 461282132
427683002 626716524
133921412 608720166
175205774 416132945
689489300 797584322
229362795 547610657
64874343 701776674
920975460 410889100
985713553 191350630
891548303 306327129
467906007 445607238
833608810 255324480
753998939 942219183
716479256 170115374
181446445 665160734
463421017 822189795
973433979 255480242
313091353 968366266
710488941 643895874
18841317 930130259
850605522 352939976
252898135 58205574
247901338 180292776
324832076 973922898
198073307 816382705
813691805 116889115
487559401 62201547
400063769 44589881
77339501 648381766
418868471 16176030
941425643 778124844
111262879 847955445
633937615 197359395
318253478 827966018
583435234 556647491
293346194 869081764
399548856 767416688
353458729 769932619
18749598 559588467
179675895 431294189
631504991 537322957
901474172 871693259
24969190 693620497
720162518 601290025
818573041 383954085
57529357 734575073
833522433 823930303
374788079 912054088
914684167 105482300
75136487 145551963
529697949 288502183
265242447 273877005
733424200 329713867
574579999 665241627
637606095 477538800
256307577 663063885
935290278 762873753
917994489 230734806
966923380 837137944
296457106 359124939
548698533 834441757
561602184 236478244
379811735 402699017
215345194 992430694
618115012 434578433
486269005 5226524
812844477 775361292
116725898 813673246
291978552 528656990
927450339 143338023
567968797 891334587
371003855 459025098
917956437 979720491
903743519 142862941
579557052 201312873
384574700 698728662
71919499 559922125
297010563 82128361
912755959 90482596
281471909 730237401
308708312 941591445
343093400 140493599
61482712 320477717
248285042 388823135
916399130 727098484
645186478 220839676
751615640 55845693
286441364 419657909
283114085 820971411
441147765 207631622
927240621 664844329
42066264 701458453
847042335 432808394
618904482 970870856
750712988 581810651
982001489 48252250
677510167 521931935
261333131 838238362
692263253 335541553
404609446 774679467
236599895 22023799
33824601 892641914
722019230 298598158
559503571 3040301
601452520 134908854
569690832 14131609
170341399 62248438
938210998 501590047
927845958 85964183
915942305 866110729
524237594 485624017
683735799 75636833
281497364 567072396
579499885 419491582
745814663 324463019
624725529 949107660
241159543 669819242
432602587 434797590
913956803 724791856
574282205 997984936
60377661 727897513
580816577 436287267
867782568 293377846
567472269 392116895
87797731 624594135
266184126 782145718
898113224 596735563
678815248 47889240
479019954 489633502
487236177 347978712
318092396 552685280
582661906 188971056
470123553 856034725
624189807 672083727
941165438 763008235
506849322 389560004
785588053 391385080
653220685 955664054
821657760 218746494
455704168 930965858
615855770 413612890
466964227 587633338
732298980 538993045
93592201 443788603
380748863 376519912
762925345 547271867
394180664 110971778
356366126 920721674
479782521 970773133
828876169 849555236
150637784 223684139
171406267 36362356
168219918 997656643
520656177 379416538
488105258 364650578
67561429 909413203
786858924 964989286
676479412 477487000
352798676 456881071
916177419 469608155
102850014 985876024
415998682 248302471
882990141 966818847
282213145 651020106
648479960 936562236
409851985 230138530
174440675 829509814
995018384 217760509
233022383 690061076
463345886 314581683
218129363 343979563
547203370 861977250
944605417 132142011
671650871 440079216
319233512 243228166
278838278 375461613
629190621 166821867
350326325 33417005
933150337 292116213
121350162 321931589
989954491 966948106
945615456 225032694
608154513 954436421
133265798 575635117
46331042 538650701
653978525 27300324
494621984 138493224
607680112 316715952
941783045 71760666
154668137 119563224
133852277 99179097
413051986 762870974
291607027 736959291
436931191 69694952
288807411 642288448
143534680 627236451
139756977 768002712
69781890 290930473
964849215 822566868
534571408 613715612
898685294 911396203
243144323 760165543
1087403 53754379
211540395 262583877
273557954 97789664
905906856 445070250
660936482 510565412
992154935 83636136
530277001 262819036
95191242 253783696
73794324 242003100
564522486 593156062
653806421 433996190
866000018 248115450
494820588 804397509
702319282 988841821
101256147 968368028
127223452 206374809
903497839 565045828
695282710 185551193
795882007 494309894
749714004 472389576
847249623 352812717
958641878 282404296
144799445 657281116
193130477 380738278
569678509 10769394
183460173 599645802
875226934 632042664
361203981 516304897
956062293 389559821
988629828 932713493
189854803 939268040
874998592 867504368
336775842 469686805
630506215 439949599
499360803 796250105
477794353 487722791
663769101 632596491
88121655 266119580
143424182 621343239
165902354 522037738
106353626 300615036
639799389 849914537
365417181 250407135
196733660 907452112
454538156 20280467
438512245 148399924
315888594 990797817
409294234 125939719
18704058 701196174
925226124 265114116
539868195 646750212
973354044 10407032
771595338 194323233
707217586 174428208
573135362 89136410
743667847 556830554
150644115 573218041
953558379 34095635
212006517 739579505
532981886 910777155
968420309 27323049
432230676 864956951
277345558 104632498
833634651 46869561
26689054 819661802
218342444 796764397
705348709 418989096
146326604 830379371
538145127 804570125
935622606 493027336
329511077 528271759
802352769 91117226
123173297 37351877
110820213 13995159
567306056 835714384
989952977 250566245
454525006 158526573
613272338 481595430
160831374 375641060
493346662 414297272
161780681 253770407
114829472 478078014
89514707 824979692
296397037 973046975
228316678 917839695
195238555 684050080
73712368 436141258
654414259 37957957
526282999 326192216
100246410 303651051
953975277 323607259
691532135 429608923
727888187 621371848
90936044 894863708
859212102 789460467
941798553 863047637
381312169 847750141
601813871 232935162
445353805 359651890
162325777 166131847
962216528 472220899
771148088 854411932
219366297 277606068
385410388 614714445
504396395 843772372
366694829 358735588
565045200 60424810
841312368 622462842
924737695 764938674
926219657 431334067
198573407 272017669
399728590 483225628
363820308 536213328
401228180 990476079
221865852 139788919
513971877 645917225
108958537 961525752
313278107 222299960
935777417 923501816
24275018 719352623
169320443 926637447
98204819 77939178
630754933 834440312
422215898 511595326
832929441 994417503
670144020 709521034
23882749 542623932
757563891 557081796
225637997 706605488
474970099 888237464
845276958 901044803
464194048 709392469
364738065 236015902
940908383 94720229
316928967 443609618
874545862 788351233
279910122 655439183
659853906 16928227
546647345 863948720
822584397 450429557
670743626 698157954
424243016 629822086
658896741 291194315
443282811 782861058
412682518 555438325
159954807 850213206
518322707 348929641
251925130 685095436
575154608 543575453
666477402 941047593
508990854 161707962
