1600
977592249 138764889
250680678 104082287
60352695 560055815
843456638 175403358
482046490 96647168
569869978 394514223
33963269 212373273
152619331 123383703
964121679 394645594
85973315 497843077
135844442 297007491
550241069 264760
735213721 218186221
899952255 512219350
485759265 979299853
2063402 524229422
379249703 129203064
563301620 451400593
175438106 842330637
508105700 437061908
849472996 448099549
143700623 600914855
886017206 984708789
593355598 44696493
877358217 432346340
321114532 62505136
194247234 570083612
237280511 904297249
352556933 602709541
196552638 647954574
755556153 327900231
163029552 702342782
737748816 372781219
373333561 11869603
363296811 812431307
5509355 361536698
734449361 331651356
951690850 288252403
427654160 94742764
317400116 121345092
888533195 777604472
882422426 960873362
965749812 734946914
576251629 703939585
788502923 828272629
751313242 774478818
398703252 862868582
963079934 793117551
927049961 226903568
833300859 774115040
892386195 860792293
721856243 162473241
925353442 332272608
375149389 351807199
809288710 639763426
674925865 34008238
198288644 18000254
203197167 956810326
330436081 190948007
228055474 122538606
366345187 922250422
413089570 157473022
470524213 281934000
911458684 616269075
142482971 561450470
722632420 80200310
285099251 723252944
441066979 999896679
470589762 312733543
104387618 444976839
835375781 88584903
249791582 456460375
135566408 319097040
553707049 985580580
334403856 510070231
566821105 124415558
277123061 710678344
528573597 110439411
901636317 532947461
409903058 747168785
47356423 438678958
875220726 55839779
606904975 1058858
204319365 393835457
456399412 354215315
557154241 542227533
534032071 484640143
253775574 760008634
976334856 556864600
544025720 266632207
543800699 340145350
701904529 283323566
919296902 929697518
765224343 54774678
964379868 819117691
656295011 692501556
965390853 912000845
917255556 22557622
284110553 683829113
4047917 420075714
259690740 885092537
397954474 255185580
765980204 453484512
913461567 46165727
857099633 514302031
904249883 307396722
990871683 897336226
567515494 122728466
489229893 918194442
746495181 397525950
226476014 705035353
948977417 756978283
235112650 719390689
849152969 47121415
360990526 513472811
719947935 362650306
947273236 473001245
350902121 382700387
408472244 609823641
638989791 759580886
89232213 290353220
329573723 109113964
64595427 592912382
651461050 179110231
736947410 667279772
95073596 662680970
631190367 554670101
68524037 990682616
743340954 531319589
407230668 573627787
523769408 230842125
753022921 320769795
476311635 109066051
615870233 609747515
922149394 530466009
477959006 791258795
617547231 777817994
105678723 831030852
890160587 425802525
799273203 630771441
707081653 197062518
118459153 340615853
238395359 856156791
221226795 646350670
298162060 624747692
135031999 343262011
439256180 737574649
282634294 614902409
623388414 525646409
528164602 466001208
686847841 958626401
336859009 291722580
586520399 499670979
118473804 35406568
777980658 864163527
395150373 467651933
608980481 802212256
41508783 392637526
912211865 901491688
97863974 306411242
976371292 621969833
829301128 780610971
476925972 636924462
452161965 722042296
939217275 317756486
524616018 115715390
235721481 923627061
227184424 168057923
205325807 479994631
387693445 182701951
54356088 820722036
695438860 570142835
422790674 358216872
307660974 618290635
516191752 875092986
504518383 30177365
618574540 398016668
618064693 448767507
978188631 274558299
55358029 314774724
126125575 664649813
737102494 375503589
976037862 899784224
161566318 828784881
248100601 554984165
266325230 260690540
577141211 92048701
845353130 75588337
775789911 174245381
100107857 778992453
71929996 734519328
168944638 774438045
613905970 786262
862612527 751178374
736375509 878287794
554887654 874886452
532349644 336634588
70421631 39996308
630992868 83090993
974166963 565009985
39473665 525926532
253514998 927859776
602220462 79083184
903184461 941872470
29882338 660443243
566616856 738806420
673194487 994318896
706266101 271158344
300930622 609305972
616473229 265796781
562514182 525292967
219680209 750359842
197909956 747141668
338518881 355645857
279613260 531159468
282769780 496077001
425960474 828253732
428535987 870132109
615632416 997618427
333536421 465637005
612147160 847280370
303412428 763153251
402509747 545464882
86336658 834858559
899522579 197048102
508568905 597647333
188737578 544317359
340469150 659449089
896343420 130990056
443013471 195199083
802184308 705932924
97886520 191500488
759020122 31057737
22210832 189251508
343447028 698166687
404915813 595771303
668958238 553442140
611888158 361071909
111043549 853587482
498686674 342987870
858357600 293058129
326915028 735190060
239625222 912349891
813874099 394060733
402687917 946155211
238756673 789384629
109850321 680889892
215527339 443230678
589066069 883322461
458707995 904327536
872340076 58498249
637551539 857521168
728442595 559786998
706985545 885574946
835190856 848838152
959007859 342208095
100888614 660296924
967609079 948318283
411929440 405618883
630970255 918613721
677862559 976525022
986761454 873206201
511282788 644531428
498435490 609777734
354382349 395918919
95804948 689295299
488210469 359737971
540850001 553586489
275170232 249316232
669218299 10162985
646010855 848649673
602038671 922281180
469067913 579768078
899412598 843718548
247469082 497013190
480165816 489824825
81053638 955844624
860943845 724127771
302675623 715793399
477276610 298373810
266727793 64872
194113025 111961801
116527857 85173894
331409997 431056990
311835762 560210408
628582200 127665481
341568276 586916921
114504094 216416705
960037962 294622503
616220074 14771641
592694862 101489088
651230951 437560833
144935698 243232313
112106678 405800512
498246649 228933242
613088163 286622796
214705361 397717092
173450404 508130355
867936345 912926795
336573473 689571446
876200063 173638827
620805752 175410711
465810227 236293505
303271007 678182290
496316145 400118248
630636612 503914414
297999814 743600429
351219110 56573365
563382806 526632745
496279771 222627518
646225967 689010479
594274998 812351827
299333009 252063387
739658218 910578496
427113686 799840279
979696113 604629701
872171180 555620744
574245438 913615608
263868929 356514837
763029868 112271641
51175096 548089340
204755403 586591631
966427549 72933367
273937748 872769144
361973685 616144433
47310386 418292360
228017147 619108119
48539717 771969675
581886540 847153855
25440011 455373651
749471843 41114155
432266776 716588312
678378725 110881862
163438581 603018360
778844852 187628107
539092056 44127571
672945223 918063952
709308430 726940418
190364502 175256534
921096340 414107498
652181764 755005942
9104450 137933374
834953823 310225009
476234790 456108283
811984762 227221145
881885921 586224360
94292664 271242262
842165145 826514919
509060424 990233369
143580885 638868954
541864432 115031842
796282568 434776126
216570240 559715637
877915434 956977411
556131013 906325973
997336805 465020492
299022069 236377378
239516423 136271043
782463818 448921570
222972860 395616497
428525584 124696088
768711039 346284284
934980842 625367461
91413888 390713510
900411082 729679736
52276376 422936730
394495233 779772751
947259301 875048389
139296290 302814154
351579781 979752781
8915100 275168720
582636970 619935247
354277219 33046430
745031840 94160164
937350159 532835366
646230791 940142442
846644970 429035902
418535243 763309577
870876232 925258596
185200472 619138771
466707763 566796701
210666716 942527099
487789954 614105415
257618849 227157340
182337284 148605873
589132687 414786458
76741298 37354974
358735248 959403309
915136013 232923384
497982558 834163837
649591995 920262701
8142469 804131021
307989051 373933497
642688390 412955953
382548249 850963862
128154595 463165794
43073991 118324910
496761205 855838268
248032586 479650854
12608150 654956237
798480255 404290567
488365819 913157696
128297338 594159887
654975359 473705189
956242183 964399485
454646118 291655199
215115565 922635358
474514010 130957971
203240743 4770806
240156210 346550032
445252042 213958749
801923224 57931846
55283496 130164020
339732110 38439659
656136951 171574753
403500074 240862083
235777270 528012305
475644373 691216053
512354795 140462896
656286232 276355466
61308080 517615101
348196421 345110924
133660416 273052517
681171599 584980980
784392821 170969932
538534646 724677834
296188963 616753390
180857910 21227162
408464854 916117358
643992358 428360827
393835108 578640390
915281090 321828286
33012663 215851789
444037272 296991644
437577132 395815561
715754908 200229853
532062989 849721796
419014778 748081687
267299187 84368287
644648457 331463487
914430878 364991298
989337767 501697790
496491218 241571712
190551515 911566787
728387833 356833625
610474211 299954694
970821145 801574365
479617689 709420240
135673099 454281934
18351858 303444319
454601370 429089531
696274271 528753682
627220326 665376141
764009241 545361738
892737960 539872079
883898462 306242477
436991667 906383526
165814583 557731222
927066964 219531526
93296582 525928955
461455659 897206738
422476801 908483659
698866670 461680905
552823168 818544297
748535453 418575955
296069453 963027761
372579991 808028906
41583677 452252220
139929263 444244357
466718896 211257828
361309307 852201262
525713889 613607718
303775684 971929505
513513181 700935124
275388824 287185324
302444347 852795794
882999216 72917541
769654649 933922782
78828338 562355648
723657467 137503254
594192528 45326441
104787761 374615275
659534079 814059047
834041203 747630904
54479639 215132173
308207388 192762518
716529339 770980554
893330038 61786565
195179355 161463165
986807039 77777857
661224776 302936807
351661058 696437621
863736182 93528179
749720448 428377832
521390387 756862022
729889576 586322099
95620403 321287237
956641408 69747330
846890829 681227025
248929577 493752187
285491212 256115316
998762760 595578209
440576096 464123149
289563541 701635000
971980024 410356682
114312960 483305613
225213309 750051848
730221688 168152916
809430047 13128435
69909789 741951560
54600099 668177396
342540785 448159279
363682436 3137043
326528906 236107290
195813552 954351580
79195973 320191009
945136007 118122330
909972012 49468249
948940928 896435702
921224593 104787597
795892775 515950361
270745624 955878945
761962896 517936160
121789074 154432105
825241386 808954905
99594039 400807400
243320718 485722899
196695505 821251427
297862267 422402924
388989765 855140617
827681253 160103059
959173457 103043377
346267272 17937321
428405419 309190555
733121069 853553086
30568455 725491244
313596655 745249894
64404030 261967345
921858748 439848987
740375916 133349652
520860322 882915595
379368425 788841226
620531638 685823101
212269448 22057855
37208190 274454041
459531947 678503527
928923003 849154289
237408 836091134
607527553 140259706
871810268 849597299
84270223 243319042
490440993 865930278
312606733 99111965
697609634 542418794
957947934 252649015
823678814 194482816
107588433 735644987
306313981 698569349
617679028 151033366
642075392 837676876
236436558 682699374
179396492 896147149
638465320 544498403
877737733 693231391
512209690 657473076
33735338 61063372
369654583 988147586
459128237 25775194
295176642 887672412
40304667 297567349
748255731 295438983
758530303 347496197
7709476 282244752
158328776 622975729
976295231 65385072
353344049 640044988
992157792 291963597
360663577 592629718
884692900 37779851
107873301 822860258
339469820 335102376
800239613 5945150
152003825 392855635
696344031 443527071
779279342 135042033
745158699 517474635
857034174 385930245
588222252 425280519
497225564 985691734
808034128 621457694
105960929 916581098
874494501 214749730
87483509 957961088
824896070 38249486
992704070 859123022
550434971 992041097
280759619 271287503
742731349 430672261
382846265 308845726
389997305 403931869
678000285 826892580
944510385 2296121
741162185 869289399
381814267 278502769
385529158 536386238
478634090 24288091
834815871 969457655
774009279 776369025
34060904 165446479
977744402 325495078
258692947 842512998
3095395 748883176
82242483 861012481
786982463 973496493
178922793 140323194
365746724 55670910
632239261 204228635
809612034 489128801
733398815 311046206
543593455 17486766
648696948 961104923
932126065 961298886
130501741 227644730
27924315 153061471
47832948 587213376
627081448 524690913
467129042 333915995
161002523 73116634
514296952 929932658
889960614 645483714
623044841 67952416
154215574 432994997
630760757 338949579
75966317 373019098
755403225 654664584
564307491 397711279
994333584 894844198
698304149 172818858
570300879 152960240
484373865 746529040
698383321 337084164
507058508 33912021
171430348 80249455
626985076 94659449
559135599 868018481
172874400 105085600
316836180 425345017
233135400 643783316
967688166 9448833
559671778 470001856
853953553 805472065
436526404 95718683
733019572 859917253
685416447 750567946
958638847 406391321
996267934 71187840
345340044 542322535
149153626 320902445
879962841 233636258
380409917 958410409
21396368 82966452
525891039 726743061
701164976 722812359
265319712 791814616
384743728 242847388
206064652 231184368
43275370 746207171
775102321 258202194
412577963 53404355
142691156 493263746
232733311 488644404
850963484 84343761
627871525 838930211
773541560 927298938
899145492 476487885
816487821 609916047
267356472 714588591
279745414 718979519
875085699 899352649
65646761 569400081
555708849 812153949
783968104 476967852
84981342 219871458
429357881 329042259
896578581 633748443
539823086 128417432
299792938 339319912
649022503 460288229
183286389 905175571
538041723 179117650
659484117 65443804
842693065 561876667
379040234 354129285
305051300 43682697
620959935 892558851
310888380 611495183
889765685 526168017
881929452 585931610
248580899 949253381
318560945 936266836
56843868 262001771
817876654 368842661
968228708 769141561
257955727 242555625
363426327 467573012
618023065 764420085
906148080 784333832
102189043 928336579
197487480 826189436
553825882 470547047
600004412 213349299
462511479 529449410
793111544 747654788
957016219 159168560
120001765 816246507
128588850 661230235
994762062 176703066
108062720 340157093
757551838 531143938
788057329 434994847
224027449 790681443
567479432 156936731
529559065 17315406
358054949 28768420
505341012 628701764
364035098 31421129
745803024 361693859
227703980 146444154
907924172 15119961
777798196 616282217
244373977 253126814
34638298 617111408
178285634 771891627
4231950 99497869
175847727 180299156
601194998 860200541
581860149 115850315
993490511 621410960
554323686 213857442
815517521 631803556
687497170 829649004
541522091 930492851
839577326 654250066
306572185 942562623
152802158 719070872
701100996 307652596
556547083 524004000
676312462 293011783
884033760 365870613
883816148 988001495
381759027 813398648
923966147 251593781
737485480 680145509
110398047 860504207
321384557 108966096
222275356 968889512
576094534 184543354
40090296 623542175
822667239 527071080
469378921 974954254
522237090 786047136
38527690 904684000
319348725 797727150
719850284 359205779
73116516 624264550
546561268 430330933
342212681 692377193
675539544 712417367
153925475 942897592
888852174 823487777
93119552 428585417
400675237 639581526
302426023 885146068
598304048 424962502
349676075 868190174
28875311 711173545
998983928 482136467
24063116 386655311
376162477 71475933
93632722 703497526
278901934 531602594
255770456 455552493
864012861 452103101
372840837 642432511
364683584 707354002
268330704 858465376
34145474 972546646
560185212 278754135
739461524 326251403
209241132 122788232
715084068 344435625
204227259 927593785
631313014 680853431
982802761 546946307
800018300 157437988
390195464 331476239
367948207 172267004
88032926 631342501
698631571 149468988
397369415 147559592
341311410 716891733
547993207 73437564
545248257 982751490
316312203 599760121
770956267 85444485
73020782 539216171
933153785 275276720
621924173 275975161
872611087 544579471
659119848 959649046
511172022 602815177
172158053 203393495
245842732 780659717
399220284 461995207
43498377 41967940
674028981 408233807
529949094 783992917
484366858 705370456
89025035 691355828
595874437 807589925
827844657 638520846
636837546 202712764
120191614 866902271
526097014 331577351
52223969 256859214
563243184 174377023
308347054 385321767
234661248 340195810
608694249 864491750
476103144 287171974
286240879 752911756
441003629 798344655
642696500 1438007
598711440 452262031
172671188 297792627
391706092 67566106
1256723 204020129
426366143 809252178
823987266 467103974
52255046 17322103
429040407 937864936
272267029 94066149
274896319 506515724
653999997 801407548
880888054 246032775
659228783 549648806
137274799 440553328
821852642 623776788
273876902 462992312
903011933 786922207
386057448 678234
903806303 272292689
94942034 378697197
142744638 142114275
719278127 853021878
575812421 307424418
480993743 697979581
587605713 322727447
153074720 178147567
853679579 677207252
505144813 583065261
189556823 872023425
686362821 302938182
964419365 13810052
102448939 319511814
225905995 616848832
348409366 172920845
373852420 466405729
689395786 252059184
525250805 257596650
68560621 309042439
788268416 320627488
420654441 298146713
959063114 339946137
938398500 628879909
222326143 87222888
867943897 447626320
980681083 767769155
480492899 834238882
664775172 109688356
932496373 411413717
920128546 132687217
942777487 885721661
156055373 452846729
967618030 27315325
673326770 651578644
933121710 673674157
952477411 684429599
955987041 133151330
727698669 814213772
830683229 738501719
952586842 453542592
597435359 965838128
237551129 936745225
233159928 328883282
787656364 557571607
214160251 840348178
301812177 549087499
420013421 183327081
653546632 298933009
727524197 165735603
599667335 561594642
569331205 398483737
760958345 475810023
643533448 429289386
245159528 517446892
340720154 557401019
283337634 743845448
978570174 956109282
620793101 433951534
9439546 210024667
415554881 157463849
629967191 721679654
877754757 423721494
37191879 980682152
196009577 801805045
622140113 528182184
230887632 137167462
652374788 99076595
553867263 369628490
990470744 805423520
260480544 865850110
977485787 222605703
559933899 285804159
521329072 268166606
304930194 854654565
265422057 209557062
390140503 792043309
929403355 855946498
776271044 433348712
317198512 754644494
138041675 534290539
514073376 473212990
825359998 897177313
858862048 237766512
57231029 243139021
434819908 831587664
631137660 746212894
983394500 830922920
854680683 418144173
952225244 277121387
145992075 666214165
890741485 400294678
715101442 809645279
983318930 316639576
84649790 180511821
162149649 232211412
966144776 738444346
519008209 765360317
461306409 746089997
71929947 822814050
519673809 479395090
832375559 815361472
963162789 269020518
459986970 444680518
872140097 658768445
447013880 160228405
638601863 326920636
691665077 134745735
22154525 599743920
76408814 817557522
151494659 556442249
352013313 812634430
850360342 403502706
691828742 893753073
873754493 678685831
661592909 880090905
847878763 610719946
701587532 266934196
611551492 873466901
997488738 562945925
769391628 40904819
566295680 653984214
825175599 226444272
442184971 903471627
704488626 891767876
917492055 15426736
424038286 827404345
345947468 32447304
129741722 614858368
562077429 841050575
365497916 425553239
382917505 87713944
232674513 403117078
34327430 665287194
291330103 984013783
8843766 968336398
459416222 208640579
494021239 713152724
653102196 1705212
57043716 446888621
301161418 500610485
296703167 280097670
616601147 408936670
635900767 499722858
313381866 884560520
216500087 577050482
385814931 686823647
162577645 710809476
735795819 689062259
22804609 107844165
644546284 554867106
351888408 11976703
416907343 809763042
388588180 410138439
109063830 163203912
555856515 677956378
755498518 148900892
147836387 408171669
993449182 786277571
667118646 36032050
118664066 834665537
280024864 624697990
876648638 177818693
772562591 243580132
519153093 679099118
508685413 725414030
6232138 982088117
149841085 413641065
497625153 942362537
899003261 353286238
531722312 507026432
469270902 399093947
237904302 646428500
394995608 508708565
301629345 304133915
504102103 546786592
769125150 589525628
337527711 126862099
279470705 991224981
862706061 81471166
393538175 766747174
248142244 655031852
93393165 241876023
872323982 931287926
438050673 900134581
663647100 249699762
213142580 227710390
291851832 506090236
465113099 16201404
419365469 990955773
430023232 941661990
182679371 173528686
185197224 356039771
258915341 594395607
609046417 165811667
136800553 659596326
759799457 603424600
355780229 921352554
683520092 408901785
199387020 119557193
710719919 393163564
242808637 35014643
619243872 212873589
539598947 407399315
473704897 521291609
751755893 259155149
563778499 129855127
215279217 445161505
41490855 87370657
72275801 74258957
617609837 97576559
511236754 993432925
915691428 461081961
779442871 936447606
247267967 861607569
184705948 397492532
546992794 871060681
138615870 90859501
788844382 207717533
943479873 135205374
584186978 635665652
773193253 501811550
991007427 700879432
600432662 552132322
332135741 337932063
849405975 532835427
39130904 57834113
656069310 643966104
481826531 417964316
505616969 38830696
537983901 419924563
956304150 284806833
534203573 693157282
50666604 712212255
754679973 669044496
236116706 629600951
442347306 966687535
502585206 57995674
110207605 10260062
736838922 39291306
955786876 78140605
923450364 869556816
197715622 252635635
569934419 423948542
497485711 438208017
513443924 137607838
847835749 902783893
304022257 570309072
380084544 117587958
272106885 724563444
483003005 903384431
817364897 451371989
8480025 207273103
648376120 776924084
423413756 872887785
59382644 454697653
742186375 888567396
789627230 35074329
599800475 110149403
236277149 395125480
462833259 975279210
515165506 470819276
59105343 551335257
663825677 747061137
740927255 345612982
790649007 7465451
440188408 832070469
426879386 413549804
414177494 234446915
182027980 479764326
151047637 941702675
517677446 26799894
204489385 849818255
875703260 323148094
65583273 128956807
707032945 594994510
55537217 89364774
865632801 943559369
839484593 820966863
300700536 230197572
729474124 707587527
252689046 737269631
108584175 892001618
157680333 858418806
416247751 132526093
954032371 969157036
157012520 926427463
304882682 757908949
714620725 789900686
708331006 91336289
395632796 853747742
35378137 5348713
584630998 88763082
649931490 322426529
275695122 875050869
526688797 220132045
144161996 943022392
710333914 170401296
379862916 424999891
261547787 389663565
767010723 512521302
880394705 456116318
448226296 717745278
506974940 228192131
574618391 733266771
110529326 290083477
376316830 937917643
209404046 330694217
45315274 269784587
297654469 632025023
23783816 449492158
4894501 854259263
618674557 278079721
617563021 575700520
599499719 437706294
457629951 126514485
13805051 714209364
48881836 437291879
133694761 914925609
234833324 782145080
814488072 497936992
79172346 920943403
627497191 364453481
134404359 713522348
321966960 892496013
996602649 586470426
605546263 609785249
714381076 195712533
269367448 246592724
53269389 138384857
294825130 327085326
375623274 77215407
907555959 414299802
474269384 497428047
708559963 856410319
38125474 653042781
973411668 918109928
352673401 484883969
439209292 203963487
652404632 137259510
254453962 175982335
904370427 31320153
622505314 438417733
308142537 596175116
469206488 85496725
339187867 589222072
302281216 720513511
971964408 720877603
343565079 829133643
907803549 905858580
337741344 920793810
669364788 354218032
737016501 502424754
284115138 576594217
625085134 328821516
69078681 492032276
920584171 850049664
590471083 121791847
433552355 554643190
256637599 971887699
836447584 174602192
53276668 973929284
456341019 958004903
331369888 54677747
925263755 431436707
29225740 268258473
476357972 500724793
155581106 499810625
665110807 800608948
935647481 830120923
140803904 735517924
780997165 835183385
933267617 139339810
568558216 814880590
408301155 451940907
417554545 286737002
9549056 54784306
283679961 926997229
229529905 819519712
293972142 157540270
99501134 274079266
772576977 582868986
261058510 728697738
515621763 976580770
298923754 103185380
888844565 332272203
196066323 690574496
301478745 886879437
76705669 945198210
641371832 120560076
765357228 86891271
606540627 937261147
761403427 525136577
59986711 102350954
486329675 977768567
855085062 969353425
353979727 17122941
109370954 36000695
375832936 983982914
8993329 342577454
537290722 118286142
369504682 739487532
124689626 891566208
192078409 211076484
163823530 501921092
161556072 526845673
539745723 53057891
691384432 187793094
156417755 568373134
453116 349854659
811516165 944054701
254042263 391185972
165778904 747609345
518231573 511209350
414373866 786808768
533075069 663881781
412176817 192239298
871589111 135109770
629177273 167320740
775582602 727394720
981528340 682726478
868600384 818181449
101020899 358988713
71787247 360592538
870304182 54958560
510625256 758473090
244247060 231076552
94774273 999621227
53560003 184653140
917368045 703875421
845279547 847752576
354059930 227980171
128547830 240053775
997921137 738744690
788052011 152553705
101952140 274688219
579424 994514394
348267122 272921796
510758328 461244731
464671185 749144484
889177879 527142691
97314108 463545675
229500191 770821726
855015965 806406194
330751165 413123837
103870508 591508725
189129855 804973234
965754693 663075963
643124883 141976569
62491292 283764387
147537268 879122755
409983510 601767067
833645865 734433720
782246265 990699720
217926318 483410065
768498570 343770736
616229305 234238733
20890705 530753221
304166800 709723122
296810268 865927619
371965085 239030618
657622996 938337780
588994022 92392455
546593597 947905645
471604288 287357465
589490815 894428414
58880670 274667632
180927491 715494431
71355209 51631613
264184568 84420544
469187416 20693581
472460156 947971896
71407807 240765973
837299575 365834647
37129507 236923421
817018948 128749206
384868874 324839768
657706803 23175378
835029021 991975741
178222424 8656485
692408435 881022070
712252786 564973910
960619441 577996705
833150746 773127578
114159535 560249164
685767400 530517322
101982778 803047873
940845534 730387413
219866662 492305031
432077401 83310292
753427591 597940494
70728292 737929288
36758191 473514327
869014805 90636045
947563305 157006605
353096569 314711633
618719049 353624257
159844151 745694938
558853930 251998029
529084511 167198222
761239085 551400047
423817048 280795359
587885429 151787121
566155669 436879336
288582280 288777633
387014837 766946037
641308281 911232711
652136078 580642305
747550643 44911231
66017191 111530229
427295459 624327126
643920782 906350929
301455468 955887832
892191909 513125414
280143124 809497458
865534342 407867794
957546328 610778153
184828879 893409529
441354010 837598193
564308146 764340524
212367957 200664032
455564874 503309093
193877755 978869919
999494492 921007051
164227893 589286379
287333913 767161481
156441386 792131969
571586291 769833812
213378182 325227381
558719213 446910567
296499218 549525351
40776447 536870003
887531989 352574034
554040656 844716905
431134546 148341674
740443323 332361415
429260372 544302980
509561334 681635585
322479347 511462309
208398425 880425856
618794933 702778857
204658819 274685233
99345417 211703413
219885570 483418447
334139633 118449307
440966160 921167549
440412926 751879180
40405802 394242254
799231886 128750918
196790142 42491943
459417139 482098875
702928214 840533540
302821927 663472176
252321731 693057788
155345940 703035370
36349136 862729933
799642348 320951145
251220124 285947513
888434708 277886050
773042616 633447273
345533706 417442508
120335160 957484430
137554642 365361703
757786552 81029059
683084605 335891067
783362277 734227605
822370821 318887548
953357476 462097692
976150468 793181393
17014801 882118593
132910187 190234403
286750126 46263446
491656918 594622910
802835257 305969108
660687950 594480700
112516841 244221922
761995074 404516831
395938005 88497089
642285779 245883126
867779554 166918301
393169912 35230033
68935100 213384029
267908435 937781415
559862076 905406612
711203254 549764155
982295309 355266137
450722085 657732765
423089886 344901696
639121736 384560274
595066084 425445694
535136174 37633029
766191648 218474183
7838033 396127454
589606262 731294708
618208701 494905217
824171041 653276846
87179319 963499930
194660717 623767528
198434280 695461001
487028828 890093588
968479468 577851434
176797108 298815760
21130806 289343850
738444648 322364445
745562662 560597655
343491802 855061321
821481052 72504971
378575051 710191191
603806999 333683845
469110441 156463397
378328526 246735305
557314116 645129789
127161114 971423052
738988002 805604422
177051904 820870855
882649426 792929493
161088579 84799925
622581311 532289170
576969080 162668291
230324373 714508734
953944980 44836466
898318489 61096467
842217086 5659108
330856394 983342295
844759485 512756390
665867055 167986259
751202081 380773164
261859566 579514901
787008402 95697005
656288321 241550016
498858831 833686111
264304401 42045739
292571019 184275673
408858789 281268420
799698775 455911864
738957358 389703672
506915230 951006600
118576845 465408617
257265203 2337795
50088760 17722107
717449674 946859477
787748792 57816015
133181968 682941428
454434970 379164841
831446499 501581165
534896243 627735827
817024892 186350094
236702778 466665591
113254482 645876475
148353452 182562441
873974485 907531785
707743396 751790394
112724969 466977317
622624650 32579239
859429745 628720412
368478615 465849694
468538329 329662900
752538934 147805507
966232010 402780035
514987947 30979272
44032969 603375747
358927709 624209430
526909691 351690354
472128071 900460190
638868312 741456046
662732269 565837924
102537179 63287302
203522189 650081278
540417812 235536380
707804821 542433444
903483637 82210648
399962834 874425796
284404020 708845213
970147923 421204183
768836504 949096396
266028872 643352677
870717246 13466421
674089297 473342750
320238669 77616408
14522187 575057247
187989744 95797096
516158506 367189763
740915645 137499001
985852589 461406558
271166523 776041523
303494177 98389170
51326384 855531465
48086361 257608228
696579384 379577317
456702387 504275065
22564451 740469934
822634807 683345685
27825028 17292486
8445764 631845297
367411257 811826360
255715596 389248667
631642339 49760761
169662679 551521095
403494701 985226021
305438826 368210434
959992869 612009568
838904114 90133997
208677559 674038981
934850967 204120124
685294231 426184885
2295459 416837709
202610468 750321245
538517874 19727540
964055637 825751369
957999136 517937522
274532813 536928493
275055685 207364908
997637453 955444588
644277921 586061838
899474728 505540508
307967030 43544167
794039415 192575360
755727334 69539084
185290868 682536810
606864756 538520868
65871749 524486697
466130882 206602865
852545116 570795542
358111373 26122745
847278087 356246961
18098584 1922448
883107074 815800246
425001818 536824830
670776613 25872902
611554899 882788922
383217555 481262767
597104551 874841859
551994408 992714688
643572057 288508190
395922315 539384671
587312025 770477869
877698547 413753177
416069175 906718454
651554816 991683886
889483087 561669698
434685298 728861981
467230204 917765943
145483862 359258501
333356267 391628960
576119139 219675862
826453843 1370099
135033625 917753883
382327936 767213753
184393371 682692296
