2000
680953024 360635755
845243131 491830480
351757311 512751571
672908615 807017640
891069892 132883073
793797124 73422439
166214066 923341999
437733850 848416771
298793664 847076385
552954988 183219622
805291184 328175722
201790590 911915831
685005384 900425842
620450412 124201262
249286920 613435183
277936060 648393193
598575653 451047363
697991237 628862449
850446980 417638786
691726990 631374084
677439184 917378073
167163442 366657722
693355537 324859835
187660541 612959256
208111129 337024652
744458535 695505370
136201784 277192130
477016608 659805200
110996003 591936679
736242164 895856625
682041866 713653754
686243073 855256867
553089099 972572502
809397049 390190281
648510559 883633976
630889652 889110224
643941114 189542696
289048916 828148938
444869640 844894438
230380707 258728368
234671111 740516712
524698331 785455190
441281125 61142341
684372311 808919060
681897932 922169663
703741246 482325499
590734945 388245829
639537315 386330416
242682205 407475009
518354485 331020739
95136742 12188698
336545863 546603846
90118553 730503795
994720295 700585120
895808486 218932343
822194780 382222644
164517765 986555264
530942290 996959667
166131636 530349362
661937286 312214389
244163815 90713475
846345759 256508883
912049343 302682933
847784175 991555695
61564193 991736419
385710089 670478432
45202792 306001598
304673240 906574332
607502779 512981487
34800532 566572096
195219255 854497704
491464490 793851378
280915706 914658183
429658570 138837046
638855245 745721390
807872185 559235446
158086816 375906691
487929618 405609740
919136369 963267996
599541057 184428008
517862733 880570171
20218162 552934017
343865632 593798463
206973586 163521560
85654399 516291381
791715800 51261219
369587997 400115566
194512871 349128937
193264584 822500211
324582139 812391582
569976585 708334206
126438678 424482761
71668288 9581632
400268196 250567079
542665809 170299696
42488051 689123601
987107431 66826125
630840689 681196142
239428609 179106355
959043495 31649052
516110168 761005583
162259222 441430901
573739337 522426000
461459270 706365846
150651837 365128856
723212819 617773219
175351791 561267028
169875925 584335323
692538990 619204647
562992578 357745935
912419690 607677267
929209903 141254026
92732856 228419548
60443858 378086108
921806486 508940657
605142390 931957192
234084932 32337730
154197214 970469569
909890723 113718516
159914115 755274969
75475828 542052760
859944262 771547286
701923775 422463368
861183554 814238152
974164255 495567799
353384862 155121435
567924402 441797088
878131376 638999993
342435499 567350064
40027187 332033645
394769148 2813370
515934682 568899213
719834047 90229081
464351004 1942202
597552649 160978585
745709632 918043766
46230187 801853674
628460967 127157695
491829084 829363546
528535562 918168346
815123410 446816796
75351787 649988690
562631508 385924062
990601499 29147998
133746540 409328974
784336294 104964852
74907025 647675461
305176693 844432356
194943526 946165421
59902514 336803363
507945129 129031782
747481366 320854574
10008529 186972523
442710388 240519707
77915260 293559776
493474203 758153015
947258824 283944384
974146393 955258261
998580136 201805301
354075626 459084002
465664208 859913724
326082786 572323095
545442128 907358773
460356113 95498441
126501816 365617782
487802316 425692656
679225142 536294586
223258140 430173487
36089608 564198293
222510169 309658156
30790234 283381632
795709156 776650974
605706211 662426800
585550241 707277942
942938325 186514669
988868001 336053093
651169278 894966117
977041187 973321480
432259594 370249877
646403774 93325579
254156592 111126177
868038321 525906437
830879071 467052004
592901121 418178406
31473904 19587814
822618508 402801687
146758209 363438911
542296639 975914011
392532858 991920490
991855692 237449628
725302609 778377613
192689046 315853191
820106407 788659047
810568545 497032591
49292778 571522067
268497650 960534095
975095630 157131811
18080232 962030992
943454178 112458057
460852410 182125249
802606984 519610542
827897722 30927290
844145735 832086708
613888777 914910263
842592887 510637069
430529991 357845494
39271534 193709214
743647246 753362213
298593103 287118467
275680838 209458490
846464650 501089921
944135177 944385495
944554180 493312205
918111578 573338078
877881663 634963475
208708688 892865881
726638478 751924225
660169811 775581013
498446903 832693446
850760243 623408230
513475070 819874883
303829549 214848798
270269209 130228605
187729432 135437607
419868265 452963055
177809969 409940309
683747698 936628341
155610295 370113566
934822071 102720661
68501206 317446286
812523697 363109156
217618225 652773558
872471298 387720801
311498279 487245426
933939829 82076824
795739006 664162357
684374659 800599352
944152840 518480302
578058089 8031483
857502057 594811950
416252146 269575758
568319340 78145475
863578158 202652447
600667483 639739234
273282924 648836938
229843568 411240806
935834281 949200007
739038869 591150791
559962761 82652735
52305705 535349223
809356891 746224786
613992498 756900203
614693589 762664399
534950465 387707773
35410798 112023093
363004740 716676780
67791089 21161593
90492435 903006908
547208109 279351718
155484150 743102659
483753493 478989527
269867705 676166898
660710271 423573448
347180900 286032215
138847581 896148527
981615423 147637096
50438254 159866927
437934344 338335706
393065984 501800414
800359140 626444367
908215417 239987358
509479736 192608607
463884860 666335583
930644900 510951228
534852466 295982084
213870502 777531285
908735869 955413151
80385801 794212925
762556157 374330790
282236785 716437647
713328023 868725438
961823913 573006932
742737096 947430805
351050808 816594874
905720290 466152491
59576300 671046778
166562374 29875329
409958052 66847889
817001453 645827538
490307384 618866459
620782070 233996720
916229591 772494483
691876327 823639054
31806975 890084153
903294493 7701151
834081458 762063027
460199786 505625403
222994783 430503991
265175078 272635624
622537761 19527529
952435611 331539771
755436616 123127729
57301722 266708329
389995228 492951585
910620696 364366145
110789606 577850378
193813675 11251989
967964796 224283892
12771113 240941398
959260020 240121300
991800656 373394699
959125136 451580364
654349703 161421319
816020430 779663694
515182935 170327239
379104720 317004235
762622478 322539315
982324245 948603208
828002590 210283737
882520404 354097621
408808114 919428618
865810000 340289342
535051429 742092958
499638617 758154473
326850991 758029035
949737502 987488760
40211415 430884369
4125662 832796071
182606731 934101353
520796268 320910593
612105063 357542208
125547074 84212351
286459653 807924894
200863938 857638596
875961465 220080626
7898692 608722986
89227291 987491377
27168993 641983138
49892427 914670313
107770278 513079237
928027174 527315570
746510517 873837200
202307343 101299212
774170026 100063093
595962287 66199877
915058221 761143375
498401 148370102
902835216 427373121
985072603 184931025
362082674 553464604
278085770 949137356
471442662 713452509
494485181 692904374
934604127 886056699
628945342 194027067
788527789 634982041
563374619 354541871
448444375 823882323
807670417 183261569
517236836 447463870
851356909 703708803
10872335 225291307
756656659 155316072
988859170 377389894
115745387 228106623
32973981 567247353
408490140 101727319
504557297 615870274
83863371 115143189
939247636 47350033
776248870 463199210
899312922 560740302
91475951 703141439
848404157 848150142
315916214 355880593
243897682 888752156
351530272 400500714
286886265 163611151
526184410 659979439
529468633 955918857
818131925 536449008
152550922 443381051
888395887 320971573
595613465 919460450
585000030 306554639
517768607 624244749
50443068 148740174
721705434 926490893
81892537 498270750
667832898 35923147
419847229 701279610
226553930 776614892
309564069 610737429
510348199 317850603
696047363 46564015
812783543 925367973
975375314 809954576
946923377 456554306
149177362 835095819
65169029 345569579
477709031 129606246
274046788 343301124
396701879 683219796
426763050 802785585
305461486 926788281
983229226 300090338
947590596 235797306
161991316 313710504
387595328 902486291
829405014 114217311
766656715 667165368
436911317 52490014
536652905 48448027
392677800 163506101
102352432 246165257
552769523 303180488
91763610 999462341
754319367 119999889
937933456 678940626
553738683 543615751
169093376 350458749
786627817 648551592
538197334 150104657
916878932 345020845
97278151 913273324
823435171 892968554
443078345 870330473
520877757 551051282
383862830 975068891
232318437 320559996
700695519 122928615
140174581 497836574
844179978 682540839
256342913 848132464
458361903 930195468
317002365 93738653
858488839 914838520
821170983 924108886
993169177 884896477
724313224 545554828
826680793 374847434
748843152 283395093
566617550 276051286
579073294 433803725
67685176 230063321
443449402 320659581
484451083 56320150
958280819 871276197
973974531 487308740
174111573 790791351
344822054 363763803
723589231 15400824
935148915 995687206
435350734 602854341
209910068 864094134
3548793 613827216
241568932 407988286
729158873 894477878
8531155 928149289
231275157 394945665
759425360 123067928
216411948 724017855
443126259 113895731
187048106 534307309
381624376 869986269
899097837 631911810
281458302 978218595
258681570 165074634
489825094 454220255
702126163 279029731
403390857 348602650
507422415 914620357
166669290 939800723
532651042 193494155
420155174 708195849
956099486 126740893
758386824 68429481
612795422 814441386
953092581 481715688
71005566 949995353
890406579 615958641
381714995 234626942
189317564 397888549
326324004 153814349
899840092 890647616
327402431 516768478
199716922 992575307
271607694 435924668
736945437 871689684
495686914 553067070
486413783 826116072
896302467 850853424
459961955 920203612
773634690 970685440
815455927 681600175
51064048 950814985
834094129 565165836
608028522 5313859
635893123 571557621
240958122 379447688
885339760 953174675
924534929 777116389
312975894 642790697
657854206 635061954
65606512 372923700
106849885 157665221
107850984 211049348
240370890 655882865
47986774 706000479
970950054 73471921
780073659 765816213
83863869 39466106
332169049 639106039
97994455 565121870
970391089 433449605
430911892 282420337
587887053 360342133
131827793 234305876
201226736 603405134
164092630 274204444
457807913 238327743
115415779 31106666
130545364 537613309
916406251 663887839
510629074 846749011
738189739 628630795
141398024 343822595
69071816 764252518
442977080 164088042
360201273 309095153
445896010 230379253
843668881 706075854
55435244 738063934
304071811 794156265
433157024 954902312
440109990 600639968
481416362 953656747
835184838 553363425
323913536 782429180
414154807 997661017
626503377 986860641
538315635 310582653
566842535 269769837
459436348 421765950
442152222 459459427
436619428 343069543
828264428 486549309
231885535 428042526
386956405 85636378
364992339 699246623
514975338 935409351
687345653 24442365
128136844 442223923
838140816 833153376
82110956 120484016
679920788 966654925
898194429 925040201
609953075 873523949
327547268 652589424
547817254 100470719
488714176 140482238
465272914 197815842
166986975 377768574
614917483 832330584
946309396 682119913
571412345 470255008
84645909 515096541
196503913 963422525
228554856 816768681
244401743 170440715
14033421 935518940
720572578 700209000
847133019 837911128
281736039 751489961
141164159 121992389
772439941 466147360
533043811 96566664
119879790 585714619
562845228 530771098
357252609 159079400
211958238 531572467
524318623 745866962
653224913 389890324
362319584 524157934
77964496 533781578
788463192 422663303
525166226 561200461
689150773 242222015
481673839 659046331
206059608 849586386
153687742 6441528
181637871 738183
74451944 149635488
568693491 502414411
90761370 342636993
843190171 225762631
852109437 777580725
448903939 183221257
406787162 767592165
560751137 593139168
410783911 497330702
608973419 495130280
43562745 456653207
837384286 67066589
529829928 503151984
983048396 729545630
418270904 872273927
831436199 925430603
140130604 423205724
86405258 892556672
454647586 500038135
947762750 726877728
84543874 4362500
253272022 849932054
758753671 621732960
393354686 567825456
642246652 364971470
19088939 421533899
421005427 302708611
535750624 921861298
253317239 712437395
482153463 710451727
613891478 810095733
386427223 581222312
685201055 994248277
600530388 567402736
738193373 159119950
366910298 297144947
76118601 964529896
150384028 588822780
230173608 347630099
662158897 600630895
971115560 590355068
729990735 261410158
408525335 949304370
799471193 447268227
978182827 380301403
131515217 196838764
74517982 411266729
930879287 437612163
158315326 329843018
957297845 369016798
352458062 199163279
680865721 112246745
879849662 530926225
235600601 157459205
535194133 680633994
591955287 979358688
568785132 747772072
859386556 621922577
814428152 950124650
60115638 450639886
99046784 633963748
830015481 602764066
496449588 952915101
465304560 288553086
476037786 904340330
183814255 680803515
573332464 308987235
826344102 267364517
784971711 369525694
272872490 471007615
69212877 909473343
795218518 346166006
177688563 73413299
613938295 820801937
722887632 230188449
127913297 556573012
875955753 912278979
994159894 989407161
776520619 652766680
642773548 346838037
718659938 209953078
391163212 212242398
662507291 247833045
639929939 789895013
699476263 666504462
496576944 134148310
780143312 359043120
311685599 951468456
135459878 835268069
387829541 143140050
234220186 983095781
846013018 674528664
777349862 92420569
579704405 826874701
924163132 437929973
726159090 67273738
335003819 53033473
192686061 291130932
512573739 650621189
332186149 673262223
183558568 805415930
953364631 492602092
823206818 749999114
706900850 535530374
120078779 900426346
743845121 721412943
909181821 164934377
333892071 342463172
604319547 998221357
57773582 86111673
220183971 943266682
139351721 235902646
401946806 639578891
879450906 713295177
966061776 500592780
133658912 979062435
488797080 755085518
767405399 88315824
529778056 458273292
405103043 806784042
826029024 21419914
143583645 923696816
670120974 186724407
143960331 66999402
299200166 963909176
239649641 867247
369427169 437822204
441379032 291178782
50864312 105659466
982383850 65379444
52227738 30214188
284273915 87189765
949450087 372845735
413354180 379913981
481197947 799953127
673135099 979157815
212641056 425959490
288387920 925387373
404330670 355894172
209874452 348176911
29172990 659634417
336231309 912799733
783098989 899298757
80239154 450642004
463056368 662183581
752848586 625887634
190241551 63470516
166090585 194489626
430303027 154730469
840929572 890792119
320169317 397701155
883067377 863158555
83459661 948433270
490517232 612652430
649120099 769234159
512252686 472568992
880051178 906330610
722788970 679223138
653372705 21436818
243945884 471962840
83547247 262435795
444216488 227539347
503000039 455339413
644064924 670146184
184918840 656231939
526711433 295562057
769468705 350153323
585755198 19255453
891001711 421911906
979617279 499273571
852831319 422647478
274043068 859755387
62861305 972141470
501071036 116502365
565187415 936136044
332760312 482774549
676225619 804270201
73189958 576339176
555240384 22892049
83777626 253729443
847944002 378142528
580473824 400390153
56260910 632922493
228464171 591634008
51988323 629343061
850009660 429696252
595086710 517416607
55051133 503723320
983816961 924880438
347499318 902124680
943579861 884062195
839583099 20378812
956176842 580249854
312429114 611816338
144033464 623208349
475805042 500297814
197994749 258935035
41610732 530272978
242186400 949474439
677523673 494804937
191396719 387689034
263862989 422979467
607471126 748509002
76457511 208790715
680404232 298139036
856511159 725664971
331844091 475984019
384634950 790281657
960654450 421636970
586377087 500718994
878740633 551433979
216835972 267626409
329320329 998070312
97303570 235162492
3212503 226833959
178371457 564612948
902150626 104116965
440575303 751651363
562626402 429608053
936659210 536801226
96983669 681862386
397402777 2334423
960654792 980248628
817706612 468746690
685215129 958963475
340106975 341976393
392105581 953779655
55250741 319715936
299208951 291915428
64431909 279644261
206176565 950559145
490409145 464364265
491719348 957981573
438722138 441337254
24800083 811918295
947825120 271489073
720582352 816234478
445086635 772336125
992229204 945064150
47308058 801733439
369705988 685960012
171238982 774535096
118737817 505160019
530505831 676517464
640100197 983464685
528182894 790167008
133787099 64476722
262445410 938302813
708250497 807737085
836431252 612631826
69073613 521216068
904006392 890841277
733194081 626320318
32962296 443293212
227745746 804800566
494210224 124091839
82466718 732600694
993133583 949959387
174015461 314322994
308871880 742341950
571141369 276231213
753695289 855001564
966336236 171888224
231567614 589211215
121529682 863354495
28544742 482020002
168298146 168910510
291110784 90195271
328995913 713694199
189878388 223055487
192129666 481119405
891874051 10226458
123375835 991872087
662131341 407873178
294443605 366675265
431079617 191797005
838003273 758017549
514278911 763732270
105093608 851433803
642708072 445410694
369486870 716229593
447779933 67566544
168300435 291644918
957419632 799818514
996131426 727711419
616149779 722863622
161235795 508632746
69365917 747530437
705885925 231483806
857633322 362525362
299856138 405977358
20251614 168475074
743865440 371082643
953139136 359971496
95628900 482609011
37000563 793110917
564148252 27154335
311595866 891722774
211257779 246452604
784468827 204089750
870539787 676058102
316035103 32454080
248884310 891710803
758822332 409055373
137788175 873792675
830653058 12945976
83076848 468352243
838201388 994036138
308473597 542397215
907778183 9596273
343256409 313113428
648965548 110431700
767418902 33244795
944584514 393051566
497433145 404102448
43828411 493795706
602518880 530228508
309716786 660856429
441004311 250829290
725509240 183971327
511632577 104265732
882437370 385693482
596000472 817416688
207359 719509782
73870059 945115754
255572428 586695149
291546251 766079898
222410766 981046230
453791007 167034216
268376912 426165448
227024677 688364494
850819999 101144007
353077531 905500017
417118231 387043425
141787819 440573863
376235132 635559307
303379160 561664044
348438085 144572507
463862016 825399963
726161557 469049300
338544756 890888191
425004787 237249506
602822585 302352819
791056445 704844554
418944460 687894728
260854375 437245847
51990271 990272286
177914973 30986789
624157675 280967832
467233673 52313344
638028223 442888813
343631721 491879946
512200741 140020365
711528776 473719362
952197657 901095474
392476166 194848105
678628600 331374281
865846820 460061463
248555721 69177426
932349747 872740012
780182543 684260219
368939291 193157838
94659347 739333466
241170240 66678209
924116113 223822838
735959275 552565664
132324610 918804417
229522393 828131975
679852482 399639763
285273439 229557521
867225155 189047102
97819133 50770226
869999879 639060292
412184827 698413272
143085910 481934761
567299598 226297760
610791549 641006974
230225203 5104619
838550146 834127329
918590397 981426389
95254604 185024127
5606438 998172637
235429281 213004739
370958268 295604401
732571297 992183075
668148844 158743762
704851775 904996739
649283616 354441726
726867895 638959484
678753237 409574397
696906713 968335196
574376378 41829595
641023641 884722403
435984015 750164694
378174729 324370001
554859058 885558310
428910861 633244094
608168719 6218524
992517064 741964885
762141601 75380744
184035442 9789689
563886168 451022855
475273521 487829898
877359794 560789623
503464118 10466856
27627370 870804245
507362071 268346269
498713128 714200823
363078597 644708444
713657524 430553832
124283880 656786774
481095384 179508145
323727787 490310471
641198556 626365485
648454697 826389351
505103410 802531545
865564518 156774261
856680602 355604455
433261608 490101722
532062174 569983339
900409395 987766213
946916256 469414579
525871809 181235658
373455294 260579705
649380514 696391149
809766291 11821172
342181035 396853920
382360676 829336651
572040807 545106845
144996692 894525314
641562334 41284983
496284722 316640179
853172180 520476258
936701529 798975374
510661952 728118485
403609382 617409089
309865053 760842450
655390800 740411624
723681405 126201783
668605115 868335882
269721681 938670328
871640748 697667782
348989644 914739268
208213006 236717333
342322249 205460394
972353124 731328535
125495949 472233321
200749748 350795551
187707780 512131861
115166948 847064426
554692957 38987640
907902355 529478485
458231727 264089796
28430261 881924429
905364466 600109857
905628488 392629510
148894380 151088301
32478508 335649762
233465375 477859198
396971574 692741820
653666121 987996519
997432933 260102605
291166524 510650621
448646012 434416799
848464342 577702772
879203353 248277175
694293834 853086522
436945112 663058047
262323125 841259499
35342609 225792418
858453953 564542563
129663327 859417711
995177443 857637799
11378899 994857168
316484332 283384768
720506356 348847259
324177770 492949684
958615619 426548028
596601921 324043790
820666753 64885611
433118292 642289749
715391648 336202621
765072742 594207021
883331417 28250781
734246709 77185297
659746207 449524779
585640375 551668544
37776275 935085185
253183198 411464066
623039985 491497593
780684419 564412567
549132931 401520750
375846125 428215825
889172463 695355444
792499178 777887332
455288289 543119047
284137723 551125972
649727104 556754683
814868739 675586573
138969211 854371217
102433501 56411568
613722584 152188910
976015194 472768907
997089686 874278984
999164800 654376360
524194286 596623990
552686046 19546601
865486410 272472371
452101756 342762057
134603688 2344674
672973226 705357159
438863707 989464635
253280865 796322494
988090590 963227566
269701239 808424128
531018654 363633137
74856695 69407346
916064011 691643635
541307544 491850503
367250083 667707696
116146747 248539613
21861568 388842722
301482018 763460907
932372342 902412704
424593145 284896014
356678879 769732550
349991390 646952560
160904841 234788013
25791955 550648175
456305480 783492914
526505353 736830508
277506529 733259579
243100766 415530717
265202023 321635796
380203245 184183604
434371439 519481003
325621467 362318627
920836167 797112891
878627101 784490419
514730362 560671927
543038473 718592045
89969251 897530529
261410985 694695801
939263371 154747429
841621786 153152382
597339082 25382593
614261748 859942770
81948936 630902005
653910687 977271561
29650777 236864750
554813768 249367563
512496832 876451287
640564183 471678013
914159669 881706454
432884236 892481673
353038803 93160771
20923264 825637180
673598987 879753986
588047007 81948702
918568202 993578283
862117448 69485273
298990294 102117579
75645758 303511718
196584355 5741508
873752109 763787573
178651393 839085572
968049585 979465788
995255764 825475209
782891586 608808323
913223591 678954817
834915215 184313867
761944193 311286167
127674327 400500275
917559846 882674927
104538493 778722187
650715596 567513771
398186581 774870511
184311047 88072010
968079365 823065267
659946684 670442832
221833248 186337511
441423281 484676727
179933387 209675718
276854701 2536691
975372185 948180050
959247633 967426674
397107673 15531532
472537476 85865599
796095745 311776824
653224246 246452670
562722423 527195739
368031673 1623038
289583684 80712912
329073757 21840349
824895224 972114447
424375746 324760215
927709789 40705346
387909110 595129276
966173805 281774592
572768842 713154785
921126250 759005830
875191512 875985728
984332898 662814243
294472195 366218406
168431375 484194198
81109999 267655905
661771603 337010416
202418583 915225730
361995308 369964501
543668052 532188571
115811528 662517131
196417431 377354161
838923399 577232033
710676937 730430028
513498114 479281944
304028847 986990072
598797191 687765402
367796558 630250139
981051473 897606864
587315611 957313547
912661677 485699686
324706023 661612902
115069669 705849069
511252228 715145443
688341387 397595156
185201351 495940358
504541525 792407600
517148144 938813188
543897795 987490162
474755601 527495436
878316014 224394977
107119301 803709888
509696755 331856719
946896465 771330228
489749759 255344112
537658508 962780673
255403104 498941832
505846078 521897477
641868145 860799845
777037073 933465644
680366975 132578866
120269915 736326594
556216621 507172982
31444347 683005905
345395209 545143829
586037599 103813317
914649907 348474691
156875170 611707075
291440338 639212901
776117373 671123268
987197760 466075032
317088472 582360149
994500767 879019777
600281296 217077219
796224003 21130683
857559735 128885641
432835957 49221270
892884958 215263266
300299898 637440098
810061421 885490576
488356594 798724501
85718075 358937786
320531689 993935674
254558817 97948395
930945671 928886724
40011735 54332175
780457625 668003336
568495076 890625035
540280545 960155894
671206472 357934266
980480320 455154395
410318234 903285661
858945639 70051535
880685534 426375679
161983250 420293516
782157075 612269708
90223466 434935600
934638973 439224654
447753648 922531309
215552906 583034263
469443892 146674527
891481035 836681646
503636539 857064002
809187946 143597312
31024012 889225740
802489684 337532873
525240892 194851410
86795879 789508615
747515874 10616490
958455554 296981680
317990635 705771544
982822312 910570228
647318950 821982498
271428266 830441838
614791484 177197758
760707705 969050457
143373011 245521767
288411434 304372696
397735988 812771647
886410295 96341966
879209073 994064899
301073524 175689729
885111983 984336523
313036586 809925942
149259759 517450005
945033142 545659755
854149439 591511744
351678311 643169291
803933122 899493282
449028182 283322584
951597387 738961529
814778024 223224124
93282576 398051675
506789516 919794756
297015463 970879458
8387853 780166533
251605631 620102507
344222940 855812697
909722450 266553155
729553455 801221613
194202664 703051145
418709748 940344905
626860890 217906371
961368760 342419190
405346183 454222663
935156132 569198058
120639095 720802841
815417821 989618732
282251809 268203111
592029465 333504727
949266446 521985239
608289612 241875260
323182072 229193255
295207008 122981353
297231219 786827111
432690848 58757297
411905781 638059260
417203404 189638594
713012793 465782777
74463607 479603880
439221887 964686009
10595098 151650910
108191556 107627853
714324180 637307246
529999079 666543387
463112704 762034501
873380370 548487642
328054790 899804057
283077122 967848237
337539773 320664341
216139457 27077187
879767945 641698287
105223715 150335326
730727754 900695982
702761085 570732017
735990452 357094255
145951985 829093465
488014129 726573359
432675300 985184833
543959960 210252704
604316145 778772691
627014841 525614503
292904096 270065067
983470715 575302502
73476360 566939682
274880507 762057854
989556940 137930736
612358854 385512870
844538337 720107857
205206447 628855785
611657152 434531382
22014802 961975593
360253922 643826751
501788412 312921706
213825447 554810425
615611892 537764067
727467266 917143953
756290125 200656576
482929462 964500010
148958135 540731998
708790276 652099185
315177983 167200417
788598422 940013986
302069344 117336327
663370045 105093544
409486936 183400924
98880232 761392792
263048443 831996517
225264727 446027847
981105610 729912040
289899014 384573528
951436861 320535993
730207933 686038827
65584270 808231016
888400834 570819309
628199185 801884286
878290461 83886809
149545739 819793970
841026958 64050759
517768314 443769656
560745808 4940850
257853611 101293207
23304899 503640387
136646493 633394459
81016088 684130917
579814676 851770980
98505041 869509302
511343897 332063289
412424797 72311201
913756278 430643279
677304609 399694950
402168789 478789649
498909658 696620382
381672686 814790027
24488526 478632609
666500950 237241197
772805661 747143498
344221070 709329469
500261253 679793309
105469938 757125914
304729652 330060026
196188246 782274057
473075809 858957783
962989757 122015309
475672228 928566226
769658872 495218154
712522772 751885986
903732700 667751437
528499077 796585400
308357001 521967020
546720314 874277551
396528956 36606827
509170216 532688038
774521387 819878862
637935989 790926098
261423932 998398237
967527636 487822249
960675610 951865979
393182748 258616258
345188545 673371205
279290658 992920181
583893458 503045532
108265018 696103723
218797688 237420949
881679390 777188601
962706197 930006215
8033837 614243441
228420750 617551073
672149329 626056294
175327453 485156994
178795018 386424066
3090114 308754885
338144131 845053944
95393368 956467932
638836278 78064695
244011507 999102156
198239067 713059289
73269466 317824258
507944068 652273011
62516432 750297104
361599530 13917503
844635693 996304046
479126474 533348563
188281871 366063697
797994089 85413561
747019475 663013001
564366734 27004562
259131164 845015783
99083574 425474587
88040794 794631875
838643423 801065259
932577708 557007746
877380210 821611297
216598551 169906943
831357883 870209918
502086577 659050589
235947050 197953221
522091527 163415631
49251886 771701039
29253363 422295889
912869194 634460578
166716176 285242163
457669814 215591545
925587873 214967180
22330254 478795843
854478437 729903398
963473246 849162644
897604471 683068631
354123314 98504652
512555182 774612160
171709481 576387357
639409890 259884569
896562529 534874080
799114846 163377869
490086520 99875773
714060744 497071468
96224657 499107687
948334479 737921014
155089002 903377583
927834967 651925815
250970910 36402470
2978250 645023362
769537810 247415922
853874171 269559717
691823526 58537091
799603680 193041489
648727990 306935968
712093120 959933609
335622410 638923065
480494706 255762524
753997488 147150492
934026254 800053016
642162410 577308965
731534721 770889241
661869529 285196585
738500825 366209986
248940044 116150408
827404169 743819477
729260408 30848538
530164125 242183133
993848723 337174417
529678083 104842119
87780407 402515998
11001533 347086526
805587590 228995317
513911013 790436822
671778561 4386545
802604106 883982555
462184144 362289266
906912766 842906187
819015077 279053350
973900190 46909382
220269098 445201246
960658146 676444369
172182336 947268703
372175388 957056533
723305009 591000701
822331752 516170938
638540206 644270195
639205384 200283227
507609781 432951491
39907568 743604566
159148632 674020703
151152174 606963630
106085562 183169220
743985793 59158370
808679199 958855699
334700401 993062660
801945160 73202812
819703713 599599141
512514333 147434227
85532785 383645201
614560988 737217945
857964966 809276854
84421314 211901799
528313393 323103248
882368114 709573079
728890825 117566123
224371046 919374820
798392917 500864090
680879813 993137984
377017634 52502530
601224786 175975209
759199049 73812264
999573469 260295931
196770942 287248930
438037491 938944308
855449025 235175981
119627280 871905553
55214846 630810370
990405485 177259146
168187149 358782514
704043695 873363468
25137214 109199540
88504225 180004065
535186660 72032162
47595453 387785580
951603876 927866617
884540572 926294147
464421754 976452777
905834813 120678703
819968610 564380622
472877160 600605289
799221200 80789554
289632063 146569780
257818097 673098170
621863483 683159056
972330717 775274511
525367535 407049786
422757460 501947263
919085364 464048700
24990619 481669816
140911819 863564967
988612797 791900877
690646066 464017951
359363249 102063138
415199574 367674979
443593105 871785730
230598069 553917348
496590877 648436181
831538378 973620647
481835380 639887606
93543527 783804776
526476368 965741931
747291403 769877947
177825567 334093450
387190214 500170260
848119013 652704797
228277449 374809669
420612683 230850327
273348330 336576226
102542284 649229474
135293633 629276574
791852043 396155981
954089651 584326294
106037932 447686185
63393095 836385719
586160283 969680637
570601903 101675586
224956601 870809502
543595661 188995817
47301322 323371107
129741271 345941905
770682726 60915970
914894117 313950439
870090325 313274705
526043465 40610652
840537911 321744540
757211077 960735183
526209389 729791810
147714993 941376247
174742415 396277703
831204712 18807033
473112868 147789884
754587572 640261020
768325461 985778718
947133710 311968775
673997567 76771262
816472812 313632814
680132382 778107989
594884196 617356167
667738742 771746682
616466289 61175113
402627051 163262132
310215352 404242258
771770545 112494900
879443822 109893499
865358642 327002146
997534808 449898394
214910841 160742655
558094219 394389846
909349560 514382711
321870553 903655574
666643422 849979290
964548783 59258583
266606262 783943921
65041204 817385894
129647082 732419842
248040334 82767006
7564319 312348720
301406785 657182514
580411002 495415370
730726532 579603772
967763309 133584922
779673045 226099374
278707475 271557166
712378715 926269012
913332951 339263327
17638349 140329288
531691270 436041019
328959218 122046511
986371508 466416183
896765485 677831181
106529836 997912261
301791506 37570929
395139850 164944928
9807020 494218196
510378514 393134604
264461116 938472907
384990661 57273791
402672476 825640617
762162558 913328195
419608558 910427306
875295911 172767711
444818020 69264648
531582974 208436954
18286511 225565421
151036 174556797
845894487 83753204
639598592 488360495
965958888 92276820
129645559 456987324
982586121 528810054
48524021 366240246
528377192 283317853
257221424 18203630
773808476 139373151
319495377 350525341
41795536 403648045
436686964 73477082
390637054 723022616
437494282 437644928
887328774 63392799
296279539 284795505
437869495 353795243
416447577 60298394
489643021 323521306
779102129 913614283
36581255 29561755
745504451 287377832
967198251 795001169
243791780 412683568
732075863 859106643
222341396 786135353
73056667 615131789
220370434 701174222
28290500 549836669
75714873 639593416
53229014 402822873
105620856 57906672
362801131 724291353
5528496 846289351
952777021 865047914
409981629 677816635
833641715 206030096
342721218 634212058
654491533 320637980
907639310 307744831
321107058 446095902
591349431 306932993
607742451 881925035
239289261 891633751
881171007 416361546
157842289 356253229
286064954 347519661
171064535 315201182
217510129 351350778
804958269 106764345
119826491 591300923
702717648 212363456
161064449 776908022
938919122 796050239
272203891 306262341
60953670 754881002
758672652 83998691
706074454 232926760
121603878 77932963
5720872 749672389
854895190 683784271
35028893 12981928
704010392 361539919
627706209 771702304
467144040 154121836
549384848 189746918
107146578 920512680
32321552 198307297
88721247 624858765
494007584 889814072
337788977 158533643
472723105 645380114
953890683 735560874
688838841 250636531
21392042 567102479
936575750 469449532
774543946 746685969
504738472 577015915
12084785 514255644
685166814 784255960
85458938 885986637
337947780 542215027
463792518 62816387
960773391 486693665
444903331 9581340
225130204 480584096
917796586 774473849
96219446 908284941
898254908 682098356
102699832 69438038
882649969 82990407
250884817 646161422
777814491 595227573
105724122 771683259
775740536 785652818
678510808 327781060
532206334 540532466
214674265 728292064
62629798 369590720
242501932 78166199
336830564 830383700
380927024 718526390
426248922 103027825
733072701 384338876
453460945 175204242
520758442 267574134
865464886 433723293
356151854 228714504
431268977 494174320
263479773 94028
391113321 108133335
492679106 328516242
890086800 697195541
674408312 229615750
457779475 878244848
34909491 943853696
784257651 488835186
42839059 456135675
856757158 58427746
27802017 638898513
597651187 631836979
419347840 555623648
424163628 900168209
969228457 54665608
713049303 328980507
344604031 796423081
102991300 888128643
560118681 556101104
922002517 448665122
516662985 516711636
300788300 310065782
888823589 585818954
273910537 999282656
277026919 917874932
878519026 784275924
414259156 114755058
972854664 848055008
707402298 765786538
184737417 125340979
697651556 66883944
536109059 924731428
986852885 998605097
556083522 339125685
342364097 154800254
200381249 806099944
661983794 228429003
584452563 662470849
110377041 509730412
820703936 168952364
524498179 445097533
630987725 744326171
366667755 462242298
331500295 295092031
401825274 379683022
944922704 736694728
654114237 665335172
265297513 115782102
617996128 299777328
432086181 274985981
50653175 69636124
824276456 193430190
101786318 751944403
309652537 957669304
588207989 348973858
123460727 806272370
202130432 614828269
225557 422985599
443004704 866977942
482110953 798028909
625619760 756219604
82194864 203527261
473276000 492401692
834641138 140000918
635520622 366288434
895768919 594548735
263484607 77319656
815913880 442619889
51865741 366735196
730145134 609214953
185917671 673448563
855066909 281906848
336421923 767930390
360958614 654574349
3704600 431866709
787349681 434314393
306345341 982064277
159650451 545482864
214171708 806966452
419956110 618758930
471029571 950545452
564060001 476027772
453145734 842993398
505301345 909850555
10275928 439124910
454951648 505544416
124953302 447070997
325187880 982908899
514646071 771696839
254252769 691982086
765491467 482241267
263549222 627157646
993443376 419033039
912165515 521324110
173724049 195387687
270292261 924944306
297958512 552821889
299778671 225941060
144426087 941563541
376278587 747361669
393414797 433576089
18973413 620069919
445607452 71043802
881688531 800496266
286791847 572639110
358082055 579003443
757867634 300592910
979502399 78537304
757931086 674123098
15223122 349588324
198602114 867615112
561358021 975565865
103839929 851933962
288258658 998229494
612566411 789795005
882284687 851151983
961129767 882946956
468627881 338785510
33714989 159874193
925750794 566517775
396023870 459929418
497671899 508038313
988433557 118615106
342223075 118414789
72947664 678408951
421154972 980855731
707472854 528837664
631769131 812815008
613065400 64917220
181364316 138900801
836121377 539458072
169036243 957127617
72307346 183911114
662848056 296760324
103905687 955494961
770975797 224162626
970700975 889231051
828609246 843486960
155527918 619413787
560767054 382110143
668969954 833927647
223290629 104141931
321503724 797232875
68834915 761907580
251465475 495493152
49328197 151155846
554221133 76634343
141640279 796038483
44731499 593130199
260738996 417087476
974980045 792536959
13306465 590749054
342635882 525233608
8304079 765997198
207047709 771494106
679800487 294271429
156363441 738097199
829546441 979138288
825469471 380527346
662884022 80755656
238298875 486347914
341859471 251635813
927860526 807622946
577136518 545191647
438497219 606698187
468258055 409088151
194106124 233565955
258422683 362483183
833416447 361191377
442785319 379659648
536826507 448431763
561109196 807072102
231775716 165726563
692708071 907821352
467571415 230511635
248027716 545383081
446463197 314727704
140895754 65899900
817293968 634371801
966520926 266132057
967770249 801674559
449085480 763538805
309455427 169199931
740573250 910674698
892723758 590718263
468546547 343148612
505175721 953187392
519498676 570601661
230586498 319882177
978177547 11145736
304581622 122549738
704117361 661712831
709307958 544359432
440653281 51877402
56082289 806544822
154628169 734754964
88910093 937246823
379463047 613176299
732796471 37644241
122553321 984336157
529194541 960223906
128711607 158108960
637652687 976712590
654178568 600566538
314803903 847031783
992792456 242591606
956848827 313872700
32124992 360475507
746154030 442368241
984838535 785151253
194735460 969084524
