2000
365426787 253506487
589852227 840245008
951779988 925825588
548296051 900095840
690877193 631014910
760937047 146502572
656208515 31537099
1058610 638398948
453598400 933758174
204571838 94060917
522042250 158610916
60332451 719099837
511845394 379363452
201148709 335085840
204355119 433030898
177185818 646612127
982073987 372087873
490900507 145481952
872369310 58952605
181363496 56569413
42473680 871406178
500522985 788113127
628854859 812355370
928931987 104393911
71290541 834310612
745222928 260973086
823871398 31045332
128433781 881815706
518272761 623101621
994461465 177820831
955103531 653604981
510532884 612793377
396955495 267961252
363603401 917726387
565321130 519782359
779312981 872158325
42160821 224915015
212237935 376717272
744377252 364119464
624654121 57216653
824673660 733154265
376864478 626539617
542540273 316615921
674616123 373284805
709488300 489107080
449921095 526275098
972342028 528451636
838928093 9490696
267409037 527056951
449746694 678195414
104894021 61509814
146093110 658003249
997496606 242829755
967295188 14314656
704317819 377274660
622048919 239011763
512970033 382401939
75374894 828706136
366522657 135260380
476669365 237898972
54063226 615673519
589704315 428103921
753252169 423372261
240368071 556982987
57933180 160836567
79060265 908869211
369924413 799287536
934867571 496726053
488481394 100246866
223053643 343663742
110496260 50523241
269910947 192293276
288933590 682157504
593091825 638924515
303279645 611979709
795464673 919252605
204889483 642850732
7006169 640350235
925452725 667474377
405687479 591455742
453409257 101031866
113707189 717225973
8269959 782871518
940115108 84542925
839169171 866215795
290899925 12543650
172049939 166219593
643087334 107221646
703512573 640552326
233583008 626281887
601748678 496091644
863135384 821242730
84110344 991624354
462141029 269228807
916874521 323303044
932316534 547393408
917935814 907116216
286481586 614635240
809090338 914954509
408043449 539187140
311634039 552120498
38576399 923931881
537381172 190786175
152724112 182647351
852256237 39247892
3105158 388635343
503171837 384964140
421588703 307840991
982849160 216718025
500575943 498368239
332171287 526769307
156865513 929422758
831611679 177300065
728501190 29842568
419358363 596896170
978486056 622240496
333312478 569175731
83680191 8267064
569706038 526927955
195573651 989784300
617468274 967564935
147900887 36951345
711491517 807091906
926613415 907085911
134654186 958084408
563408708 987023007
169977059 866290364
370405824 121094927
425053745 539558224
59220663 53214627
650445809 351356987
158358080 17893497
633952258 957196274
480589202 68596004
949484756 379468067
364448219 239921378
902853362 905057960
270893263 338341365
983833202 232463320
862284504 357376744
564200662 741030426
942529632 82058990
319046961 772490953
373127414 841369545
369012161 513973080
780002991 613056595
348762632 710907536
556781324 437943228
134109903 262291602
274306633 356374260
870923106 593419296
61329924 222094098
721333013 474736912
37425725 70729383
370509331 307392694
784830027 726992428
852998297 749607346
917145439 121791709
441003854 536997198
472003906 130291178
639081485 400856050
648732831 887916816
920207793 845370585
913020118 479937108
50650787 460403260
342413567 383441086
794142192 17397696
493536759 584576986
539042680 62273257
344317536 214452696
107276267 52237553
818012731 723709048
777168772 789191751
569997670 66682216
507792760 917010641
316996386 674688903
448711108 616801901
420112037 291429016
529247000 364361696
472866681 463512128
543850279 114016273
208494940 151811891
462936377 808738446
511060459 92022814
323163257 905250300
117476528 246509820
957788333 693832583
362763875 753582713
336040910 833514332
393227528 214339452
214715922 526606776
400325336 851364077
194068140 119491084
604700769 556599958
263516654 777728366
337314019 421706055
495716818 887291734
12747887 805310688
398188046 52954747
360574785 178996778
746012157 781949027
951491213 68622097
403931646 773476546
708976840 239844016
609757641 474024174
52743110 519956637
743918819 318402413
674981973 813565065
692050148 523681377
596585014 554338065
26329078 715551495
213718500 399857671
964693459 244802409
296436900 878853849
830377923 668389291
752107900 44640100
521743680 492257033
138964976 302371229
136991772 987326323
245443111 662775231
463328256 901885710
781308322 8871128
503890398 316957938
469894383 29630487
364608104 377968988
323161624 854251101
283030351 783145567
967319848 64192739
397133874 437186608
387994561 668757317
724851489 761783500
726018098 454368726
877486152 687457036
475998029 688767428
840841295 702329325
68079717 149703228
829250776 20760034
221066477 221601892
783538530 576003373
892613535 142613580
608041046 765046393
875735131 624391032
65905399 227394080
570344588 724097685
343765850 474821715
756297808 340730879
959976752 916342548
971785054 913727460
253017453 124163661
737968184 161419811
649568991 864089852
739184209 293056730
970654424 584436986
253681311 779725501
127345850 883885297
391403767 810984050
214163874 374871006
484291820 581432196
703299962 619776203
653732709 599784663
19279809 784019114
545696992 824394415
116849554 811953477
175652234 336336281
322315436 92581958
821882018 478962133
936413713 728960862
733703880 397089672
362727156 570012442
10333891 757065058
132421281 207568693
391310330 752832532
490146745 735095884
301201201 584203821
960832699 628994465
891934895 92661300
50373038 502028572
742194619 849318641
670747854 245315356
15142943 80590557
11710099 183141472
287397180 668663417
931800148 306462291
636039652 105142837
449711338 234136974
672542991 351363939
970228241 179567119
418884830 26277496
756343037 610025056
434895442 51314814
263602991 885470194
516204697 461066422
238365971 61826030
613613929 544229024
289447823 246290226
656692723 453436887
354461675 683924384
748647418 516608384
261684058 688995188
516385861 929616354
128809324 986950791
876871469 718384460
345343504 35309336
833658090 358356761
963947841 911709599
756876666 770686348
788532920 249781374
491518762 30471374
55684122 601532201
64955494 85839992
457068916 628213704
42365993 393023979
665792240 593923850
775916675 218450955
292608317 416332293
225959035 164255774
427296902 316257288
810115725 152059877
176137799 551735946
661338067 833353872
77538740 233093213
309347578 213944549
925383861 376473025
316417222 390066955
39030078 927900837
448953124 469331517
354065403 140369037
924665887 7286771
345470685 113007120
789992721 378912618
585945318 94916837
575749419 537913099
684630889 573434516
941434784 285457433
343359744 678313205
844708992 129808834
87345348 212511951
716663805 781411650
548200982 129102955
960459473 91763224
158316739 637204620
441820350 235441428
732290961 973130315
525110429 481985960
320853226 999245764
171744758 299499471
696759449 874221416
451903960 735954706
290470465 641845438
319094955 769227697
388324534 602331777
869142711 628393667
632191759 936866693
293016829 569670010
804795220 712444945
800501984 677399004
353133358 92002272
810348517 443893939
94628638 610974887
993095537 652405090
646184833 793892391
231251397 939782677
512752420 643925698
649227284 875188372
415350802 967131634
795408988 266738277
457056260 103352172
624038245 256884391
748247038 836776583
536666109 138508948
245227383 795094838
590403075 682369237
408893390 431248589
70515251 430886928
660610497 349138091
328465180 104985718
623535637 655111753
589616214 902800198
82258758 503119141
987174024 52690437
267787991 939697344
866080274 294319621
438141767 324789879
478725298 253132044
662259976 347494364
350708127 220257270
765325503 987414255
346923453 174693211
625139172 141794559
375992404 906383438
278816434 77372143
124518228 950703702
127508420 479608625
792243863 675741731
404487788 448472407
763570792 84502722
373579645 132636104
891053844 318007670
636699539 967006690
142200149 946121278
805422121 105004790
364773000 956944946
563922178 107181479
904684810 716183825
386158773 325889173
811134378 627491503
449419760 459280607
358358907 797770651
315879113 866680014
741717744 863753244
661915088 231178925
285926986 411830558
134063184 419423946
906556411 68732389
946876624 540443082
974517773 171887247
780898074 361531399
443313242 500346192
490920101 386216592
55670751 159812061
643993501 175554587
675927977 339588798
503236751 113591845
216015346 242663354
722119773 111190793
182859860 738000119
609094542 274811865
111802873 564524479
964371350 519344616
28867211 697455856
416473112 977655430
259248283 581980107
573853907 747159893
293758279 469082120
330234348 460939482
927570996 392980793
238327324 593985134
815859538 871810624
227236539 76928846
351185421 483537782
844828006 151942255
10871338 554441995
889559320 730003767
86232053 113044603
469691383 941032895
705397106 37276959
110228022 135054508
472857201 894152508
326329657 474099240
7464499 339994339
914389047 309810912
248401095 324020551
540616666 340846831
578451669 777069516
477391694 225710877
760626392 374693561
671157753 89016078
105143983 207068201
526955825 955809344
883699522 500281486
27432326 52234173
692304448 92842529
517028760 411876051
604898211 153314667
816420649 227735695
543037437 705504095
951702452 899100146
861281712 701001640
413821745 555589484
938585240 926619557
923909014 284927861
790122526 375622487
306467293 225448657
461884471 347845357
34312318 535074405
356129387 274386286
146101392 996655070
725387742 527358098
116445547 259180661
938589344 625602297
461264378 18383208
428845422 85893017
920866179 112418056
564610286 192879493
144591471 389533061
939451082 692784687
927108829 967629913
113629534 674828249
622202112 440051295
850738261 927390615
439614200 415883231
213506409 638644441
15512828 647257153
843525658 958520703
762893618 4162853
548685494 336302778
395975469 278786940
441854010 900255051
284018002 583571563
427934055 344624293
642448447 79433472
648170911 519192134
368435306 533309374
194652648 857968861
817020897 277306158
535448424 486639397
913695049 436255928
42067246 841968067
46494184 269652960
813967485 399184776
416500112 125899614
850376487 174888054
843322403 919853334
371643290 390471509
685084156 204965836
257287206 318068788
38921743 518338626
718909936 287812456
379472237 340935616
588415666 198378220
38409810 999864698
504436187 832800251
524625076 272938386
960294836 111122816
100450154 94782684
767003252 287129810
502073879 290977367
180744895 441232705
296713996 738187731
689621613 535348550
580422968 294783138
601909332 108440656
433254860 856282773
686993641 429496792
349430921 59132651
714302397 558149584
768774938 596605676
947436121 460024182
12077077 506710395
898126886 925504104
478251675 62915431
115074473 32141190
853693686 825288726
230764187 249541163
420881125 944684094
8298660 237109532
715897736 821667753
309664944 412228146
972683953 940729921
760439979 302082809
862602341 96819694
519213281 205756234
712982303 758152774
433012892 328312701
739347559 48395285
830868602 263759436
387934049 236516466
563547059 933141332
873796755 125027577
666036596 282019608
889099627 752318132
705734227 30379571
961880906 132881067
168696701 78164172
61111206 712256508
542589219 783890697
226334687 651751648
737446081 519730522
685916139 539541279
569999759 745826893
19808158 938566856
80386381 974208984
198142853 253885821
115488051 195015666
299514353 776456210
220954636 566550833
228845936 622153706
527277180 40103185
325776448 269842133
103994977 139572094
84617027 741879643
679289936 921265099
987704776 988627789
109233928 554857091
623743002 989271469
349753122 597517569
682146651 423722935
874266178 879478022
584281321 725154739
545591610 161784330
418687020 939471314
431402164 503970423
534617431 563452676
718255417 206253321
240135216 311052469
77754814 635642983
488248028 293333824
737818773 545948930
72774391 486492538
586357282 636967621
90897484 629681079
715631039 848361814
234281136 658804160
352226095 288912741
422935464 742127602
979981777 810146125
728699069 377847151
999470845 419245606
296610542 214037996
542895940 517076639
516597860 616039285
574117171 653503138
230674256 789800302
882624814 476816899
263547773 354258429
586965179 912217742
88923132 817299296
836687969 268347648
77340644 371094616
388244300 370478240
530844288 663303265
587519068 632117427
89032805 283811605
603485576 699436885
555583383 41141818
675193253 25556770
784688080 420936337
823486511 397515041
992357314 476905311
197588046 719149311
437858270 194701645
845588011 343752522
787154196 822358312
390794952 70034651
563288875 879652422
94935535 670536930
390163896 561009204
19979518 186712128
433842719 36411437
352446 261128157
31279084 370073516
905217367 583750908
149458986 83848242
570279905 910651042
96152057 508493206
413263022 20386937
676686342 724325926
151550090 948160323
648085801 276422041
956577647 932266071
651440641 742472404
773387647 911471679
632853336 7120743
860241193 34686612
445449163 536618717
674223669 227844054
334867648 607397598
429995318 690911820
765270146 567141805
438529343 603254111
849892349 27526597
626505414 320000818
871850614 17171448
830978299 429032130
327231945 668124507
512550106 632352480
217266306 584222296
134674973 368692232
184417401 883755984
366681879 619824479
634129444 561268190
669453132 907943023
388914382 990664239
960803031 997403573
209541390 308530512
971084288 766193327
651255086 429065404
579835552 948403600
312654517 910939623
50550153 982634747
177152005 150882395
427817118 24240244
188715985 571370666
149148089 994104735
619454687 366834066
43719748 968323169
399366951 997087652
485989330 634204662
5587356 389406556
336948558 667095852
823405476 104077279
207078578 342853372
928127681 240124322
244769057 378643273
633337919 660828299
353539819 113929579
69237250 277152015
318256365 932553141
640432135 911716738
380346579 497450576
342527341 284821588
676277791 378970123
746140654 611193014
325862021 263640095
368818938 422709706
540750411 484201670
366590931 207618206
32393956 425376617
531768092 149119841
363834540 617790000
796071759 253514303
457299560 720373090
176708344 771197929
607689356 587541893
553949476 505143774
157299089 42898408
482517096 334298040
34925821 182677209
237351961 768929585
923512094 616009943
960704892 995599818
862487164 511233040
160244886 956590787
355465269 460428746
918546859 553897509
587997451 207545783
163089968 6728383
807618125 744235055
365599155 214845184
375544378 965705440
831673914 770183398
565954172 323449876
860983598 989711982
294498992 989117710
161250293 137628189
576979721 16842434
267077765 186859860
640378087 337962380
723657837 997978014
243201011 139245789
552173651 841850157
63577569 252846555
731106658 368415421
747472020 676836594
29853893 362577429
589331773 693128975
867524178 879946361
5102336 482619717
136070906 725825631
133899389 113511278
744693499 549953622
600574905 882434734
73384699 661548412
231863500 676772007
696583953 896423536
24885630 73120758
895376731 346103525
106077376 520560823
880638235 21533569
573213939 857509529
958832054 574770842
967292638 345094520
833001095 963366515
110254579 721362038
563109836 875677873
314878936 71851321
528708380 527396347
435421636 618235957
804596768 525486798
500993535 935427458
57059820 668218361
694638113 936525703
225129125 870049140
797161084 554838427
628198587 883648427
519634412 4258047
264612698 520953582
556497545 263896668
329660408 674367579
123822372 719697959
217817099 80630899
597238292 273275534
233862168 171570711
325739390 816436507
62037296 145069384
888021877 951062809
591639003 583832756
345161831 402193323
843743382 563686658
963687479 769937284
402042173 2106172
484508121 458315567
989991279 661818037
806417614 720269545
887878772 817174678
568130339 899821067
852725509 525276779
616680500 477875558
24736685 707990435
696342001 440036924
126338700 643571689
197386142 544543232
544891510 71139256
342707591 28201146
214187096 820794027
470000553 896735296
548858910 334131337
51849992 283582945
109506965 924191260
167104167 989097737
252241257 388035892
212352262 257378433
302099420 790796362
342186456 348193601
239349950 896348291
28898279 506577906
856073592 717225590
539059433 242345947
863397940 241714991
999081433 112188689
397672836 795414977
416045916 277647934
667898727 959069232
789606326 851585054
688586510 252790933
682470761 350816112
542203951 641696858
444140708 152915695
290959294 361063193
648584908 854464636
769129705 973039498
793753807 790542494
404962801 913341982
661325918 155550912
800792809 713602687
41419013 90276743
545063688 516427510
967167974 167358429
549218432 604822079
321513798 893937229
455219989 69100395
148727815 283584535
977234783 468828855
93058019 253266572
63962224 946872806
703835065 463598865
277492470 970046393
543740189 51592477
38739632 946985270
950038543 243576995
114684280 548093859
940072146 101811588
960027212 66687484
900003779 323623207
66628111 781984468
47590733 786082273
526276668 584340978
99703120 717122541
818161211 28516772
885781211 220690643
567801453 829799036
491873861 245645174
144971621 869408981
676196696 918496039
366587577 919914233
159916232 300497587
667080075 258353838
824912241 92053753
423011360 240855635
429265906 318893677
230727150 61460996
645672133 856903482
495456347 939037070
547097524 902992874
603220430 322291794
77254592 921350600
62545964 749390687
190839732 3591643
341138311 8860130
544036672 292529175
370340487 148608590
592304136 30791344
114118262 373868371
500124491 58988004
877487967 855139689
720660472 214052775
122053357 641109250
517220762 497002868
642262547 87870953
898912285 59975221
217569428 675200805
670149446 464213804
927372154 881462433
722132583 620634393
250939896 441292337
254386193 922848731
969228677 561728484
319119764 712343004
344042807 893817808
313421627 842571356
87581681 603407640
577446028 967728751
613912657 259796738
749381209 190832235
299164279 149927860
804572534 725116812
809565707 714669548
173152939 85803837
691404602 3411876
702238516 780452574
436714576 599435791
873742365 216707199
453306331 888439629
121839496 192448546
285285925 582835256
175138824 314064452
523993067 807750578
11085819 77453389
264634655 260328831
163093222 777033791
25025355 192079101
437530010 946869766
163153636 954382257
329044821 53572026
306094433 942257687
879859458 400402296
634112542 540237573
558641929 717531830
63349404 247225298
77110383 30865077
990032281 135500153
246131226 555050470
689838595 833217821
982233551 861381078
885708014 308333643
299340770 978961061
698637426 38125522
284202474 338041816
535891001 945285028
196144102 38074955
662834043 484877070
154232376 979251787
741814074 948274808
253437973 224706299
654980591 806269763
918953033 996060568
126470925 848754865
37059973 71405564
161455952 809565566
835067540 309485563
200744526 564303009
534494363 434410430
891843632 426660720
213143603 828048171
575612366 21280277
250387943 916790066
852430917 528044686
676394168 422860125
523508499 524810904
4905253 715778373
161754039 182551105
925611947 132238791
550875103 98414960
340570703 93635877
96573787 617690680
861586275 148202168
654213097 10391775
210111275 204743329
88078475 895929456
743298260 971063914
847255561 489641640
625825847 484623388
381629300 988746070
559410201 683987631
131594403 55946442
805763460 330864386
641224872 512444125
537835415 927999077
81041858 618634772
491306473 501482051
653107441 104087484
41710234 811458744
438937302 996733120
80391974 575202519
827986876 888305005
459666724 559908989
934257106 846085502
139114961 551796223
127238435 398811807
810721203 184994947
360481767 626684468
630130560 7078990
166466050 714137679
194920219 887452176
844765471 189499464
383986643 76841509
666364042 81208687
185891532 764790254
485616068 339235842
607941828 765362037
97239722 203569873
993528531 895777591
533012905 84236760
258772502 426603325
760840303 597487465
62025652 618289901
232346112 246654429
466113237 529497219
362812328 460994637
762650028 720497629
862173304 877981717
669390540 891527377
904354359 813748644
730403932 571605620
714507948 245099892
893825440 882080295
320442597 161960247
323360761 715439267
247011634 44793274
818656823 856124150
339984939 783515416
757453879 376604088
3324495 446315132
189059266 53415695
287663770 179302859
994711677 192867526
599665041 771462393
286151509 437757864
664015415 560310077
768392047 62249926
818785592 383831057
762446323 723774058
6221090 183419007
545976719 495408551
929053933 269506567
952085508 830856370
334490459 272417712
762198360 870957061
345533003 715732411
36569023 763950413
135598281 827964418
732479192 510080885
915611247 46323264
886510407 574776674
301543306 585575210
980195965 527097099
287926587 875651132
447313453 614998046
829428630 409367704
212739466 300735601
699464094 411873207
601210983 698324223
257978055 388586865
141994473 626045525
70650518 501454367
14217370 978131120
12953798 462993936
831859965 617029249
186918153 368054791
520216815 996966765
951286739 286350812
168073880 181522133
912761464 64913488
548365281 271350903
8213713 62297847
264809944 212262961
295122314 134643168
111291047 898197005
929875721 181987394
937552740 354861738
905391444 97551718
65483347 632957355
119104798 576398029
920680701 718908092
85439133 889774600
811591462 332660763
701395466 534368091
645234968 906297788
65734963 444320006
386400007 993417874
78246502 873401214
948386311 625782663
481159922 237708699
356441644 503994792
675991564 984038215
233092555 876580646
377110229 537020819
329896400 441185778
756434823 296153628
587725637 823513683
36020647 180911750
280089171 636439718
484101012 902105970
809475917 94009384
504571448 290149533
237992918 176106096
696630928 23965059
868092698 103623088
963951262 72368406
505464467 949941417
918655485 26145205
846921711 836806391
439272875 279571959
696759227 73828991
548539750 516881806
831006068 434565878
602921134 822069044
308900257 32020975
597210678 332624110
8259029 780978904
976812364 421640706
855167720 667311180
56803022 331388543
487966334 9201656
650582164 300912554
1712405 654108674
764620951 188081678
910752230 986702914
58715424 203812590
390755668 668840168
868781375 693485340
806437434 605224157
362810124 756342185
865715309 696065868
932327248 151304666
102139755 498266734
981411245 294177499
639440750 944903858
366324372 613871170
671385335 343381064
4069835 628351424
825618212 30872755
478773936 652376048
142978190 14499684
660209334 365277275
464619456 181241613
386144971 601505970
172457166 333463172
666919583 536822957
595970419 995389904
773978625 862787497
508178814 785657141
545601040 94279852
907423483 966094412
696069384 586416350
776050325 585616229
785650510 839952107
86184850 654030970
641380350 899558921
496213373 231894593
359769113 391414096
475940354 188201579
572461632 190166803
382843820 173846477
48232799 25202233
680564968 406570914
485251067 217149503
83673199 678283597
164431774 413019660
355105907 845867176
952273995 684924984
310480753 76525633
54833056 42545265
854616296 34888077
392917665 867701992
203471842 47914909
254598367 749703421
418438615 558337005
430328675 218892042
225052746 563154522
906429007 494052375
223873751 512912686
964764571 720276975
756394770 675938815
533003232 351311651
537345568 330925534
200394302 770930969
14701899 845119413
547631749 975751253
693370582 767327486
469766057 117644278
330983706 896992495
627034521 520306982
745383418 128924947
381831208 485543736
210557278 822442249
168976175 763039201
638830977 254246722
90739357 149760984
667215974 445686816
263664722 786406428
111189569 145095009
57550167 712026948
577360449 216901648
133895757 681843764
93634397 847198427
951776045 484289797
669264302 271487010
769277382 868609664
311185338 78220780
650086902 87127903
254110929 555680103
934048018 562221920
230533146 737005130
719556933 863434071
239214140 696086380
806341351 300998120
407883576 667983559
598222461 63699667
306966586 916953549
129303325 490766852
859795127 372189625
11352109 695091617
399322369 762323031
403585785 698533017
530391845 47263094
790701768 339795404
681325586 4909757
62669627 102135290
51073161 536630239
746663363 145501830
196904116 92416795
471337829 976910235
91275441 842514926
596199604 720844216
899839834 71050901
667031526 280314803
725181015 403028175
341372179 896471211
955477592 132008553
546528575 252782642
386605742 112770856
523589215 147532774
160888345 267646901
891965855 468977944
586885225 383281870
628300526 52746840
2253548 325407524
66696460 955182544
646378546 432063352
6811480 829229016
69498394 625507322
619276869 468176444
816390552 874432
572950985 688921576
167101703 533294352
386115626 748143023
158191735 460377777
105646854 547766967
887368065 427726896
298148198 975147350
947890755 786746855
301912635 119813983
969399078 449496120
616903042 591684496
304150180 914367035
961497443 312171188
720106895 618569237
3634660 482138140
783110218 645739168
781935083 843084990
653103658 333969308
488730604 705355168
645634654 861848903
516216833 224484325
179859424 665725290
394222836 563223804
308561809 992725146
891137440 269895833
74760819 309508470
138453004 676532782
981637385 444204911
994748940 177238418
441920487 86826718
55065749 534317505
647064420 853744403
410417007 753735504
669842803 565448338
706773576 988639383
247659986 864905761
813772611 819240893
580461711 11079486
713259100 929546179
221542500 210943227
940127462 176578599
529146134 424067670
429032427 39695885
268999331 707118372
557177890 678949888
184310364 974795106
537598199 15424496
761019180 677616799
947882110 12771947
787962366 313954974
128346575 264710563
635237719 413459584
247942526 278166799
343493813 827227217
883602407 179891338
540705693 527700034
648295191 249949755
913622576 95915798
247642559 808394470
875202395 278262965
493440421 354770126
89029289 812110892
48208692 964305490
145101780 722478917
349077241 596734583
489474680 643180190
948059414 809130055
502823429 65178256
427830003 410939743
937359618 876035088
765925227 533333050
87166987 283675984
578178264 219194307
115071324 163145069
737125022 736119473
855085743 309654404
809541824 573782501
137198234 814983608
915292710 504999871
219965665 251729232
10187073 543483955
699347829 988724945
350815231 550415362
685476632 765940379
188313139 613876109
905918098 136396756
361225805 958851740
768600204 991619981
508762345 323617291
93340649 67412144
465628597 98045742
585461557 307216695
944724928 505167833
92902841 430702193
144210081 575289815
693853338 923358157
833982286 574833280
235668746 704406720
106500797 143990064
121676653 614869512
424474743 906294222
521177127 163919645
66776590 981563075
907395358 647698064
440962348 280345296
241292464 12131342
888899344 424787939
832296753 985476170
421671732 396862031
749765268 465338133
106702794 707652775
603377887 564619769
48916503 185684358
814846219 488988802
235331373 555745499
582439148 440871583
702993883 37468449
82432490 412954207
472882123 434917950
492376150 411609129
906634415 434758963
494797433 907549099
157559217 101079588
56975744 428307133
617464054 966495571
492524510 660853302
594391293 736515479
144868258 362759110
337302918 459732067
45382770 984337570
408673524 988352636
523280068 432491737
104069436 814916263
2247297 389181279
752244527 962779527
47112968 431579926
503780647 311039873
415203970 132140397
640052629 695652788
140720982 636212252
240779952 320114985
555011060 347463650
383179840 15255735
522739053 974138274
900565199 847385340
503072813 67196198
416332794 14086050
929319346 784936515
39888059 640344526
753602107 141610007
301618628 894041004
805993411 401768844
914696944 809259974
911719094 80873576
944822459 148070130
913208086 360967825
650612922 108322545
368871662 810475410
218368553 746293748
282953494 438624206
989286886 767507585
144577047 99791770
507771243 320095892
237440430 517381296
806167421 340178771
32611458 883354712
11693689 162904383
581490746 242207336
247388847 351424317
966718793 370475229
98386698 217559331
207624129 735671328
616176309 584518299
965915265 499598001
534982397 786488564
65153336 915767303
310751189 492594465
502107811 93519067
121439259 622476229
119793299 824406950
816384409 896452998
262853218 887607036
3578081 511036852
753684417 521848914
845404319 595261895
542445787 3155854
618288422 255237757
21983838 794107621
215233972 278590901
802927294 407774521
86725847 165252291
272901775 443842725
150069351 800900609
728985844 238765757
328428325 380524768
619182769 399058911
308750074 599681143
303494258 223201126
843130099 988550062
591500848 274708168
940939170 569757616
587924509 375158132
70618688 264019946
78094824 800772477
187264102 289219457
95378607 236533038
423643918 34891132
128198719 132890022
774770353 82110832
527733126 858190084
17799209 461000694
7529373 67319938
440264908 336282542
848664040 639260771
414159837 845669845
843933793 318805401
355919434 414614798
321314101 309201339
894250785 460061697
822944067 733730086
735156507 387442899
946620964 895150994
158303399 738721138
821423275 505011991
416798680 16143174
180874794 295564211
838736199 970517287
528509129 438560218
203697621 579758357
433007534 72900832
894869118 473368319
775873190 250941688
232200385 253567510
520100993 545250725
612414340 346863706
263309493 45959675
856301192 125074130
963123481 118099326
210555741 713647984
20889386 179701464
878029273 742672606
215194466 805228888
520600469 786906522
506188297 939534022
813234338 20877653
930919484 799350751
362128577 306049992
483550476 232985759
432093557 842657789
321073690 849954999
593217311 847262068
718442490 27047987
234122685 681365186
250386351 765091035
745196678 948797550
868750110 339497557
44662450 730532581
879748464 109819954
527129548 579164268
808212400 243984275
255631203 400087638
165060593 285410641
285174152 998365303
389744848 835416355
108856505 57422717
31627889 868766992
828268640 793480767
732670939 771974324
673185877 955273693
971647061 244388465
324373492 119571821
223460352 55629890
887712301 219222662
352441829 436813293
900003569 6603826
43125177 318137480
140604779 634688977
841588960 922866307
463017527 268962116
724797875 180570743
635028622 788105338
578343237 476520399
374385401 616144032
516432211 20208493
860264444 259178502
949652023 23092479
459910012 143702395
383572311 247671433
423085077 415146582
454297087 722311348
877332433 289083010
574335429 82927641
524714745 113234764
674642559 528452454
298149100 315089443
96154648 21177151
368505392 834026470
838680798 219550883
897842039 59616296
974147615 835956395
460040078 904856817
37926086 797993742
291271384 802414152
379661421 169924829
771830346 911950220
961845123 671611695
291575121 481090561
400163433 929445457
868235029 635301091
675154298 969463142
92241001 704345334
368221407 619385473
989517402 534275485
690929733 806640471
900670918 397131139
331445374 25033198
106483498 308858824
123814829 681265141
120702673 235583401
610194575 803502432
428609928 24090049
190826463 460271535
945335512 764084952
191923448 35962760
989490855 624546517
124774123 65407328
666962525 313135683
617921410 394543573
378107307 128515453
910983668 851193039
98805823 136768574
450693902 11885036
179582250 760654780
236000282 136155835
705519442 719248877
92311818 24382946
706765481 731740759
555160545 401324615
851537063 497984119
452144535 943758551
533989183 609744366
797366839 648046349
199313197 333048797
390274715 750084102
672398946 843830192
126286118 163750942
322949641 582694590
339490799 245138699
44200643 466769989
954595745 392902809
456023671 749203271
190036045 973205951
173818218 254614702
993392340 201115726
597929369 237107400
946868417 992496592
792593695 120023460
89395520 834719256
958541482 84728739
59303430 925383069
398017856 170084663
110788252 841637773
420542589 802654630
873494536 822271251
806124183 560255526
660356678 95457134
607437332 128405023
220404180 723398966
993171583 514230299
996926991 406871937
523518458 455328190
730223976 652693207
815005749 817393199
216827655 433882322
504423767 538435733
771843052 987699323
847502342 967881676
624144350 19191130
95769907 406054991
84222941 559607946
447194394 13666495
584615810 673097882
363473757 161276533
579289153 173485352
956740283 899695364
53725991 495237986
17129833 719237438
386772678 387856450
330104853 102726718
825996538 171793750
277043054 102768774
767813813 62964453
340091551 247851347
265965299 354396655
859445199 768604870
51069468 675609304
652230098 581236165
8743384 589303578
471960437 572517893
521643284 169366532
486190276 161360720
999941493 393477030
832202208 289383846
264615811 715773815
467669158 356292488
666329182 727261700
490861717 4994212
884245432 683250305
846695820 14837776
130856608 888264304
162280515 15085929
87902412 914010362
833157543 136605205
650950362 463721317
799562627 835786396
666517174 952983815
61552322 455105890
999868761 209530596
676154618 470987640
597350321 268892731
890461725 519869547
176782206 423044563
571021972 402309958
196318173 736832084
222975774 621331234
439277915 238607064
531635318 581733467
467411802 836992220
322802828 259047031
133278882 888986828
139284631 78602013
698342658 863410187
638238270 414407155
737624052 166981676
720396171 518808452
768828387 99693561
529267660 192536774
837152536 466950699
151499021 301648243
353086979 537014577
950975743 154718969
785356308 957911049
416842296 863046046
488553434 3090466
785247465 847730396
327528289 94772887
52301252 498644286
589280774 156015379
327417993 418463920
988819500 966115994
146734610 401444258
57077003 1369690
797426768 391191928
175503167 755097306
81831213 657321201
976735983 844078244
494417022 520122458
724825517 154695874
957699308 926626357
296228884 869817225
374289384 812713726
40140599 394145060
235270009 937584530
50310891 534193791
220599707 335441783
263811589 690339407
765883812 758812034
791267141 130337246
937591515 128708098
144409177 803316367
823180767 752787908
243369498 98052487
419085915 724591979
948999610 50904959
928818262 166187280
801794521 787559895
711133858 317987977
943709800 937427775
61104538 497813778
838512925 348263551
765512934 729939894
947657186 213099271
730492230 567286754
47853624 109385948
339050009 469776935
994429742 238277360
825965325 164680793
20248830 493585009
917204095 996316616
336194998 227400987
603149599 377470939
952234691 37219342
450761459 447935588
620101364 79481365
380456303 905248060
92809713 544413076
589519320 802181983
76230446 518681311
292759181 664128279
424140317 232780017
436769855 185642099
972609938 157442579
402801941 937178128
121450792 175036851
85587410 977131961
405383440 839858647
717494752 20330316
522095484 126091424
117670087 650410779
393261969 65488566
667084457 211664950
468802851 148705553
916004827 735435205
923799130 774955332
197074552 318048914
487521206 158691570
731351258 986132038
843276247 135343188
18278618 990614783
298643847 971587388
911999336 886318933
190964412 322072782
107925277 731859723
327198475 599174835
331633589 44213549
794523860 371166487
885129982 288525521
277269377 449305325
465776004 810102354
505941418 886224055
745328456 502892352
922406198 61956128
188058210 498630683
877200908 416058011
520415373 740157703
120250164 220920397
37296139 377007501
608598878 669945823
285760414 825878691
757530686 281451449
814286451 33248329
957292009 724593218
666702609 803921175
659709120 561923279
539771431 97151669
680541490 529418700
253693810 528970627
917164343 288898369
883667510 478261290
321890746 342737356
646778829 521745455
848239278 508154898
900074865 667780994
924325186 5553407
924278756 82230451
484255576 166918347
814545669 900472502
663979009 839761232
713825482 81935969
4035245 455877522
455694517 960917600
489964036 500226423
629526714 38779786
640742783 239969403
37073135 969266732
983337899 552962787
872487459 68937690
709862501 335340648
413510731 939099301
770630692 135488796
102786764 116729848
619591908 765450161
279240922 346642938
63336954 103624049
372133127 475497666
362500849 818700350
6019702 161759077
851674669 614159702
591845452 390045189
211146423 850845690
375973499 802889669
532190975 360715015
525609513 41452478
361913538 975051516
862133533 432566596
603740764 55009802
461606045 103605877
234144349 463478487
231421156 165549992
258795499 672335475
594894756 125478380
885645994 97130632
433408418 182033520
653313309 807888042
748808752 881614305
458596267 154467873
485596905 954040648
230297751 619900844
721736167 386928105
946742751 363326607
828214570 709352311
37962274 583568636
453338566 66460130
23056717 557843382
642717350 497024346
830235810 747125023
917169940 729514049
830867224 528623016
796614665 85799655
700080384 675276549
336419551 252608749
8605760 339772286
881465217 954614218
518086678 499005120
132738801 678414211
708158168 276241721
362603676 653167661
470654361 977762673
664342027 737579845
883122593 753477127
204294123 314606640
602486013 832410122
497399432 720485631
167289285 838594312
683536560 1828927
73137898 457413885
917995768 962430282
175949564 560802761
572427251 219298927
435847372 138567507
583839266 434768667
331868363 206111824
898707884 467967738
885967514 680136654
442462284 635522941
56965356 225756981
964375583 575176454
491114306 182115151
122828525 889219366
448879225 695324741
601124340 164117222
459306655 997890133
282029126 61238449
726671572 629154668
245292764 889687692
448653968 44669216
416882256 666845107
718250513 173689065
268086969 796539738
991979316 519596319
834013568 349230436
632423343 644450440
991639561 636714808
836494719 854338636
367268229 426320510
282216052 655372100
918542166 395122632
721140956 777271195
845462469 797283809
232680245 497935439
693057373 222104437
323232742 650219224
594911854 938584924
379142959 433831346
568870667 299117334
894996867 300532259
923816990 984109338
442896893 482199348
222532221 194893513
14696562 577618062
143347807 336899535
628586780 432499734
995721109 739609830
253597684 652275031
163272925 583994942
750087845 707977756
401482878 216636143
841218066 419778417
35042321 993864996
375013490 237952791
64408010 439016393
735133764 9284637
925297673 831956717
146065758 222018257
354822541 397343147
635990223 657455171
153308328 17884264
543040019 357352432
871134152 403388679
291928428 505737071
98007013 120737519
461446135 155295367
797171154 503629597
982240692 177383115
914432806 680340370
601511392 732221697
417464541 990824377
949481183 822685866
163684181 195547137
942805061 315836068
32913271 790423721
656475475 674007270
722460923 271437534
43929368 271506627
677056159 223512182
488193936 706702543
51703406 874959854
806931496 526035941
109659994 408295388
497053803 24358251
316309300 514363005
364381838 432225067
794635928 31363648
513405570 681389153
779623415 897620324
699953424 905962532
892479899 933939700
18821505 942073225
195655493 971377761
145087236 73556210
875727797 928753714
19940751 858210763
80957826 62811112
826871815 581716126
564853532 257038797
978077691 862677900
265349655 654394020
989780520 176960871
578264639 173020227
828519669 465635742
465882132 898319437
93016614 246827085
910602852 666860063
948169383 61091580
286173687 452709154
856086574 481667838
421362306 461393779
512756518 435620465
784675408 268751756
274801042 669639785
8716059 315976315
835688208 591200047
885938268 713236477
342587564 78585258
576614539 613064629
269580580 998917441
768026085 970092070
745620385 815457761
760337728 349290467
734274957 88933243
738814127 707314891
685151364 57049083
979019732 29985977
980984335 860568850
487822830 698419754
630867021 876376028
