2000
513399925 410317276
853866919 226561046
815186693 862536239
178834911 841298285
139622476 262887643
246566914 815855466
212167028 167650682
968392722 130796083
110217180 118213470
794875165 360342050
607766772 804998942
69282946 566869008
115451911 263822183
376140100 291502673
201136628 395008800
307997312 23332629
839228133 717793849
9142554 744901142
121222293 682581574
448762758 530822321
920156214 1048658
753537041 500761848
681732877 333212506
894720646 135310839
88459812 324259755
345863590 446211177
720225514 823327000
590810119 673863857
71085202 819242852
324101411 684858606
151610830 192419015
448317740 725855213
101233053 163887909
931737514 535295815
184234398 99483614
173651804 654132033
695366919 296133349
437060943 282044855
651834565 972449213
172306709 235144359
342294877 113356221
509911237 525063497
474449330 55012046
448331505 338958477
745397373 880091833
563164280 834371018
323729162 5563382
642838121 224823345
730579284 802177528
55170771 109542692
664421187 747106242
545330531 756428885
384959641 94277421
722995741 953752910
252700406 19641427
508619199 889003927
410124943 19276677
810491642 358720100
737324831 921097738
972361679 830194365
522328640 536087804
699941777 896815732
719343820 959440440
529933414 77414304
844823790 715637686
811735376 324435871
484279787 578469659
477456493 737070606
445540835 864305773
284651893 322309575
478925831 981215790
641026604 440584706
72320650 74054219
193883349 532949593
219507024 479402692
778956156 967001136
881820705 981455037
222110645 997887540
511485591 58490543
396957973 715938528
840040573 71275457
517629618 724141244
498095562 741275090
197516475 190161081
12986608 410248229
230717195 477847079
489707236 725815801
507134452 580924209
569234541 203724837
955541639 620781005
532651953 13100885
908405264 352647501
352739415 397580932
166682491 765247681
755494698 330886836
777960786 360719108
156958079 597511452
134715507 951139667
494705381 119363004
834398799 825733377
90812167 182344406
979433094 659368570
629656065 625723559
115636475 837955980
926346077 533087917
938969857 307197507
965075718 766220320
845774520 106447855
437428328 661637130
520162500 102293871
895129900 576936617
459182540 549458691
826294055 953164378
796529948 299766811
289580112 706348902
224413204 50118658
384319937 153095678
848515372 686736231
623370527 26648273
195808378 841280820
963400941 903438521
340328417 13168427
892774458 130520650
130517881 511943550
884497979 31351978
48113241 807704458
828752426 655121536
906599524 118316377
482429317 187698425
587505480 874820455
568253609 416281352
824099764 989003983
596745714 498903301
615470214 936315198
461582405 372202407
11840790 815352084
403435967 732640018
368615641 100230546
717745889 774403110
977753669 75485140
670081386 729800424
472560772 964245283
520032901 748214311
65295446 817438287
310329355 138050445
160812360 996074661
69129793 217918218
93580100 390748693
805022837 47994606
512623015 186427478
966938003 800256557
814641418 737298781
858192707 31976830
523438189 826039460
576976935 457465952
431701501 591190370
435429183 282119165
60367163 95500540
805023659 909780605
15081208 465507214
163208555 937394748
206865063 903179794
407974640 481328968
500838345 115974649
816719558 555296738
94626376 426058568
200337272 953360798
436558854 114608179
855133786 713567155
169849907 41311635
514854874 256881174
701446541 785522039
511619308 555193197
125519615 981387733
431820500 175363093
478340179 866429000
494429175 607046585
816043518 139906544
425818356 775759567
184550750 14612985
140651196 666488719
307209490 99807088
176069174 141007265
194578590 799912400
329132084 783074295
173234693 550719620
273974669 864078516
534739414 239883822
676939394 166136716
824563423 464821974
444658504 834702785
948156213 541026622
155568860 804687606
507167153 116236522
16942059 762488554
788232242 905506720
430332995 2955263
369459703 975959623
66800323 683520382
624318949 968496052
615186837 566198764
151983962 310825363
879919664 57489459
327809770 893805428
12469438 766330424
766600298 228264226
748764199 244032315
932216641 129836189
371389063 451833441
588397845 127674569
129791626 728413693
503911911 106460856
649413342 771782357
417867069 499581255
87517311 253725715
753201248 940780892
25034277 713053542
980703985 595407036
31051953 59801742
610374494 639916490
196804819 110169795
321317854 82315819
797566097 380829742
701669488 802668537
341190820 264247798
934595529 674254140
905336654 358710451
463512736 446880455
364874114 162504465
845505226 58340028
30742796 844276877
412300514 795401127
682560790 324421276
922588609 463695512
722824417 86037894
981016107 447892291
877190809 865047893
326845415 689193702
852432664 284157500
234703543 848571741
504109770 645537785
396179034 289783114
650358367 935856832
382842199 972545292
903366058 79662699
79616870 728544300
33822470 125496508
396668415 159667602
101494577 422856063
932429809 740618838
766817620 701279053
904317337 40430958
793717525 362185747
501495121 807467712
660578131 572762660
281593305 421979793
718121841 679052393
645124107 977739645
698759866 318835402
665116769 805263233
798712118 83958805
743775916 249889086
820927197 660007154
926730704 586075171
482876594 189905381
605881597 960553693
382522126 154530375
736316128 510123401
788598392 645971603
638598447 87066674
470885534 267595299
521409256 676688002
814392702 180083878
179153644 220991500
442024404 589132908
958901719 801547865
330453674 920057374
211795922 866559631
622072282 964832215
9251428 787723475
883473580 761323474
66305252 787083629
98349860 723908641
971602934 653345109
17582859 959970942
887339769 264443826
762913209 334769666
49840541 253432700
900149258 448106660
592097806 680854746
395066507 995741809
294653979 299597387
316630383 772260486
926275397 326445812
202916699 288235892
511884586 539962888
517315868 797980848
198162116 684325710
296498837 462421566
385611781 568319064
247111539 781983304
169598817 74590723
308176108 207873653
508953962 540117139
600193950 286170468
950271953 940181333
167121048 918755088
85880338 414254163
915868680 82526352
838613260 959662843
244348683 732846476
254240488 223443784
322272058 847497692
366798367 708011359
470816105 769885343
973135757 311340101
345087994 975491457
155884050 272159070
502445510 352100267
336284809 638578104
762981318 334789983
504495824 955790534
600285109 588552928
709543559 134629704
869957868 108798730
855742087 957110731
459202120 230025654
144221659 412869841
809068970 118004177
547589983 57592295
263484342 874164251
446278666 340181258
255640347 661470296
143930506 317298417
353553264 372140054
523376863 885800835
670730911 398411130
70159332 254656690
378235904 350161784
59770297 744706097
227293468 465980706
205716636 2054464
383622525 833715384
517766351 481168058
13511070 291788789
756419611 839863823
149515739 659725931
704033388 446196133
578504310 330956762
942441920 716533773
793979139 852720842
110954558 424292831
678754706 711095888
953827349 564774464
87432445 745120811
476324770 241598767
823722702 735229394
989560652 354886795
859385971 601949852
821766448 744458569
779129967 170165233
674182338 910914331
410910288 901012472
809773062 829197466
303078494 770033890
438854088 124694442
32608106 541955031
75998385 97382499
977159328 319200700
235332436 989434393
73867126 559194794
424400964 279687868
321423190 332027332
560151925 474964583
620382342 681282137
965558451 925177272
392610975 636552791
656189052 325137952
188294917 895045377
829548960 617944127
976844015 579330462
813360965 557446732
66703472 720005975
49358483 876674253
398203263 667959487
3462239 149115119
146497337 571078475
836484143 239930406
192438583 58527317
43023573 879812372
875090746 872644703
185942515 851609811
572471563 166808970
766879096 768962740
830076770 677467127
183636190 425118846
829837496 597222996
26859171 343907252
378830861 591390553
962915690 614576979
731439030 51430769
379226283 415079667
198005598 117237917
865422466 832256769
804524357 217341295
647809670 124136111
572397487 931209169
490033906 534695208
237654963 501038502
237480451 889040091
415613630 548773614
637332107 178697502
248823685 351139684
690041181 892707905
886421132 984032578
969737207 405798745
983432507 612825373
85359872 6298025
514202235 404702530
600240261 513533531
770686268 267254608
953278003 664992473
605086076 936882280
521136194 189045846
955065810 84641659
789151427 78856758
189237377 381525282
351161936 878971287
996189303 130813877
794039933 372011391
802198485 102739142
968805313 967534839
276780607 790168853
155876758 842267955
305557895 667407802
684649226 814539379
121541011 290249554
225195925 502827284
810101024 707251612
567600300 659470110
132080943 699672766
471111636 534022638
369346733 69884825
514757030 79945585
425480120 918977241
155925111 140832033
972542567 348880085
117828866 694050083
226500142 427757375
506710964 558762924
552831328 168749855
922770153 481240083
75232834 698298628
725696737 49342473
390366150 799821366
423127596 422993194
149523763 400762800
61183829 403513692
610678993 528882986
33788128 831417359
611917176 391894978
883157765 229083707
416402214 599680391
709837840 135939211
869047703 529603456
257122030 659921840
632787479 250908047
961444730 963134629
505187354 60938882
627292154 218065918
383079277 70930997
823747136 735600593
200165143 893703529
107104870 585886423
784141241 869276645
721357394 239746893
184242733 491826899
788748244 352509528
979406372 530579338
215630067 576462158
659899309 280656119
705481343 337518090
242153028 8141362
700348041 743951754
997039568 864635443
325630271 910164704
537049356 456584725
158595259 396441153
42419392 867620702
395378835 797886565
870143329 961143885
539568942 184193893
137663341 103450647
469306665 788696099
146629334 731223829
326465319 171973465
485936399 394975306
775610036 707920548
41702437 620702131
761150755 808800940
492731605 292769926
147707823 828131122
77494630 655789938
329476278 540882208
646736542 845907011
425354494 44358594
555578699 213179594
36125097 952916018
695484485 659553516
474175834 614966594
207055953 647099286
792433067 976898963
188892402 231920584
308974812 651007407
654762755 787347634
353732374 84137783
173478456 908544636
6308886 74764251
986099137 858741052
149236999 463649795
950614604 759853262
186102808 991241902
124808885 917927728
413410537 233388319
302045302 198569541
256503708 323987645
771144540 898836015
3783865 382172342
832212394 36050324
789018661 177621320
523072445 714833321
746781110 315648232
45106052 143799443
684636855 904144527
380418567 691478408
409639001 500068027
654978292 545556054
60874218 258257169
37670444 792074696
606817951 766160740
878493728 651323894
308488823 600372118
612673362 407338995
288028985 367845925
763592990 186136663
674650670 754317686
16742550 352670048
95292614 499696830
327805430 327391376
621372884 566675716
433097582 360526468
147996045 884712875
581628026 495014240
538982372 646580313
247571643 666540773
639060369 175948547
86691632 347381139
972234452 607215049
27041755 4802858
203600840 747721562
722243543 804953498
670321424 335685034
884520334 213114500
377247663 601795850
669854212 392583641
163356395 358547439
937471972 281155689
505081548 440180632
5489637 355091912
654664182 971790291
993113842 731040392
499954745 895003693
926285107 839523748
438387229 717264659
261864227 748109434
166051138 753669896
466113977 792661741
340274361 949272860
632606833 237175454
130473321 774874017
869653426 169182534
468003698 692468400
748542697 47385030
530502280 432909267
547997459 333346826
110331424 380760485
668554690 90212194
507650799 980746100
929045337 618962684
372303705 163817948
904293302 40466927
926853289 940335145
824422890 635882526
743767385 917377305
932179663 624170132
830624555 247540632
460957288 685109170
698874519 962589252
137844312 795758408
896368532 835688547
919444358 501897922
360990996 811676518
571092681 63070547
513171481 819743312
99996004 754658532
40912616 377248728
608479269 944779390
622812346 767783637
988911343 944009517
266965765 846405014
536648202 471326098
390273776 972050159
273514526 117534438
505387445 996616961
410311536 731377421
842559955 644123099
719345959 21899050
752343151 133788330
335339574 951031380
406915267 482677721
508384931 940438851
621439144 122124033
469979435 548202273
498593254 50323125
447116477 916129789
26563769 333042362
167114029 565251226
898166464 15140714
318771967 70045425
804279020 93003530
117463441 174439088
702537122 82122095
610159641 126716978
66140520 154722944
786017799 681043090
479713503 81671312
175417261 76165866
992663917 274899809
602908463 316794524
47033268 521464773
12237485 762004751
994220025 949885936
169212920 410597839
289279543 5250085
951421230 80429800
949053308 755899007
762423063 666629701
644674877 978464165
94833377 151759431
590709098 296464282
603386005 692752205
81981381 154431317
890542214 398364176
554018928 979618382
482292108 116970371
218637425 977982507
959079342 566071127
697410631 706251427
672096010 291211511
763599233 143893591
995284134 665919454
320548718 701167605
541518352 114524074
143166133 340501666
833601735 154440478
89211875 284723174
31258837 78389944
769463853 814450494
635252212 536253256
39851285 117511814
406576613 584743311
468212831 775500116
573682780 725898342
519244845 402059600
904996412 512747585
932363510 667233053
232752528 396074425
291397211 367836524
607232265 880739804
562231255 579183565
223648077 271924192
57158907 691519484
695218145 870171182
250165318 578745166
766896142 109903086
97047422 789733190
499092646 173048246
535962074 513109317
761841990 967326307
333967798 757416601
601533149 706542117
54851446 163513106
107251583 64749009
726605029 393682555
57154775 695278237
747985255 290446566
428354495 830214803
703197824 39247151
23071955 350399397
310675937 584473668
616136864 335222886
665323643 784861270
279580702 704506830
338974276 42569674
796204948 121197013
889005919 771982364
996747832 338665975
235029040 223323988
451551926 137756545
240250905 799549824
290309154 805946893
257814591 770689568
804003137 17488052
985801531 359203899
517482796 601681491
998761529 984094216
998462956 99031282
963775815 577280105
100441642 585211826
821213171 505723317
456648689 227060759
128353787 941633061
55423775 857711523
458906786 101796646
762366131 922334450
196598738 766906143
582718000 673164845
437481780 959573163
671210240 392714934
449561087 213025388
894041474 660755440
82080310 765916137
917169037 577640081
873307238 256925979
321674012 898103911
840532228 349494355
816737940 81957723
573911665 269527362
413589437 497431359
196690718 197553949
865327315 269501163
364453493 813891344
71679769 724293489
989825138 704964311
896077069 460310131
935410501 418702376
593462155 839949977
109274075 771736690
975400652 953445375
833439719 491254776
354798830 217466771
401032030 14609280
382183653 328557181
482692463 479885419
368821567 164480398
918478050 397644294
315103457 38831141
720834889 257340737
313850437 151248637
197297789 79049194
94532011 128593146
427071527 658552258
261427390 651345305
230729336 768310064
492489885 937926707
437228340 150431583
205799640 205868944
787955139 22264003
961029434 8263077
973194116 707305802
125215003 995899628
982276142 326878
865321789 424491046
775068980 572156279
818866010 879444108
271625619 621271805
416391303 739708066
458836082 36188424
283569608 885675139
337942839 328651369
562723542 437298147
894236412 372734502
283887969 785624887
783764055 588941355
837860783 484241296
262815453 354352585
247501026 604278231
725270299 177431533
230280774 371505643
443235093 959491861
178987108 915821566
885874778 129593057
123376505 328866171
10460002 406155725
948351253 532146950
587306641 791145015
425193638 775363298
552881994 513980635
778782982 632361738
460134540 992328659
938847124 92444100
86472073 125018176
2765205 81104709
384281360 749161647
607149220 751866309
84581425 247175657
249586237 177285191
687551963 710178763
367268523 917607261
9531623 276034984
242952658 870239447
191682389 199289781
232211053 976570481
400741869 942576407
133790299 172952422
313902016 651889856
557264555 362449068
902926565 623229255
682451569 357566477
332995122 794515678
986208463 487057628
185646841 706036697
382156378 43028948
14014424 791693453
676003700 414009991
974610307 575220949
45249139 651191733
93397623 542055710
333306273 184680929
538540457 370514516
616004503 485251813
468756984 884103421
921024622 4140416
591580765 433108773
45587394 183243761
892110685 816245755
46014209 574727177
630650481 817163490
573560813 811354546
772938362 996002843
176539550 730162024
17939287 108262319
8368105 725779622
499558257 817458933
571780578 646845160
141461076 713222278
150797 323470831
545241950 535447840
713694153 832258668
482902032 39981421
771155500 780062194
411139565 564095554
239768362 59719650
867038394 746158249
210649507 567897485
731530367 112509548
29989491 418874537
399334143 475646814
939924058 564459385
180743757 523576649
481914912 509410108
415057018 39117845
557590289 912526374
123144623 783520183
956326895 795000889
308494694 357690871
432665499 185573732
677612725 526878129
667659025 594588309
901730927 55055920
331512462 834518942
47719675 777030024
742078388 587563354
666064393 909781005
870549230 375841850
303394234 853234485
8291462 815326618
575655643 745519089
88829944 780384699
161344804 519888301
437237524 708869730
58112886 264032109
192208102 287891706
447251412 195608468
920674366 775747425
216393857 291532853
636736493 994316617
864474221 139904026
885399601 917115088
558425124 859618318
565850232 690496175
577751730 267878838
511950351 800685321
917155794 562659940
615176820 688624277
229403780 855772694
282612855 806156630
81940692 588159282
943658243 353799606
426593532 937467377
87259304 442634144
630562945 332044920
105895760 951824034
433142913 952858379
669219811 620186979
98378244 425401187
246700171 481218447
669050885 766327749
945831907 573835832
512014723 975418164
877794697 76487944
857850990 623573694
731631135 954159532
181493956 300408092
573135424 816531199
889200092 668997401
288261832 662429044
7684315 175672929
717401819 273973481
955194586 314290344
463972569 890514577
805303696 147903417
217983450 868742237
876233033 985582628
120187397 647657374
265749936 894767609
948933428 871839630
254463028 435604058
853061577 742225684
770214839 889017242
493337429 611607634
79377113 532519903
304592044 476639352
327622663 393316398
396676957 533135254
220608370 238823324
563224248 781144881
737535711 684922187
51071504 384755774
207850554 886916665
468115095 830284904
178959639 820878843
874965677 651739907
229925630 882358970
417743852 389813668
427142959 248214735
970269954 928447180
642222775 857529599
824515588 39515215
114896468 340574524
483817141 237499395
908056961 730839168
862782730 208666153
149951389 548338421
30785513 28704840
365727150 903819031
699455487 702427238
234663470 755739742
575065526 428548529
816472100 806833353
845459854 666010636
696111696 877983653
88571678 413633878
216892193 558425850
985915322 423382217
237450652 230480892
739337038 188367491
6477306 970379278
137233126 709885609
231096528 500193114
558193988 6451153
637832690 420991175
404987614 675576023
80606663 733653923
802248464 438208949
318984140 610219923
462514886 635661702
141221636 31304484
702364565 122967047
56768605 695481344
756725802 188094431
118522694 584913066
74222133 9923839
994400602 150529101
170004274 35811167
81724473 456113188
956300205 805116497
505747424 28241093
397712451 980340557
800117506 221929922
950423135 545973532
453577767 442171219
335206738 986357153
425869878 745780112
333241571 281136270
193059840 578280687
786028165 74119605
900138007 425659312
476186917 70393228
947874732 574941305
451407231 857384951
468928462 635146252
734942239 521290197
937686901 679796782
821387034 36403658
744053970 511402611
775167646 790542
118487676 141992045
750995037 131842948
542233611 694815954
675451555 146384689
536246682 479100994
960812408 309095048
33291116 392921868
378396451 438860322
794334793 193400734
440619887 415238946
380141005 32645056
348232607 531933825
873459313 738552855
613211868 323147751
554829725 214307337
952177771 457559750
247819901 564336102
141316476 389140099
682133230 910355768
847968542 617050844
550370073 500227619
123044710 117330334
74734940 678844159
183178323 381660892
430645033 34351614
22582473 505388318
914954241 153353559
462361487 487506632
432471383 350383361
368705344 710177963
758600919 754290292
351024420 184176338
440362843 220770854
736693978 971223002
926260989 230173029
702809167 466190378
768150068 741326170
667632166 912664045
911242610 555706543
720922111 225670278
388351117 256724054
955682415 56514755
631163953 707401868
147515853 304395929
118436783 300622626
936668151 981794673
352047611 793050142
579980527 958359798
786830043 357799106
332061271 686407344
22511352 169602676
758854289 909534719
634234615 592755359
895539784 27158172
83190667 840920164
639103572 478553585
915176728 944848098
158836100 177141740
440738736 950642304
793903099 333284068
793352232 372932569
92458978 988815346
352321969 757029650
603046624 622836250
581829549 984518131
91561536 214526884
263034012 27625817
907545297 770435318
947167528 296583950
788589974 442021080
713129293 439232316
625972650 642616221
603124671 47021632
437828546 781758292
271750813 396458642
751011841 463992030
43997482 843968134
74496791 839888846
805763874 334046018
440075815 230570722
592029573 149044935
672797244 856318364
535810749 710573906
444461437 771075460
910659741 655304750
792033787 307494341
719933518 309800528
124581869 419115700
737282177 744425878
985283906 221906223
153169857 219767118
40072752 954273674
417728753 350643591
604198387 201599492
894710989 28152343
339216720 642851884
815492988 37613235
99302069 657145857
184880238 128558040
202636298 578053529
734237120 522801317
263078616 907435357
89276500 335074404
564029189 704799695
220855067 364492059
276939198 674707728
501771683 891492529
145225498 113159598
856139563 103826658
88350453 687714990
833782246 309697731
761373457 865816731
205851286 977582315
291509199 305809840
864943270 327358120
268320415 696970968
914603235 282155066
873987490 690056739
890506146 244941296
94061456 774078349
879635964 775887611
139469746 567709680
452458706 388141600
985872001 336975992
544295375 670863745
31484892 324447254
520610398 138523486
698385470 862182922
153872404 930673433
804838499 516373702
166107866 43732119
180748719 616724556
933000968 863227285
788733283 350775146
229380115 187794133
245790684 942447507
711432025 516157480
265403994 43351733
564671049 666175005
408911137 84144249
569223571 103967241
548999912 83181290
978963587 182445359
16667234 466608594
152345220 770942492
698509640 998828183
742363862 184393519
830623807 555323137
64946637 666593567
253688585 64619187
730004492 828861172
632104450 420156731
660652588 444147599
607439629 202310864
216358339 440389403
234073464 780312228
709799007 886864092
38420025 812068081
127927513 969185251
57388935 942701310
739467726 176114159
960434088 276268634
559995876 752561185
565360794 47076900
914725489 446076528
240286441 169036100
366486575 868137295
336976760 219941594
256930799 499715692
675143969 677204475
723951337 871789836
281271389 286343639
403532711 639147650
605086610 274458302
767256207 148942713
413371664 451697065
376209049 764962964
913513200 373673293
598220249 757641914
99212427 508063112
882276701 733967092
276321645 473369282
955360155 643281955
195265518 345937096
405116501 533170123
127775396 792443837
859457763 814060432
337031802 997848829
708626149 757711676
80789123 851829623
539617188 410612714
105605698 673612807
794674081 140597131
888689124 835749079
670575985 297033412
577031174 479802694
582906887 130829560
466138070 257935488
513892900 578255139
798936489 677419130
253355909 149359409
642213429 832168518
530272810 115284060
547280323 973650459
236014382 302029421
763213132 184894369
331399107 574452080
116623109 265868929
620377514 522182790
148854914 568666391
761465391 871097902
710146367 575424672
386757885 466186038
470959544 342144566
465153636 610525035
548318698 826597193
410977679 216955282
229274024 782846968
478242843 69773054
617368661 265854287
538377691 744109918
150051192 158024027
500100716 480306291
293554073 357950618
726968730 527563941
71801244 507465036
857106836 502043409
474916876 344427014
735513955 432880805
731091252 383226909
540631649 797584264
370161803 771552126
939597360 491436886
837443519 470571462
691257821 538986907
976704108 260983743
444254653 74682191
43172756 945833070
815727319 573165939
765104875 134206846
685322275 249751277
521247234 582867343
469166051 435543267
567206997 285124500
63476033 215629102
954204176 82742547
848951599 318468587
514474433 89983254
179060117 27547220
306592082 696367445
400192549 362058951
267960653 230509832
538907593 322258395
952213713 512161249
110678596 660613390
265345814 281973477
655155388 735316927
727553356 615644836
434661097 754371366
868141974 454218854
595801766 972669997
281708692 268527303
312320097 360058650
449689117 790560107
271093224 768921285
925150142 627726650
223870087 819228553
45213395 868035524
95271078 131779789
100527621 393160274
387912934 773921947
566889312 104602808
983168915 34358919
63961630 634826551
717167260 944754407
420769201 674456497
751734576 943095149
601672111 737751736
913724472 182654110
269772077 298996144
892616365 896896912
388865237 857923163
673454134 159315333
99147108 401621787
90487914 385047659
998345572 963248770
211274405 551386202
108858767 139164685
217979093 294957341
815347902 616005492
472186517 760605586
364301782 157335366
233143486 439262345
837975455 479583233
114707365 853164353
134316971 491391832
214286331 562518551
668925982 793884212
737906490 867045062
370391129 131332113
538259805 856620877
749616110 577965026
935174158 25488186
941691024 726288335
776784116 20188989
403728725 58998712
733492350 764616251
315111027 828305888
627813949 852612175
892580601 794244559
953834106 211258825
142998054 105390855
585870498 958495810
11249425 348176105
537111084 271813142
541611530 227136672
420567093 264243921
768816133 15555750
377430483 41057637
825601090 465574160
184754252 757422585
288495527 663661864
453905898 11971017
642422011 777052453
792847854 972596586
829237167 870593339
521743936 292702127
642051972 486917668
128245892 749058065
975658087 497109433
662430913 879253236
127589500 327307906
86858915 155438442
202667103 479856997
401532980 114030843
692894138 907985661
153985825 583585632
959392021 648221860
655085787 41069003
888965680 680778169
521293594 945178723
438387351 589266369
684682733 792719307
108674714 446686798
208521457 117470904
475429118 352700942
882538303 712170279
205591109 362548187
417050566 297374457
182820056 399983245
87144672 973762306
237377563 408503334
577449543 236674668
15181611 205972089
420583014 513157835
114771884 330420988
307267678 911180335
988977242 297231590
381639668 530005180
463851519 323675420
163721244 319639727
877457395 99836433
468161460 227590273
510273946 498542536
536808114 32995371
172504623 902663695
27102972 243056021
550328150 108123499
185063854 870168049
204732504 930715554
721946392 252260648
392568899 589699245
821773858 862584827
807132726 86323778
397207282 322256659
91820531 397288862
200830054 685533459
983311615 293865309
127341059 122557600
25693532 63435967
613592174 520309689
658500894 15909512
194736678 634047335
662607294 272416140
390796301 551368986
463273529 770399301
220331051 704610157
140348077 889983761
226527393 60841634
62773088 320509756
110374035 894535551
722443708 187307362
429578585 829974440
187947726 805800206
213923643 252346917
244480449 491215627
971254557 599000427
398556757 436645307
355690395 735783424
994102767 875939867
492428936 41074085
451192692 750089754
114788414 517342761
811212895 272012592
367666641 906394765
805432768 531260133
618034432 221327487
533768370 449268343
818519114 118731334
838242911 486805268
517289395 456834100
489066689 190445264
180239447 556407665
935759474 560377174
572887391 818972622
621676854 95188895
181789240 481821316
489496301 966080899
128555716 56000612
745226633 68701099
565477639 135979008
639602841 206736168
791804550 862656221
331494542 510941176
366256874 163133153
727165649 500401790
91726183 938522955
858090105 591420842
102624449 67098223
597094387 275119738
710197144 801403091
103481173 803821411
344106452 569455954
281147477 918539348
455346961 583990576
791029149 973020771
603184821 461973092
745799878 842907866
236119695 874373495
932515456 864591122
627742916 184145892
287817189 818245715
563023112 499880487
422968088 779073617
659068630 709646544
716125980 763484485
707509384 490054829
891870713 601892984
724328506 531606362
565361367 817065513
520993060 305738332
903942772 527571540
490046301 744929129
789744782 944895460
633001364 979203517
986051527 625795931
59665779 539602320
405448002 100488372
476698602 345915155
131998368 209307260
695714894 682699251
373670571 266555805
178483714 260867216
649468459 808995679
237003960 876955471
834994852 317373324
918826565 621129876
576705279 112877052
407129767 958038308
349089525 241062713
473319542 440202935
383987825 380586670
421126191 407154288
628703767 634873286
661859943 292249983
856945624 682430473
364061089 612374792
543976114 52203242
808656246 8676203
361575743 599788782
410403678 38769037
1496539 609045282
77532730 352502854
751928252 869875700
878819806 188285539
6985569 75173601
373553685 914828702
180309018 77111937
666629798 907916123
563787841 242818121
726905493 997550578
637821443 504723424
643113359 325403755
927626389 573401262
172522800 734571304
952283181 894976076
289979096 937773586
383196537 144849568
634981804 63958058
602043333 168943439
262588262 627565644
208164532 849751807
604122531 556479958
937287263 943657575
665852936 672330668
228748562 643518204
229089754 436378160
326173044 512063306
84277676 468981177
585684587 727590582
942522547 50716362
184634998 309296499
520340480 544335257
426720698 913440070
699848862 213872327
58407947 420657781
330854015 412440201
185336717 902071631
223576786 100928539
116501562 289275647
471226450 805997156
482307344 358562096
735221858 298653319
113444184 740974843
149981819 507813834
41357175 184460856
407647701 476504745
344079918 654320852
474623216 91796048
953816281 709933633
87449517 48376541
725476642 117419276
290531823 151644614
423422579 523983388
541800824 541922928
781266454 58614497
339970504 266222583
976285321 355966282
492211539 583412431
623487273 270073493
306067081 942414484
983227812 320426001
336668134 577444418
757202349 307170907
573782488 757395088
360168094 913150063
688937609 266303878
54907591 971545404
974026298 413954669
405886334 751919714
415611596 339956910
530805928 760430111
295870295 670756947
756141362 574394539
424436403 61411339
470585657 386314236
793399146 844509758
297191654 134181851
403623409 396470632
267319575 613331208
397525377 832097322
1526471 702636308
966743262 52567138
106362431 67557140
857626884 146562473
184626422 301064445
866125594 514539609
294242521 928381986
12777324 51071829
278884025 793398275
769997739 226118478
761689728 697060580
494324330 946625571
377080474 699945709
453290995 667166172
479532349 199834474
544879087 291449917
830974374 572768545
303844317 87239362
421263272 499133066
817977552 665683100
243550392 426983187
649358440 592913637
861804861 253241333
930892960 896757236
363179508 602204685
419906169 16342256
565628818 818057915
889154721 537829887
974549578 225208736
190871118 416197021
250089359 985323362
468444575 770727387
813406345 70964758
851045761 669086966
718840770 325667215
406037114 671064277
974594148 142611301
926624480 677134573
210282315 297722370
729131760 819001071
943245663 420529577
690848814 320333478
527186192 267205467
699331586 201446054
582583650 241602524
284563733 472468753
179887191 569229334
660503198 656987899
801759365 636781649
553073203 796239549
407140745 189236038
616019933 310004526
629068127 588319111
272823313 248040707
270199221 388782607
738981397 531528726
771094450 88319043
764673549 232993029
329210520 885896972
369455123 514542484
972797200 564774927
321187677 640642399
554709363 191900806
163181229 753025411
421692757 242221020
318186653 920411595
266577942 293011390
172049921 699592758
63166767 770213256
550218069 434712173
569075195 957487265
83972149 167598819
137917717 278284310
632572225 731652398
684123792 390714748
641440829 808438574
4665514 190386702
4107654 995359693
978717546 942631542
346750791 898029093
748530101 319497611
281865491 902079054
68850624 858753954
652145775 955612786
439835585 811500346
845924552 481493619
105752199 327386910
173573694 341831683
360139002 10103685
5468122 572564342
606210048 106534293
312571964 559772318
894080705 382027155
299955598 679226720
885680046 921296545
860600819 541198606
157662634 871742876
395622688 675291941
868353856 499554718
571817659 684426720
281483772 15721539
195603230 139261625
726840482 338046159
409099176 414155173
708997088 760314321
352942443 929823986
109266124 421900842
387424736 563196384
175976405 814643640
233653431 889243700
982364240 25575929
140878987 656422095
667530722 554973787
704345541 979421396
959327021 632279205
177624963 170251407
964997830 153779906
549267449 116336657
250762172 471402305
335457507 635574736
181735535 996231035
524013455 972406595
66892750 164986345
452278279 732888290
477643307 234200971
103462253 822508997
761182925 533299180
726008308 955756063
249378999 206531041
809343569 529034426
963629045 431418691
320172907 244257020
509867450 490596439
974709644 33072652
278949008 526295802
456555249 557002037
753796238 855885456
68177491 294511084
492885313 392984756
339487083 635794167
107660359 999145944
321078640 509566448
340868207 890082218
302766427 182402481
70764963 133952829
996404266 197066174
54859448 633466665
274795348 621365100
950045358 767498471
801338252 575258984
569270889 477999677
159805456 311261516
863747686 929061838
51095628 895391709
746074430 995946894
997803328 714879175
86005078 630787263
251293923 191797050
837448517 569922879
917879493 358740656
749806366 710661585
83384604 664865649
981618967 867132024
120997162 539340640
589527402 414103034
818187407 669649712
545768225 591766709
160316026 216474101
760674293 696831520
843969955 629950345
767156179 320566814
758849608 188996011
222518000 413047821
690831915 927899783
168134494 731529646
567853955 786825951
389149475 825477077
159146565 341595483
565594062 80222593
635095104 741788061
681173770 329535734
305086346 225784668
260122664 456870144
488188107 391177850
882577293 26565240
893542562 585284889
458347171 731233660
259674949 477322084
256319067 250888011
433019894 323658821
826920533 665873447
624871928 444361243
915931347 560868166
298680053 482137851
298074842 816459001
590199969 768686798
288260437 376266208
248994576 620653471
557435606 486922314
810008429 155960623
809203791 9586627
417190273 535044317
262458581 457573253
53012254 523397878
879758375 355074562
603246085 495703767
653985092 545963000
925736957 144935865
624638043 179276423
522267003 283843564
597566444 614573009
656323571 673498488
798580392 483653929
174334594 167471768
288480680 30701318
776430380 473478019
284121002 576224607
931405823 391546812
519287728 348705876
519629776 303850303
232965827 774437987
39355553 260430650
368879654 671938955
26438732 45883696
926502813 623711043
159041133 872391195
356965317 603363485
727445429 168537117
611820478 860822632
987947628 473902286
508704349 575004625
874308493 456473396
975058516 83168909
527038980 716857140
953420683 282679400
693163239 611986372
777315502 553692464
761107435 677570673
153029395 724305843
868883175 899497771
918076649 78501513
204183379 146939585
381196785 975528738
274414793 884786966
261276995 183593877
744028757 621333530
262648697 912192678
949363961 999740195
9901071 121553734
248637867 350385649
56419756 788934275
482960180 32317777
672937058 487305271
701869379 698934218
148702565 254553374
437090644 39736260
690616520 178129280
17881385 367608038
850012629 919555518
271261039 174982554
210358734 166230584
900163687 622318936
41599619 576779227
701896879 540395650
824802049 797395551
383183800 58709658
921730821 963348891
260144725 177256275
145580353 846466658
683263196 106284352
786993491 904361492
317493874 607339526
762561454 834434130
160045424 392841197
665749507 375586529
737851127 289535557
780274286 433035158
206658706 329336522
899542337 590631647
972453192 401621192
517740550 358565772
704205237 735649995
771883212 286582432
192398340 814899687
602092809 167118422
860902426 951370573
984630414 764472640
998141213 86963210
507172255 51616106
17680824 929296403
380550774 983127573
940021046 328383391
329889748 623575785
80412870 170586161
824309403 205748404
218351388 591517662
498427207 314295518
613797998 606072922
633326359 37495112
690224263 958548594
336963997 250480787
39906956 551444271
688068141 566165503
621279680 604187160
978127417 216518285
589214278 200297364
559153078 938208409
352831936 244854605
166070208 864309589
299760262 334949914
302564381 206527803
584889008 414674317
979259610 155382814
23557722 532013453
767540744 541918941
685081906 402583905
284354344 416102706
459639573 590290507
70281060 826591063
454316360 366017797
739820125 654896107
843673007 51951956
124063305 930083433
255801937 194906956
380788754 522131555
454120229 43706058
421639809 87826904
182990724 425334882
226062470 340718189
862619208 980682308
796745235 848593696
442228853 687209343
735033254 259977360
868765618 234147376
661844586 814896784
633772671 892512706
281334284 250419064
532605573 168934848
275521184 653562551
773669543 642371687
429813470 851210463
256608505 322798636
242310690 626769221
544619472 519683124
24161698 42717264
452661998 446151340
101725449 95575011
36234394 780241174
309624777 267413738
667865528 876020916
326605741 625939802
6260073 358649781
704330885 554146025
433948954 815090674
994747742 152799909
975932548 582565867
468418130 105082300
629223317 634859934
80809348 196821121
970072105 286467471
244147770 961097315
705041512 918191634
932331198 743125220
321964601 677106490
334970957 283811214
608642433 846433598
827653437 578085783
426495383 234311701
111815926 242333587
551039056 454142412
890218603 60978043
118371569 706022730
830522229 174458536
103071509 968788362
117533898 534274206
877339373 611028258
497448181 636657107
826543708 436641730
302375600 196294734
742432589 709675617
478636836 684958332
424156904 830903548
984640301 296200953
299260392 364281281
308986206 27190694
100405870 191311272
547507008 702487828
738570813 428163423
245083666 213088637
980543064 200275233
102759725 550406007
993359384 9661614
872705605 330210125
536807482 697754824
902996671 737402759
322948837 357868977
457808853 412436261
783495950 198448080
838227997 431844091
800814578 371555193
743951594 813879723
221594356 226188383
898709102 145046130
699058937 106542772
561718211 529950759
465691830 155933132
827463729 415763591
503583147 762920430
159749499 845244262
265676097 56827167
57246040 27011166
429448123 37974542
984871501 616836306
397789289 775384291
879991544 185125801
284851417 762640547
674562088 659037558
903093454 773357187
337948099 352237700
606062510 687024864
812948300 414728103
77368862 590638478
212873403 758176308
928328482 743197347
963695648 423188446
336437317 213863129
184127963 164262110
485725297 687896647
29542188 24390480
192458146 468997368
650121293 906374586
448611962 164143568
