2000
262766487 464096602
508273895 825003114
99160171 645401273
644115335 451402118
376699301 465952753
417178738 689555934
677923533 765768522
778634163 871483207
203680165 802344202
859889876 960627481
269165402 778062673
970389314 416972372
330968880 678939805
54057542 240585856
880299402 976754564
470593674 383620883
427925953 656271185
164930945 123448594
774768344 930661388
375553027 263787428
595763182 292569715
936943971 618182340
576286858 397726711
664794654 114622289
802518221 288012344
575651323 740220623
28924973 763205817
800161020 733793134
915499316 351887238
582894078 514114946
516744434 266717027
494810335 716111301
196126364 212725880
994705086 437113174
611036882 116234040
270754431 898047604
334395200 534197947
517332229 479865163
760390244 704209634
119005423 406263733
502185848 235872484
742948299 9126543
978480984 288538995
929690891 946578768
747782996 880502584
235179479 299519934
557498585 391537351
676298730 149260154
224884811 891723991
70372660 935168834
304238723 11453092
743440305 621683199
429416392 958043387
765446996 832894965
496384261 978730642
761349527 688789731
463393213 85177859
277220426 146280783
913155327 666015577
106405146 758158956
21552408 409208381
736625931 476966884
17070710 674648667
555044816 370206380
820248195 972659204
196423050 434075123
326838082 95781366
813087920 753685646
306950425 163527411
864109143 420079379
775256586 908089741
821781575 999420147
126488425 915339584
479871440 441772997
131457765 801210748
17335977 533462920
15736182 156285833
431422018 386147463
336918110 681132677
496900517 990017968
22146237 607836172
170914188 476130065
746082658 588513349
509048242 899230599
623468191 652564864
136314995 373413411
188793086 495455249
714899058 625842855
720050583 302241405
290419590 629323722
579432007 471710330
854289532 520294859
758970343 986259805
275983921 497935543
766723895 300293325
715417948 444571847
808270169 283315168
960766360 758206864
564715054 983383896
632244098 368714778
518186496 196726254
404840900 432355155
659759626 948343324
236879050 658049499
203364303 741473629
409944507 258973272
60060634 367988826
64399074 626510596
231597427 372661023
412336969 37913084
127378884 257093718
834833502 77237233
996451471 136161123
161123029 589886843
505043095 678661302
874474515 343274162
319390384 965313165
604188796 771678270
205857550 54247057
670893460 859644047
523272045 49514305
856673834 877739174
999794601 648189693
927596234 10286800
192815623 792408544
458808116 949841251
601216950 249598619
183644393 900131431
397162727 356196996
677412860 529616616
791822387 421399429
948080063 975434626
717109495 403266581
634819564 587422179
77354567 919843409
217934399 603262220
854166227 357072881
540176608 890467240
332994349 261211268
903415662 808767983
312905512 114994562
927075706 565224372
185218706 361919202
954002872 412074235
783907562 317036724
956666437 832917384
594674278 813804421
870304892 836148514
763946561 24462404
513228430 259758980
165032257 35231582
393274296 611079173
297447499 678171480
770188981 129560894
432414066 277076132
714577022 942131931
786933600 794462616
199108398 482545601
58517234 939711056
399233247 708079710
493703997 105558079
849591292 571982078
300619556 540564444
457092524 291151072
215029377 488226075
661743961 671666612
945778333 18326115
897783835 444172016
533594887 305774437
425256236 79928776
843649611 526831623
651305229 798704956
147097151 368770461
294186205 132104192
951154900 601435130
266763942 984433343
445682004 430960627
291863783 583572393
941014037 930509152
381083797 893187713
296855845 643996942
644349575 715508369
890958815 977289707
471090981 551686466
352839614 853338071
661475982 564789983
370168290 354980777
243370310 213107628
617972148 851404165
407875143 594356280
13106997 899958696
381770946 957713386
409425529 323943508
468882404 239023260
819141158 569094880
152772406 67883082
30843480 200754649
803318562 924528306
106230908 128712585
748726101 140506711
75269584 254439109
610133839 622139235
857909296 582171807
28616544 830686721
18634753 510205669
925425888 981513061
272377882 99951518
379179241 949847769
141208338 335112644
30362301 772825663
327941701 623105918
308922370 63238950
101061638 95837107
42072696 152383162
303432134 336253601
330945725 107370753
253691405 870010704
344177969 500862327
327462909 857783748
496080487 987567230
421951991 712080909
684148700 196358809
311655543 887770983
500142658 278898904
233069913 930108740
262769721 225531079
155962498 583116975
523289139 545797426
123993196 144242270
473596703 708151152
612558269 640153829
852432827 911212432
337938544 994059473
462186845 209382241
472880783 389990780
173042247 425343689
606199090 562073012
768290267 64897862
219814771 746991584
825443147 645454725
489229130 221033786
975006636 994757595
123254190 49798615
135982298 353322762
618775309 857567484
139561030 899841142
255244513 614373730
40749079 618730185
621560780 604586607
892994330 258457653
918562238 862550092
841030086 39049648
542181710 786654328
234285177 432232275
686702130 514925267
590792764 23003180
598384722 666878151
411760260 774931184
151978859 765012853
522855892 403872184
190204328 152237953
317694184 62032944
351826981 852091471
989743037 756192573
816600058 425070000
915873844 53421809
450945587 629636067
395491005 253565079
28960152 580591926
542704051 604362410
973179093 936145375
380883973 548381704
55947438 70824576
471904246 470958222
760006866 718889038
60812401 832851066
587150904 588525634
167255130 18743182
209121313 376188690
37201188 2801704
266456384 631552394
312057900 53229501
310428527 92034726
711745727 954741850
972533872 964002374
637991061 482784551
235036497 986487365
745852297 672271103
177520449 150704344
442823523 442571079
257126970 412756056
354292659 654220221
596197614 523744061
785433113 289533967
585422076 408690981
341109071 594203631
820036662 158057738
461335572 182259773
810951818 193948716
182475101 279029530
103701955 804021472
337899496 362811557
940723562 819025817
154766602 334026682
50085623 319737206
821656075 451244048
627843574 502722041
727700425 561937340
37575150 759404536
288074366 274390266
876462110 903031410
501684396 484084410
309874314 111016466
272986929 774728233
721073703 360928823
837891591 553156269
50632628 996342728
484650503 228097121
418638496 713242016
808665077 539126589
193866979 252954725
600656323 825165145
448401176 433243136
926709893 713999659
43112347 399710442
863499711 309881966
865405403 299364187
396142692 858085098
404224258 824806243
144936117 834206974
165724734 582248206
411844613 574984183
658409110 968299412
289248331 605068051
736349977 694231748
541969206 5410255
408388301 678734884
97443898 542763387
653240016 360708034
1787983 985239965
401458532 938055671
108416864 139560797
860227664 120019826
137057378 369865138
185683092 723978890
458715410 805154444
579894481 850329896
461169171 602000595
13734550 29594671
633125374 195907003
117966766 438821210
282550278 702207946
711966545 540955189
869131376 143929515
623179847 399821285
392941102 267398044
411990794 726282730
720724467 263884293
642073579 233205365
707168486 935213989
886500032 668218260
392570574 512883998
18664745 774534225
41517021 135043101
877857954 594262758
512902080 435801709
935806226 866700408
520576883 857092084
738814826 387085432
473819573 937312186
843133936 943207704
183499630 559181755
774023247 856257040
307180267 586198414
204378183 841337685
731873377 224262469
623745099 984045118
660029956 884170156
89255841 15697502
765928255 602966069
996052229 136970146
543319376 13164898
162299289 726358113
716677890 948933601
578955062 315060807
37502661 794979302
828336211 80804822
467757935 426271534
178782070 900517458
87980420 257262605
799596124 71207018
143258391 302432474
718274148 130437331
303277658 201483016
399695718 485084759
6357557 520315883
600957135 871672157
98164497 322733399
681228443 619686735
157522601 572506869
71450896 55645519
795907022 826255624
951407126 23062406
784721124 979859164
276882402 324200222
954428119 411317763
643724912 702616043
497399652 205231919
941841866 13325059
79191134 425223117
731297600 415009611
451000027 426514793
375055021 323386543
641836850 521525773
317880810 406940070
801261217 302951102
619373737 803017488
184227242 437575697
587035555 866420358
392054184 219048389
936087767 787362106
863444946 623007186
765186734 29295905
654876496 986745290
176666247 280366436
436077090 605130116
441239210 604989169
606411792 127228321
160038497 508531243
522461753 341534093
634929042 995970973
308162022 19098535
968915586 10499042
324325749 360354746
951867908 678313909
569575167 10398823
645350557 424912629
334743080 9658546
608489791 562393705
44402038 301866592
317487856 740025680
692915600 601970519
622768190 574603337
489158006 305924679
383995840 419244590
939056961 20550771
31091730 704496782
843930589 914667742
361533424 157738071
293763527 691288629
520901380 434267604
115860139 1077239
358043244 443951435
717825529 938220645
935919962 999065129
297338956 743445973
359301522 256416089
194504460 802189409
399259239 374070548
48037404 282603403
216273057 91587907
136088529 691366729
777628919 455854598
753506323 518169849
854995785 726920336
512757653 601597466
79723599 519122622
497021555 145323019
971830909 748595564
933684937 497973825
852119625 646265971
392362606 466507134
953907080 507225825
330560143 875853768
277934716 687556777
142084134 14218577
660774494 106481481
456858496 928102300
700125673 398699220
528678973 907339435
364416954 562214841
134879893 776530693
104630815 199759590
394888075 187109528
518534932 458626881
870854322 328946305
535240513 404202529
363631531 279467991
115362311 435650506
167617900 996949590
30138251 457689385
735453060 368052422
638718192 824983288
746734588 100997299
884251289 665104204
788957689 131320008
629516452 102006773
594920519 999492957
395641515 312637344
460007823 698719364
13369155 688176813
443154163 910074553
772590975 970332461
393338549 61149669
698409223 257339752
665167372 860197200
307196962 108862669
908300083 511225361
273749927 805738083
396118260 132630851
432270024 947525746
937697440 425556652
467234511 325894315
687946097 498633650
826980792 4600044
62557908 682897842
988091570 780437085
569204842 318293585
943559067 464826055
628786994 698472627
544642830 296615740
816452473 338043756
329191421 201434476
988232713 925211531
952979477 742046770
673818096 528696784
393907196 332159113
658806341 688127804
250431730 396650359
455659589 951694677
248661463 111569868
931251583 973804250
167507850 925464604
473412270 920991330
34935014 255989038
5092698 603446385
698720744 584397570
918689984 290668343
157236549 801585063
165157874 522654914
66114683 564179001
820602532 11866997
576567955 366356953
843670297 753871810
444738562 645576367
381302149 749231749
229359959 603551510
997247075 492760714
288319563 458932432
193051254 902759152
597152846 364213198
965733507 605769052
860286641 378222274
749973673 310270606
164807552 962761600
730855388 956787671
138800721 696250565
71990360 30856084
29004621 813709802
446893174 526972284
532166240 186570203
901324113 630488199
190840941 584758712
686075071 736636360
514810093 715518275
689959669 442124610
568834176 412559978
985598299 60247109
476244386 599260690
991808903 529116168
32894520 180856385
283509407 833970330
636173867 249069184
909373518 338915470
479217918 708104862
429581016 613090450
44056260 388627654
385617713 576855728
60100601 85567915
481805717 220763960
320026754 994493203
403897281 702180983
203862792 151422827
511888893 383565944
952590801 399134214
538450103 27278699
341608423 182643050
343484627 734236569
799624772 351719880
616123937 751689887
727537417 125209828
96434817 638315874
562200158 44626988
261724628 355018481
710828162 967652074
674573878 655247482
466580334 63388523
7015318 930616487
675604373 735185249
523277546 905825649
371543277 869605685
20478438 382335263
777826351 404781492
763545131 630308555
506217187 270386700
864424885 82294021
64436320 132646804
848938690 831203300
50155850 923415104
70188193 8164602
98692238 522941365
979736964 822675247
188751864 68429872
174921234 817068701
35484895 424740209
403721675 851918175
32255056 911881236
573412184 369356720
718551389 220522401
178039071 785696273
600231612 375323955
333987153 490552689
89315391 297644676
152682396 793307808
283950262 354876406
197232632 883479593
860093126 506652620
220920131 133525478
349488608 746423980
833484742 731934696
346999279 2384096
270204207 390461525
996104761 440551916
333566457 801884144
531023340 240918675
562345151 538562162
855414679 46270605
700690276 423831347
170295081 404158548
296660016 161388478
963416823 507944911
26874884 650713834
287673899 644188503
380619526 664441897
232796862 446413812
965636363 679130341
631454282 17055955
311325657 543309160
285047345 196255926
151620461 269369122
737115551 22437852
877916470 677003745
751095661 482953870
160844597 429971634
53476779 611059274
918904914 86716103
122042602 922048396
827964803 14194366
54233454 559896190
576407666 666011434
221810787 79296520
565332251 13265004
788188131 78869664
759909821 452128736
625102865 531408951
41136035 716295058
228560780 64130625
926534314 116185406
354788317 546391337
280932005 134997927
598985131 347650460
637882981 856900361
262657527 749803564
813348041 214983129
735585443 575107805
856655328 32731298
43998107 310932593
626431831 604268444
225063827 571153927
998666207 322241212
390993160 380948756
509613673 116196595
285757710 815273551
185707918 37132310
460969485 240361775
294589070 242762143
396232676 757812978
540338838 419940830
63296412 726625349
947126494 371766931
903023161 23526466
340465712 645247689
360702096 997041574
537920489 338337352
335930839 487351790
466892781 455344606
906795242 509061610
291844969 192567700
299497467 937934500
918995217 296819110
467639557 272712703
542480747 21997785
533420244 379028832
562009646 583031208
612578914 844156132
738387703 438087480
489887619 391460520
312950215 793996282
322965384 408095217
552691977 893333029
368736222 689516839
654365005 943853267
398035348 747320175
538993938 425823892
885078537 402373204
833376267 477051758
72884189 466357044
900727373 636644224
600850222 200323157
429711007 533308726
294691575 152222779
690661667 662573412
998186174 590445858
303499261 114967908
923464599 746804313
426506586 86066813
137081174 631405770
226945771 70419889
386462521 890577988
879725687 422424831
915774110 7512626
312125831 877601898
503679476 665093744
560373291 738900263
601240707 638869722
54704897 152149866
646989296 385586203
989737785 806205423
669083409 215833867
599778097 815581788
325758654 798068348
20282257 639006161
430251677 625361485
342041417 194167193
991153836 781063882
877085336 938289172
298436280 25632269
207255758 854189707
19339429 356360057
980675350 140692515
127753985 314913425
80626223 2166143
978986700 524012683
68613458 820170941
768674595 10595790
953825073 11337270
166533906 494417140
731397290 395757043
964857592 849140335
480576716 940332800
437961944 624685027
251041392 245180835
32519066 135085263
329199764 208970688
296483320 695024047
164621055 434611997
39873583 770155411
919511954 421929790
439548345 367030320
253656518 673606246
200621540 222370683
946559477 214207009
270396482 197513609
72833583 332927284
603519376 420874374
204196305 620996739
250154131 684357951
746593260 771264864
66207967 863442776
343360108 736636843
17306826 421938890
481905977 485329697
396665756 514565786
419401978 25061742
213239751 447712604
262824034 944383434
627285690 740753252
806762941 17931078
594160041 412992955
737519055 557549238
981192847 530625537
173543714 898639080
300370010 798837968
208716648 323491325
974565328 587422455
414195038 182679478
487828665 517432910
142148600 738553003
573473878 250966548
445731912 336954889
338775432 77109035
295457586 180263899
921986208 65471194
768334100 400432284
606889157 526683551
122970086 800348601
987833243 841203689
686335000 341823113
151950563 872169367
747366609 515187572
341450704 806186826
599937722 75375961
406390488 623756897
809216819 70317702
204587482 3152437
104264348 311376699
503216812 226241633
706037035 759832328
935625150 61764508
659700035 237129818
679911528 401726553
261970769 728642346
31294910 18113576
250469447 59366611
983241645 652313647
205512588 71592862
887703868 693951628
332352101 711003940
432087043 333820841
331231484 421191961
438090528 718970389
353473036 702423334
974804391 534096185
2043150 217838652
854319560 258712016
229735088 317518330
682443585 983800278
545107422 424306739
58527665 961764874
114241223 708726867
380290018 443034030
690054330 963362090
382310720 927712570
928900781 91353586
251498357 480280703
185509548 944673055
584393874 289478106
588067392 753951514
634514770 990565261
489531199 892627902
804483675 775380045
623795616 764258467
478322924 646448889
139730339 453179697
76256773 905247488
809227225 904489345
845997320 934511338
226928323 280365894
603627840 312400483
525384868 503117681
811406139 55425016
743032122 546896615
787322465 543440016
739324527 965697462
857910144 764757845
963415128 799732414
331375123 497673654
568407045 198287549
188843654 295830432
74783329 692903798
209691648 891084972
386418956 216804300
509793843 201613090
964227983 104599490
58010895 945160800
626331254 933063927
551578210 286906410
729064543 15503886
159041894 70130324
897491683 448934667
443623343 444822657
749081520 122072411
657281772 6158626
381202276 452580985
539537992 253005548
207963823 536383682
874118234 284665536
684805633 761994869
704892803 189652287
580764521 40946046
296047038 102187794
752174657 543727412
388898617 329531271
966015737 628318157
708251035 843568449
722226360 884094986
349896255 700144211
743714389 201430954
36542308 308212574
510988589 190700068
535157520 139033952
907267369 923088639
903894062 975511148
519362658 988712689
142543649 269031146
260533473 295716521
19364569 738975762
479551726 50400879
92122445 101378773
655512249 820551326
979770423 885713691
163765331 269530020
331499293 89544014
508617348 459967972
170165655 243336041
847225921 125457073
661327875 33383424
903159835 414696549
723161149 402840907
862566455 204770406
695907193 800307999
716641914 879603242
830178184 466262033
133447690 152418514
598751514 128556407
809375502 122120483
5381470 914005679
733713508 515150547
279867178 666941057
433559992 593409522
444301083 509210541
957945562 373179631
130930831 206131997
307168231 248222188
308323214 916038192
428832798 855623398
706212000 849625631
709447935 610985610
894280327 180634304
553317597 212567401
509926360 716109295
42485568 121477006
827350023 848117971
337348693 730708818
18014894 988370327
468441381 424596675
866555437 304419589
392324917 865620278
580563694 313207523
409226423 126135202
294248928 4652990
437676942 707746167
367281210 137472724
281286067 503571808
288232958 781138920
320437346 217995922
770818861 728553550
978963585 548984622
454631511 41634527
16638203 176454720
347309493 698159776
797191644 908554566
56920564 738932212
954650591 802941669
503863984 616589598
715611561 284669914
951153560 240944582
61747866 285403589
642274850 786176296
321698113 761135295
938639386 355260464
911261172 852816029
964371097 395073647
720437614 376442335
1255197 57925194
5207011 569540294
872160542 452951748
22893915 953204133
190881334 188335176
846986729 884468958
70746020 596318483
516151622 161689076
794187827 137077577
201389327 127416472
637979474 847512214
312896757 787213484
48325078 737288465
795038237 939639560
669859866 218014254
506456066 154101338
683917875 163661087
892770268 601682660
120302672 517999960
475324156 54343399
644999426 371561811
463726870 124908823
286266459 468560713
203836822 299984963
818824918 41872297
751710826 275569064
809440966 567021612
685998729 449354039
618342803 571501312
930417454 885498859
41786559 674770470
395885871 666742279
572799814 331682628
784328651 288968984
258184841 884971158
381313752 594816528
159251943 855254581
248393743 950163485
609119060 831845868
535894688 115936009
16126150 186031320
880206082 189248257
626850821 362984106
335759857 862084423
169055601 707669683
426509096 131297038
562543459 769602893
536233936 237820779
571977055 9518493
950106553 956610671
573711399 929147178
211807028 47183736
607703390 742315069
813499084 102166765
53577962 83502803
996748377 149936686
258353526 448172566
891409712 796357124
533375551 293655453
801130956 465713312
325389954 137801473
232154612 204800779
26616821 878418947
631904189 24179205
731548422 886764164
170918851 125350574
996964067 590394260
841487534 627772313
837274136 273702915
510245692 423614092
4711649 354088643
621427399 100111826
977045154 755317162
171731640 635444442
88559084 221292201
894192375 940344355
238299476 913252596
812164365 804512380
821563630 931313468
330094087 632374263
93272060 713207217
960073948 99274895
819371172 834688555
588008243 347462658
123172763 222701435
408430065 760703882
425077909 750493579
870581747 942550995
342091258 703494281
896201762 195165414
124193226 69068128
95656205 87467076
473886357 506804030
662981831 524511186
539963056 549320271
191378133 662707859
80821327 257902677
38920680 151293271
375803637 280470518
876193050 142803503
512478603 530805762
488043691 425372141
820475298 660873642
3773779 378494724
347538291 914780375
327690167 900400149
433824458 243879785
430936839 536436613
284598384 851049885
357783638 462861393
318897808 84189051
461097051 912037101
407116455 314739153
805177904 685667037
359916156 205936133
31811703 644697359
326056120 65522412
97412263 262941627
347878760 47264965
591322999 478654471
518591440 651698675
951384848 685195681
583141408 768812820
983218170 239189764
482612001 4608373
647680639 916315159
916103628 864232563
311082916 667090088
576414604 807881768
890688453 955947988
26770317 179299694
315900185 57209274
892742205 483026654
401746027 324542624
662149661 336254513
151271192 968129878
57426631 773182707
320162640 500003670
744437414 912842856
506205594 866798867
262292238 219133943
215943800 110428138
800392685 570991603
116697359 220720439
858669470 718433158
893561496 785929861
24829396 229534492
662775270 851861558
739114315 276322935
906370732 282042899
41374515 268898355
42903611 712663749
508310313 915190260
800277632 126273858
301608827 352344710
686131692 36043759
720036001 594397647
987893861 523036026
98490062 519086471
529689555 218411828
196566465 580782260
685795334 271376207
666722500 240179621
714422873 680594146
531026702 53609990
14145077 966591999
264309168 444614285
212300215 303539423
918546400 789252040
987012702 318921257
591095661 831310042
77817262 179644314
344486428 888102654
755811034 757752295
619185803 382934356
815011570 291941076
783026691 363103571
159806252 195324395
585416328 141089080
733192180 686595476
686836665 865094936
188652348 999684080
626993374 196342635
235838698 579020774
128904679 994845524
805661826 435635685
853222018 400178187
250337821 587795025
762532427 941341437
100485502 535250732
942054265 441595414
650072916 866312423
743347357 52054716
935839359 23347354
812872365 48468605
836089805 106674452
251572174 553842021
656227009 429909822
889838341 710416265
932374829 491474556
76584972 426543257
554599618 874019971
155168610 908609421
851593992 562956403
221931508 418701740
654298609 64522352
880995574 542216970
348446315 114860113
232334624 931136781
837643790 117586510
33940323 419914533
168304777 566907367
397476554 254361123
439133752 980178827
741468556 585307932
909223172 387188807
648426169 324564761
68787045 786996616
911097078 34218708
859365170 799211127
175205923 193679020
547419187 953785650
910642235 565334070
32360942 7540683
428088771 881802975
293953555 515123369
317712372 322241489
201135023 924989123
510787390 990756226
212502926 756537192
115651700 314015895
323273138 169658169
542514644 708946709
504782663 850599571
416922810 622377458
707586763 847539939
648079573 451432735
228659584 552616900
516450643 144172449
673729788 735718012
796656063 805789764
959439032 368735617
886756754 635079485
718911454 213781428
344706549 342460444
747496124 144040605
993909986 294002623
417597046 420341903
127742504 98570392
846169881 707025139
810740602 856993619
218682602 776368403
605428885 911210663
44707966 21694971
111227480 626535944
883931598 676617740
497181931 430033993
733771220 875802403
975009648 113547573
739259200 273942716
800551208 242875233
309686071 267623215
125485150 663815193
900685435 460046946
856308846 379456145
457076498 691419754
986254486 201404800
477077160 934172724
126396401 14940481
751941059 161569504
447581466 296024948
357732880 982117388
231369057 882068644
139929909 139171486
6857493 928084379
837198414 651701766
250152823 330414101
548113365 981132863
341798537 784974966
6517451 446753287
841976663 374503042
984355946 471134351
402852585 210937147
683523600 753811997
354945582 317721127
565706686 793440035
522861741 653846743
922173494 671763747
81744 347898680
885204419 35694538
172558622 756744773
343993144 420414245
19471391 632367878
69817182 965276634
500220596 881599134
114490073 302106185
585572480 607458581
925395677 458802771
885740105 74178980
694322958 300142839
324991476 501405354
867779004 120704055
20601902 482249681
997328631 829657786
339918652 794259848
447435137 304720160
691824615 907961055
212185628 23065721
520434993 370947701
787304352 503821302
969569427 702285263
373330962 709145248
449923155 207094500
98411922 188484402
792008317 19580918
50926475 500159929
583008274 761458827
167796457 1261735
3745295 945065527
418534526 758300291
168631828 259077420
582757291 479170490
223521427 77076049
71770660 545758700
895270177 834794051
621690389 156988284
825788825 153074468
222308710 350491350
606997320 703162705
719221677 111627286
561099726 598557787
181053992 676445931
872820127 611122191
93945753 119175047
443817431 562850729
30046196 41707869
664722508 812503157
717838616 225340154
887513153 706642649
936023319 775275382
138109613 72972852
787007631 368833760
32724911 332305372
887493568 178654884
578281472 905006914
223986693 881482915
979649561 55181325
80376028 83647811
276479307 802224483
248968899 22531332
955370214 579056227
960392655 811006491
59502174 120446340
319395375 542400752
542335778 929567084
805785583 564995675
672118426 275748711
498897094 343677211
461278237 527780700
59952800 327071282
66661206 59540226
453756884 837746014
271285731 349379298
690172509 259458461
146560931 591818058
695966056 66687592
977063734 987122238
189743051 337216005
932503101 834388973
178347692 583160423
153459640 92936668
719605446 333861006
335360192 18353277
853115886 286145031
977814982 738184775
100094133 627255794
446470700 855666927
527603261 495379203
994804864 183821924
610645463 633410697
525671757 619772962
35538985 276193446
731241999 515961881
650367932 210243578
108715900 880970401
436587290 941681527
279464774 360591699
130258128 552816905
621020708 408104613
138438504 349999782
951391948 291268099
578418850 279617682
634759148 636375513
516385482 743223285
70226115 572193548
490844138 100141489
836215408 51902725
132390332 744032006
821451251 488276925
808877937 865299718
229079456 697768359
232578616 366074668
259967613 616445910
549237474 866431177
12825397 360674702
137603319 128243351
843191902 489369457
76478235 330968536
106836262 46079388
33835559 755101351
516148197 573188771
849623974 272787141
199191319 873599278
400689713 545936549
968488008 909707004
848591289 515702733
830711432 689122349
990901229 888152120
959359832 858697036
769481296 999638437
131343002 919615954
170788177 240172738
15544468 585728459
244906333 147742050
202246129 606926886
729273137 67424895
559313457 928367281
127172568 30592454
834928076 173795558
129048371 714986988
10607486 528746204
920566511 950100035
136728669 340145511
876213724 573887779
602528166 585608199
196262028 754507050
912377391 637466095
102818053 472067068
28847359 671429042
568639959 814921949
275716881 674210831
812472355 470286185
631815438 770602236
406882239 262954639
756418477 517672730
569053281 525808886
171868834 296149486
778578787 803807286
756129918 468159516
209609467 764710226
989210793 958419916
854591809 747429929
934667931 658655709
475516871 854294651
836788384 992274789
587442706 54483432
613439596 943482237
258737559 532942134
948203495 467700113
856289355 628498438
779424691 515394375
288737056 969079041
927640907 856413667
254516703 261002219
79143038 835683367
620799691 973742935
552010139 732252807
719571370 371895974
652352812 654357653
800025064 164516820
23971876 162785783
993925083 615888386
280362509 251736488
992493383 78801815
738425890 448706594
226611752 922103158
768414921 405343292
89401567 384317626
106740144 502956951
974719733 887545033
592370564 501939405
721095377 599988087
287095695 596310686
451938994 576709214
509939371 698754741
628275548 994155277
623502249 64018668
111275029 516692697
331554571 613172759
466063847 555034418
589288867 21263900
236992934 52382091
267077188 529199734
96971245 283970992
971044951 598335812
744563850 262037915
761539833 429882221
285289659 96010991
898653453 114994608
206134683 901630544
724419191 556207958
795644288 44234482
828432354 713306188
449915775 812958747
226495244 91825638
331620479 542340959
862018738 829333002
631185268 674558824
29278273 783216552
218771782 138250326
983971967 625298367
293440213 819103194
138862767 597223381
530142602 839026302
683004869 971661827
569686663 656139875
868838596 834026404
795950352 726099637
937428173 315335429
634676283 984516153
903489576 639720508
648285981 414202990
593811635 866605294
719897479 711618513
22263456 572958487
797592070 473822508
263724532 357284703
378312916 704567049
862802719 783755382
368624289 547086511
110088562 101169960
344845915 931217708
937310667 504802234
214586923 449846747
449786811 407938649
453830504 419129438
923266166 910836322
247576534 169375191
224717881 861203367
265983129 162820550
712198868 650582762
657035791 686519952
888541450 933283052
984601420 391563408
683574509 32493325
383890345 26537799
690838443 528582245
118111908 884395589
313623226 219108062
310249137 594346172
87235463 561312221
107756002 579208312
465732773 115928501
889894552 75503164
295747517 974703948
256093641 399075209
223855429 636608714
110459793 37715321
108903322 823834939
525196913 225445652
90312719 442269250
94762037 673339684
110427785 809922299
859513289 548737948
319699625 359473890
94431329 339141904
757572191 17967896
539959585 514317521
707238593 138790914
766378828 998314217
287607518 455908232
254392657 937566659
708886302 72222198
600268173 686103611
648914432 339461534
970054156 854787746
166884952 883186628
996858126 832125691
741511691 128850655
264348632 729476864
399890669 994734811
295399644 157337564
885252371 32052802
452728819 663958113
566961542 573334125
76028458 48580345
785270306 692620175
112896654 847051316
802661318 98104212
100583270 423704313
38027077 364049545
334045638 339740175
458720480 145103662
707744965 356291397
379217703 61253771
563684710 150881834
59222061 746186507
694431351 441583246
495471040 312012901
936265546 703042043
128505196 141577463
973343234 804543355
440827825 638545734
83179261 439018778
842032077 992598133
85406166 758875054
435178220 333504174
14157057 692892406
34246434 141300920
863552849 3638530
686366851 27106099
617568444 957633897
111054924 909873185
805474238 308322297
132342179 554340051
385973897 906566765
970529444 542762201
488231365 932225716
114180354 214699078
686381585 985662330
901045232 824647340
100209227 905836866
282381626 841798035
360809721 543319576
618553553 746161972
899825874 242150429
454433562 548944722
27249270 548778605
300586477 654863227
594972009 325980209
928016634 368021626
840161178 963211058
69192570 583206712
757644822 723643587
261258506 968278658
705821684 337271124
472137761 840971581
64028995 742311544
516914326 153050875
23200055 404617555
784451162 777754909
595889905 891607537
626594972 927119955
136706765 572295121
656761781 550924334
480830673 169439813
42853841 456221657
326730755 280359901
464289714 876516021
806312000 818559783
464739695 371251596
164315713 98460755
35619457 438580123
287793223 561771448
139776699 17669278
309358857 925522661
124250108 33438530
840794506 347894237
237944443 180441883
838235397 985845924
80734380 235913767
170278543 794787597
496832859 448500942
834360566 385607495
848166586 800257043
419457306 779815932
722698986 630158971
225494917 286013774
62265837 597289278
288712964 835426255
396571487 20463065
839284017 927951488
10155745 960440865
3786237 481974294
253927497 854526662
452549785 225746434
399998034 679371790
712309146 43289617
782819387 213443674
67307764 58258596
536351245 788097312
829393289 231077001
712014821 969283289
743573122 215773277
24706034 933662484
130334834 477509428
517861613 787122163
412680981 322004981
875146183 29003537
483519903 383339488
37823111 43880307
527899201 705944889
109468636 934482833
957818697 818036070
281024024 853184882
681933957 400227443
130436449 516335700
380842082 562526061
405341720 227510443
253136021 772373219
362374768 548507220
414844726 728569920
834672980 942933314
895004523 220593171
153628613 804563269
312163606 955770964
193290292 138344063
810668222 513573477
588493961 295127291
631274906 640748408
428890610 304311084
436023824 357293642
711356088 339105036
706989432 834947749
765139259 698130973
857284206 596303943
765622206 951740034
52542060 477356463
502748869 246899961
700791772 253758358
75325968 929302363
454852536 88073804
312848395 407949921
593193408 886086777
118711096 51276355
211613612 589035514
879509547 328241595
186985466 147077369
264560100 257418368
33906768 822600319
703657421 177458174
563884056 661695856
445812402 618970228
970244065 998125253
886010178 232094844
545550085 552768608
804695 259591008
467856544 783264133
503921538 703968640
567502474 433127400
889359295 59089126
275736091 576994850
714616646 524820649
647288967 162862106
227227145 143262050
253210169 38593970
999467553 482766108
122954639 151505439
70573823 409916811
394797691 98873493
261963612 869898934
581291095 813833858
377368197 545265896
838202193 911830811
753914225 228403633
497075621 200578092
987518343 412777765
936368237 771412932
250419398 348012155
755853743 448120431
748033954 735460340
766596071 482852233
724435749 139076660
102163465 141157230
715648713 695542455
314688341 665884678
250095466 997237025
947727553 103338481
597480137 556619209
536923810 382322207
455282953 350176122
655021338 29626762
981460019 794000570
910831339 629080315
169462085 61240491
514249230 239387110
364487205 762599090
357336466 755773635
832498582 406650678
194340056 473455803
886786484 215739348
592562354 143855659
588544594 247547154
41825087 796730784
882151387 802505515
172870892 818810896
509804024 285383555
58963534 548750707
126950576 577199621
908147925 948974184
505669831 874505770
526594046 856583359
122866398 135246800
555255877 171196624
904681552 534572682
29237683 601655456
139335011 195960553
37228344 863131701
549113410 229261508
306165449 350707881
557741293 37275252
492908736 646819323
301155690 266895527
366530542 475597991
529154863 511110484
464335202 19502552
130845754 749917877
337511976 485572381
56903885 448245139
510707656 615548098
913084845 606328030
390183860 749797714
38308415 278914933
867751559 616612558
697423290 479002316
947043 714146076
89468953 375967331
972329420 644753569
811526436 915283071
763425679 596970332
172460900 821008441
938502919 421406851
474916718 362767521
562588584 632922377
427206421 177324102
337367426 86012197
323427693 216697874
403231666 7510508
923316234 755242968
339405179 74480217
775944442 541729261
313077311 938957152
594505969 711716067
554897617 853434957
887578636 810686642
577829723 904319437
856689034 667254575
773344180 289148837
356652812 191421645
418079798 127812363
999257685 51901620
469654053 863636350
1891434 565214142
656093655 809816524
480136984 43789083
436899212 539420664
702940575 133967942
202292035 683135958
954401784 779118363
450417715 713656751
175786680 115031180
340465660 709232624
464870164 260354655
172039949 146388840
376993671 446855449
50549990 112905872
926188344 750986278
391646658 379574863
833768839 683010705
758523099 642721588
615126123 895073499
720786423 903288220
531675236 99738221
770295887 540619575
227609348 177039802
57919125 178809896
640198787 832206036
598781460 658920350
694424205 896082434
717024524 939646022
959191613 76685910
909208325 332042443
601313789 54530564
520304768 760493141
755083135 593533897
169722245 491878295
445922646 256640900
850709108 150587289
680229545 356553535
59363710 647356673
914277418 349231408
117535494 620487941
82484067 969896732
287300434 61120954
496653354 189218409
1783776 85287730
774643197 3968472
645081179 326486265
397562850 178721740
204155602 652541981
59598980 619027136
453754211 480549701
497033240 355522721
243645402 726750593
160698264 611408163
883656791 25744828
192772097 154135902
112171299 869838311
501977661 253647765
324951859 957140991
168079460 769843001
466012166 414678318
848298865 163683478
709403323 900041973
25245236 772498869
746458938 711378515
421175581 470485831
552805736 373762663
233870513 2015695
53348776 991210316
53602605 109774561
32958775 466692656
710667916 708702627
721651294 655150129
678583661 361564704
484330525 241253232
965814191 440065089
269330104 630007332
50464550 535547829
759792915 758546766
465742234 837241569
880069816 573062255
88288377 430228052
880815334 671977791
893398470 216291666
395364721 413172233
392503575 589059913
509704281 357131642
870798522 356613984
408379657 842531954
319201193 934981744
829910102 358855596
276861964 864935895
359695115 737281252
240143001 692159662
518886731 702890822
673212531 928468413
757117516 487243453
14768123 889110904
630686936 289300135
479148838 436440348
730325405 616130039
35304410 307915540
694596970 169588949
798021332 979202378
659405030 874870286
83261507 536035177
969663626 33658497
538188445 209667676
731057804 53749097
166795441 101150258
314990521 279338066
581636235 749135214
76438393 98080320
69996619 117405511
176755620 284517945
873871559 974899673
5895520 364634127
350388404 289309532
20267976 470421218
351391410 152330828
79052685 894598724
257580537 296295976
250269898 996349607
329027598 110399658
58686134 744911530
589555003 558185816
892336415 860505833
171306934 426540429
773791576 161512843
549381829 443810060
767535419 999044856
950952975 212619314
567490098 126556018
942069704 542393363
276551132 582188966
266597127 167950826
374488763 694600606
19200923 819068301
642662751 783855527
713427327 915798434
998001719 75389363
278561180 290037488
629448204 969015879
432488914 934466412
534923888 596222883
67031376 269093010
697715950 186577685
291357369 805913855
223282028 322054925
517526829 227347277
236957768 391496980
459685445 819827778
711335925 151493449
485187496 684809292
81142607 637326908
173079709 11276045
603265945 655343489
843472665 605174044
318722005 29116120
815091755 435749850
264171862 451633018
494369067 741906969
616549211 870616750
189447068 938598108
406519098 742925569
660667631 502441526
141764128 196836616
956112854 551196266
398901314 777209237
657444919 639346742
668469455 392121856
137532036 667500879
195664385 582819717
499411147 159801742
129371034 83088936
769926181 455485892
676139754 872928469
747800971 794476596
150616837 359189707
791055091 411183332
565122609 765150589
421128031 824852319
259883199 671510227
839972713 303079354
501156215 236544881
