2000
728886802 75162582
346047374 797010755
273274519 828031764
678517876 234776059
874611113 831420311
321115246 255925232
928258710 149740144
196008741 987422291
181280906 164029863
646088710 887439990
278219956 32412314
346569838 637896848
22916325 175031952
157088661 9947046
172105026 905202207
332011016 785672702
378755330 187706656
963776686 865074254
383648237 162418528
653596819 648275758
437213373 712526514
831489760 625595983
75139241 735554106
652022615 152343642
254838626 716350576
265020913 209779903
940700173 914937950
884641905 510103456
363688581 396078789
997815368 88595971
367690427 996905717
457810701 883508799
270935226 441968566
194032274 49322619
291583198 974336436
631092562 185089901
807111923 24822980
651370519 70973312
605324570 415218112
121676101 72315066
301021793 12038805
455417367 823632620
324468153 648454443
445583887 296086337
365751009 491543928
86460605 236516195
735764436 366112715
871503032 768918175
732126826 390329859
364729223 927826463
880370073 954032664
223111316 294913979
561821103 700585669
305234202 683267769
315077557 663073754
760480461 822454169
124571554 380097534
387490799 133841944
613833719 536883489
317966697 930373098
587555336 193259130
954847606 158014671
135444544 288120791
83335809 173982355
626067452 306381689
564852945 974683697
408587372 405442616
116428224 54043510
335236600 239140496
691655127 87597419
740736731 611373658
829471528 296782453
659691840 967996229
983410654 242684116
569323081 506299631
868863422 828222808
92242199 521609774
145460886 907748350
843255791 523066222
53248535 975021957
358492133 996210010
266827175 377484897
518405238 556592464
435008995 560478863
988318402 806491322
424412391 782900988
712209886 620401472
261357587 984513488
638186365 252198425
372611658 470161278
187973737 106144369
373365391 612641773
727372330 791073362
547040604 69870878
798811012 510829171
300342731 995405375
655034011 874791701
583129604 210484937
241903873 473514297
921893552 174770582
877444494 646745129
695821323 326463522
345755963 821130914
489854536 2780021
280895846 337806069
723024017 182977923
799517733 396310138
598178944 495575318
39520168 280135636
483277789 442910842
172091712 940540266
62756944 534067567
171195683 393419665
15802367 301033561
154384479 81533990
766745453 889124181
882734412 733877989
874109708 19536284
931170298 689187330
57362941 277055378
317227989 186557623
440016420 622847305
201156969 620718910
650130670 957851851
930875088 27641885
226233583 608033803
297549025 752027230
406639382 635859892
855868674 876078858
191455745 573735300
332913057 521260619
975285958 581635453
876048642 675415988
529121129 663365991
830648431 976724908
259678542 285393216
327512449 14006142
114327922 433453458
899627060 358282793
392473282 581762068
789478047 485043243
530428669 210108974
846350000 62236685
264753017 655158411
326002728 395331414
650278957 677336291
908661354 50258586
185143372 14818956
472581624 210522169
886057623 538452035
736152096 456703271
991620012 103567486
129206215 837315703
602594599 288981879
614390683 862427939
796198686 888010364
831911290 388569968
289173971 911043430
548149716 699633302
467540138 286200567
229590480 576629569
901832217 67792279
397946911 993931146
857592099 835911717
245858392 296628791
493131959 952933112
844456581 637975841
136545659 728573793
59386047 688875436
414606676 607104816
589434613 469674397
833089501 934347037
668329022 344640269
684195254 519395722
556338029 83975678
231049737 251963709
377036419 728818015
253619106 846592026
523156881 382566334
552641538 212954033
232594387 109929011
883279067 603624266
536908780 704819868
787455060 298818895
699556867 883251894
74334390 369249558
286409616 17344402
145803639 616445618
490941970 844042912
340231750 817050912
371064812 124055212
82975820 13709302
567794107 953588322
80026254 125030013
187986429 391176037
951676808 753233581
99321276 917450266
429639884 478771722
346021662 515200948
881406280 866174809
333667330 497132741
282521141 730422900
373215410 61918993
834181267 543154321
172051816 659150296
835960567 81328176
112267622 43354065
483044638 351535708
632661529 519302513
123782901 560150263
543016536 74359086
649151716 739241338
625091761 943173215
297820210 759259652
259186320 860741844
883298502 270084655
524171656 541944242
745719623 713639556
216511250 416449900
220478263 226035110
12914119 930215129
576453191 818687633
170546249 133833736
702389334 213416092
333716448 278498650
678254913 388145618
147161344 144700041
622450950 912577500
801718983 638814568
474871747 759305139
553759198 339698302
816023334 245504815
649040752 634216221
630136357 254952041
475182307 984142582
76694207 875724540
265166399 741836862
279169621 677071298
575804419 731835078
773167504 336521916
852423736 818288902
792698366 967431308
606765416 923588820
665237114 276551296
529948736 253779699
119529381 724597191
358383788 642278228
250652927 531098139
174037397 318307928
322478172 695607969
156736298 708763728
831676800 978291076
879891876 511841187
49256123 722184056
855228875 587451581
453528105 812845920
865683742 873481363
18474012 604101882
518337740 75541594
964428826 122581228
406476882 737164852
55697794 467942873
388016724 685331152
188013306 564025979
824844614 350924052
976038004 521678486
381660818 414807100
509674546 719025881
409003900 620198926
602396707 663244432
861674550 632453375
878510878 770733324
441829334 911326821
970248728 139611154
352792280 646524469
236443638 586160228
72498405 105528188
841120427 181418471
539399813 840051480
527890702 49083504
258372083 22846102
979159531 955827372
419077486 312014908
308077600 490286097
8734359 49905032
37755856 288151393
54634441 571748156
913527227 793923546
548013297 954221799
461532507 786095558
867334961 99499878
740470695 400890392
381466186 652681606
625107420 244570823
802698743 746291850
389347463 876299527
446459858 358922483
734288762 715019303
223933499 770006025
411305424 917920899
830117676 403577682
837517814 62342803
871576214 591366344
823792307 416682115
220675906 161120874
739848459 90073067
267298329 726302058
108421454 932439407
135289576 805605693
803330438 699890860
715601659 678542381
655937352 758543065
195702415 96438413
187491833 626138349
618608427 232423167
367083947 989503122
663995399 773466011
134533750 610377730
374873801 548820117
529587922 860356108
154923804 173059793
490412510 381914258
214043599 711137358
774209163 562816615
800680318 374868905
724154139 151621922
183388790 944302907
995913393 172420072
969949934 584777360
94026154 557125459
318136028 510074277
952464240 994398476
121221374 308051621
870704267 283815130
642715680 399304504
138590808 904024393
245897618 234137580
289969655 809907577
778540817 211644252
560505111 737788771
21239898 326741291
535115673 460157158
785031321 683585276
184006858 789799981
719014675 749333194
934740351 685510349
152088323 917552653
440546234 4150798
910240290 338608961
344633453 822861177
16442489 868213974
259988690 818892665
243782670 501543130
882550316 641660918
686071755 155852274
829418952 982573901
884693129 266641951
378019915 755344501
316864407 702757006
146444697 663178477
100931281 876054271
942109540 677123825
913085376 558021851
882747005 74376320
397128162 805390508
247696908 536188715
686375676 65791190
817841115 59254146
139852917 304496357
478605517 789325867
964246919 710347548
649467146 673226041
17828715 240463736
202969836 129422113
569092260 804160148
31358455 905839832
859972973 313971419
122569869 504454769
312458957 421237513
713144878 867130620
13652409 979372672
115999072 324289613
74677513 238361667
496137479 771530429
467060089 420094300
295025257 703821025
913444072 471353896
562381696 694605761
451103995 191171254
367030340 114728413
892858213 647832045
277576504 215964824
165784210 772197107
665922481 504514647
843667378 757971479
786751086 303593280
692421661 607566333
173309210 548554364
210086230 599795627
167167497 375955690
517892928 691640195
896429227 383227589
390941045 386811416
810859768 660101678
932199068 803463489
648093861 4291877
69979363 238930551
628568300 313648815
456093548 564896294
456998275 939283840
395765522 713257968
349693552 846853858
448892554 522609158
700622986 983674652
363439869 828079003
122900972 812029394
957260386 659896780
216918752 635536021
405616145 832881874
198498955 380857167
687753101 999531514
884711778 113839999
140318120 11028960
343693987 674810133
129466983 742201439
822513554 16323412
766356851 407616579
546024445 914743700
893206522 603938373
550575860 482780526
215278948 834150463
481770217 568152412
485579438 12002337
337335851 705195947
318447553 413886264
813389714 235878561
793367481 768713642
114780789 560845502
417702990 950817997
983264052 247904728
450580123 908528891
742034985 288469461
663336908 327665897
650247306 353489499
56846374 908868813
94639594 394181727
585459734 359668289
1665447 381074312
32168651 98864127
903603367 328122625
900433612 998141288
591282020 239934217
265768195 402922745
152936106 919129475
453646417 338609536
196451993 611420294
678123147 872214805
845163016 497535866
111302520 1689912
223007805 872418804
293197785 694707161
684975442 59853858
494803225 523918946
781702052 807955489
119917402 964556621
204338168 385880762
142817853 358796792
49012960 503227380
767296685 171400478
402513469 807846487
199482659 973203085
259789577 138129192
183017265 960527042
969426773 350272812
707637705 423957913
860226856 923038937
490784375 617911274
93870220 947201496
424973175 855765185
850378447 706163662
599451164 946685517
28495160 396067770
56556926 255592939
524181850 881929507
82702879 884681222
446642920 449117234
826346418 59973592
877991091 13046935
978851251 243739064
993612684 601018475
157401833 518377049
270176281 229382828
850444584 992573227
50281783 547733063
897786324 440672827
713558624 115367751
510928758 853376808
787869687 54956462
641851467 267350950
576686901 134980366
895270684 977368506
83854055 376504775
117185496 297470809
871533031 88292527
521455767 821473069
679869521 687061418
791386841 871106342
794448187 41644969
311991460 100466082
662975689 834782598
601314758 322681032
593530396 303633256
671972485 844274349
723192069 808814421
861854700 388182324
675688497 940352633
824161872 484386304
725126538 166485252
558390878 807214185
180449440 959228293
560516792 595791573
825734090 659503153
999072193 995056688
14986972 744616085
318825098 307985591
759791943 102620662
523456340 558651505
422597054 437420200
181573609 121078129
762481563 629520108
211696539 141983001
638425680 440423829
816971352 445003965
232375684 493371884
118695550 794637949
897721978 380719772
912854868 557017332
489268404 613299422
460577143 204358122
556107229 882673037
901886508 487470439
638662722 554707703
362928801 459977768
201471768 447453236
83591047 419556655
645211038 508451185
6686020 376995862
448498443 969778956
186357866 712116182
589367073 500414548
757030573 55496961
516622181 736378288
564515055 183678488
450672691 57833853
280048869 536259270
961476446 792281665
353527190 988947025
368526926 250557617
588131815 556312432
254566217 66970694
397615204 300053065
761324 765222850
898467430 299057214
906996839 221694121
270637266 524427820
439810939 136273337
399930229 302465385
355330973 708274363
317167205 612808400
686867164 762348442
585448102 930693473
889391773 406319957
16849780 142778676
931816442 995167630
522140323 214866508
25672722 612964666
761433487 881080099
339481051 78791886
406179911 320023306
472310256 603030605
753859259 282043079
514686895 436352928
197946301 337863905
943739255 970169345
159386820 532907381
357776251 703693167
35948861 78956173
111099479 453742339
469670550 707724454
995841237 317615855
759952030 125559575
10940054 736585991
675925248 347557807
603215033 519080050
945223808 989026307
859787872 801320869
719376507 542558266
795326677 815189125
297495843 726540843
889106638 390937468
156516762 613896643
327643743 572511887
178819662 784250062
505811432 472037016
254332512 618977829
183229003 986222966
748285209 900856197
462796961 230902176
537407994 280175076
712970755 345656973
791899035 260421576
818268168 958459470
517190167 468970548
819372141 534193127
152677455 951711671
334945822 966907865
50178982 273908177
375991603 158925291
472942962 634830019
790574345 425658247
71841660 226403358
424224364 918059583
638975171 36414722
809663282 187782049
964385094 322539283
530920882 219290492
232780389 301839926
53209899 770609237
546874876 380391559
144969792 880212310
434780497 143375962
971347407 88764195
519858278 494007558
48361840 309610745
292752922 138077571
866169250 508663671
253021858 443954534
274802442 857850560
74177616 637425022
119584743 841874676
296615953 870065213
410723142 980073073
549999882 866422148
464103958 135553934
444668949 431595169
782788039 888830235
187307589 977985279
120542613 945402199
150697716 651561047
467669489 387591183
102734590 817545288
244050553 162447997
271481785 720615298
231753037 857316233
397843983 652295416
277325782 231353483
948736741 430344303
278552818 662120660
586211445 414800496
270008562 94571130
618148472 477883794
47140971 184798240
797873198 505560980
352519623 948576514
770938189 970264328
58002432 38830617
183660110 151234099
633246353 985469310
765139989 760133506
833429062 865344824
2132131 719420159
132914839 62902462
642321081 440967014
657599559 851057340
752172326 525098241
708780846 985991347
879540780 641058854
668678066 654693955
486014911 199287437
516854471 491035676
138745220 347416611
539188849 387514381
88332807 277946851
702969247 740238310
747880415 540355097
272823157 166733307
710518392 318616410
663386347 278345002
301192056 995388620
721107127 975341305
951024291 328977967
222740015 706286775
754137604 35652104
650979829 581744618
470372094 729061054
48445918 969276223
432745208 669832682
339170618 702160336
179560401 143454166
753169430 887741240
721323017 143366283
39495251 227248952
315681967 371713108
485994238 280918150
49178418 650684865
173522746 532332418
914861659 539462540
643883862 383659002
32520258 982056975
890515500 826733784
278434720 403597064
200287183 862575689
624630383 133431528
283913427 493555943
57790790 83985324
830971380 164460155
49894609 578765837
753054387 259024153
502395977 109380642
156030511 958503409
694971831 635211523
968724682 470178965
525885001 410174010
535152895 458472978
821530634 317350206
559998005 721400183
124715319 109483318
470834803 64020515
523443201 713537276
677610487 232103229
816614285 670374466
880899877 59609600
286775656 949584535
76416672 573530983
124421061 85505498
653828159 818623124
945051921 774978820
530575774 902822471
36148570 546722776
229937188 511612645
861240278 446409252
376612706 52848839
252375675 776901305
455021061 913656169
776149737 949660633
295914078 366832242
179843560 896063047
998241551 860101142
186342437 971360982
410578375 491070549
934942314 647397107
621650689 970457606
992179663 229728234
845517301 365081534
121706431 508471757
326082889 656829605
367789483 445345090
321493447 296912232
153229584 544695970
943477625 987705985
142796213 658961687
144513350 695614048
656762593 172127823
566207672 60450967
45802156 417303357
375783629 617985298
612438470 532714352
578279581 949387038
519941650 473650004
589465876 490816838
670341309 322185132
140851443 623582140
402077307 663625387
217969474 788172877
712906372 220765066
41443873 675875403
701872843 28951832
936625748 205321672
939201017 695163377
133834348 87658819
115413177 629472957
381573863 578225868
830827819 414472091
258395545 568564076
39035094 819726889
713522411 452000810
515400599 217618791
899799260 475917001
296631697 991529388
818846875 57382040
678260038 226776946
799197976 14268287
403278797 72878426
949318641 629279906
331948159 349549188
605641783 221566967
412941926 573053181
193445115 761358754
630654449 129372619
316938941 42389772
105864203 160195054
329466617 656418889
760396581 429136028
490980236 268596466
382451705 743173071
491802425 690760835
622226945 159451577
587420884 190158273
948893074 658370496
816501001 766500643
257862663 116405071
680162056 780047463
332963929 512137469
735560616 160444332
288141688 383518316
673435701 383858172
466503524 24668681
521087497 864953484
181231356 705282861
35462986 786760107
329191780 842151706
87840050 773312422
501376326 929755205
818407463 544828729
457374948 304504310
602921191 347076691
270915764 727050339
892377646 700633878
261859383 325477196
216505159 961144058
277380568 3235640
818033957 325930437
699115320 953604707
96558038 820556267
292415968 786791449
151079572 498056510
233972287 281014617
142831378 380842447
382957216 512460603
19548798 746462266
73469941 40851780
429064661 802876210
31252097 268439038
791746570 517459815
62814891 885226132
197844109 419303406
569011948 798864615
691056292 119704951
817813565 286223630
620717901 453237828
524964765 903674708
123663424 647786274
20780550 365484929
338976836 237377598
727284986 370002215
208580320 120418153
527415748 583922863
492467676 466025700
888933610 895272548
695516654 70465936
877753404 204463995
932453048 497254794
401929170 303131826
555978113 472906885
395489930 242874427
8845312 141079623
158513241 99489459
341955549 600555791
170647223 297699804
598093870 826121859
788399482 100770285
751371751 760156545
587214256 717871788
566648151 427955184
278029880 278069700
560021325 80644845
441481475 651137551
410315786 885831743
51351075 832680393
948132781 656613396
637601556 446672894
791188203 72937630
645679689 412011537
997527521 585862138
578751872 837022383
741605020 468283016
193721161 694286670
166737665 799823256
226854160 901928313
838385976 340180357
165531677 763003722
702790961 357024704
468470504 134084573
311851061 152851423
90416575 901855526
29751801 945402803
945388824 861208326
314447396 782263877
304519439 767658929
951896253 536327171
474724175 611220023
823030392 6589157
958640192 551789887
570114992 817152672
312167154 31878414
246717412 624989260
322810031 571320118
231768001 586586110
35702436 938372369
664257096 221794283
841312519 329313410
223179489 232250034
827130932 649543500
67489452 94958453
883565286 120701657
56516721 422357791
801415145 99018132
310317730 739178189
599187410 901317671
713287667 632003848
846746535 671412025
540450299 178079986
155134540 167415804
428820397 28312169
554110181 835749299
82694850 879386804
204527817 844539455
512695660 120703205
299750796 719416562
766884549 964051876
765359434 250664079
259939427 457876774
766359856 969212558
51446984 29210875
794088246 329941159
170992103 557336938
143218788 447801423
449019205 575579493
650415283 173479798
968446376 950745520
918593317 754894447
51350150 133090916
1397069 293026290
83113792 465962327
863948865 214217120
262614407 845292165
514264195 351874118
744257472 836056794
150158976 647227072
745168746 432785271
200999574 680124947
369872068 699461034
321653318 689457890
606111273 836656708
898082486 685169657
437973014 479622934
523669162 79831964
42868013 285095419
537955679 766980557
974971514 204851733
902076011 461679935
265454645 852432024
877660019 193218666
930143230 842158926
262507829 509308590
66327319 18650630
121032450 506167015
474409186 266607270
782729258 24277743
319040198 937114218
236764851 801727612
757043223 953555099
683530201 917146380
757562079 462338040
968496315 456149804
229297021 266195444
408029153 30163004
293062639 55224893
454193909 725368488
189549825 28911388
454358501 931722616
111683248 636843911
524766142 491086269
459927505 646519662
86735047 215373724
93890013 2973204
159056157 777888499
676148889 102493731
932135393 301722366
346487626 776478536
825558212 63839680
403323924 396295172
821394319 717049234
430846175 641376372
154516385 829630011
742159594 67500613
844052702 911089808
922772958 425574846
415742410 744104944
829127021 591719916
139276981 573038727
627011286 498661851
494313861 609892409
568631450 580373267
346091679 565289755
766148730 482801464
916950621 110633283
34619949 408951868
465737275 468556482
664289938 626034879
559621405 552647436
912692896 454991545
129103825 273416164
656868004 17377267
707697935 263389536
96030861 848433836
145566981 703156913
372095815 837031948
765972024 407972096
458795837 895905787
98080753 695996193
263995965 382903112
963155809 392207993
997156894 273071839
709336385 637913858
596139312 670483058
252648697 962442468
850231725 21009394
833813073 431639511
101823043 906767358
15284789 180608708
381840126 233666600
205078700 520034216
825306951 431968219
842209660 743518805
782905950 325059194
455359498 803418608
631622707 753543819
200391687 74346998
563860627 978706571
916479897 646234293
154372422 995280776
776155875 71420325
316736719 427767098
850020970 422968300
995163685 744478411
858031558 389747698
372671344 315489874
363953699 124075631
858925226 805883977
632491146 841653303
633498452 815452660
173444217 21526833
993081458 986494743
697427678 497399549
296243342 215474226
129210665 521087920
746610038 589600226
585083622 158586440
329881041 830890008
28386785 525335700
957095535 82374879
736859120 343970948
197636585 354566874
874406549 717297218
425360523 61649014
612612372 921472120
177375164 926779638
202468515 991171375
382695844 903997711
571940745 617665086
689734734 587342565
345103505 291515770
717671255 308310027
937865920 270671740
406107550 113954554
746238723 864100114
59179229 784863124
992754402 159937355
952184323 314965998
339461594 77275160
497852725 379888578
268438577 423383183
425831727 509719105
548545189 817834665
476397507 829678822
376084861 551291773
524166270 567142467
925148043 995746624
55186856 145397460
996581776 993391272
531801219 183120861
876651409 150426211
375922046 868947481
327421044 611443746
636805256 410541939
199856036 221340576
259500534 287948679
223121999 800080327
760401278 309956230
60102800 61516918
759270454 331226819
361544033 247734585
635951457 718080588
471227253 162987302
901995065 977969135
424193597 547618095
289597204 890194419
109402686 108369717
98437200 426572551
888795483 481745156
86826312 82802932
572309761 333221226
687877172 638555434
230718613 676101798
29630281 749208552
914226005 567229314
228061692 6920684
231541716 198961462
368737470 666314829
874250300 702626164
637839490 384265137
605577269 966001976
43167621 68743685
145086702 838105190
984424901 769709383
240200135 474211882
825299947 558630506
823044594 99017110
383998269 44331141
106242876 179870747
775595507 153587310
366834463 882789887
384080720 50304875
312307548 880913021
771328343 987696399
401046300 473071130
269646482 98425615
453475517 101065786
587203155 168690337
882045617 926056748
966635681 871084331
42680323 979502016
374812925 222142321
245666081 844376056
815851771 680132124
208097701 678308308
265929724 743337220
255949988 325747063
906645615 586783250
711049858 344627784
388209445 670396161
812502722 943776260
160998711 720635956
802248486 738118103
535331159 887112888
686203013 753810200
739269241 774569050
675222124 621063691
309228143 456959129
929884259 917024437
754604152 162086283
129104829 586276268
317079274 369707976
163720622 283802126
520863098 417530155
294677157 562864917
820744399 799362367
10081886 668887638
911007465 381798895
176952444 406904543
161098875 950871544
829997766 173700205
890437602 327519512
824634456 112961679
408159007 943259015
580077601 876468220
29948227 401046748
659282608 937663832
963206710 974742106
188337427 723280140
362817879 421044163
144381373 812205365
518059711 343665242
631495438 603745936
566971139 265225500
482705261 259502432
638348146 837185405
503947887 995987796
877486452 371882870
410077459 770770344
394910289 277215785
644144049 822378565
929686005 903382024
23115994 395618300
98372152 518769109
274764808 651844410
906709013 250747500
481763515 944370465
277711806 783873839
293503541 445361530
698484118 408805529
699935428 122540356
483984876 460264882
221692501 657079561
928323350 526534674
252995151 255727668
251358542 96121087
281999061 92156104
551659262 796426017
411093238 738231340
56680817 340585274
239741031 628507524
928336387 489179633
836907103 392107691
693694611 322159964
220286235 836308309
790839031 32840123
684377389 892811639
74472604 223294429
373065907 937756501
554275930 30713664
329863654 189984844
463485991 773195281
663943486 768356953
151330827 734980149
138787049 539797609
527215527 937476675
914178101 707105487
392584721 60288042
930072089 583182041
145319114 981536085
222255275 675404841
783711115 900446532
904880370 910904254
80473379 927840834
573348361 954697048
272140220 683936679
626710519 938094678
600116859 712312772
950572927 613234164
928624556 977594976
45561009 250038449
750058150 676295218
987635390 910097057
877334374 694007451
980600628 416196099
499552383 787795536
602433652 528184521
382573787 845021912
963298491 103376011
602388630 78778211
593250241 948818244
519466634 516341919
695013352 478293808
638016094 485491478
876272262 859276791
974817424 590214261
284227142 434939808
118004641 913796163
701957793 574160987
379856034 364636773
549467539 145860516
676813193 43606370
270569046 735839243
859926026 754143259
383694046 904960379
199523140 116736677
964202082 778634628
562132761 317146528
756877323 148035440
403293966 937199198
579221031 527359890
797736879 988811345
731233619 299170927
893589620 499471350
854789959 5588853
375040753 288759082
953536202 765066344
58898282 351656093
921220660 792674593
166003875 480501979
525554076 684818858
501645138 918075457
776452009 67208802
711248442 684447015
685675443 188184619
198911398 63179899
633602030 460321582
972838048 431737823
545892814 66931036
701300637 477217547
548572025 284262345
262280533 380514587
870682512 905922343
671598191 273609063
224364661 625119313
7128237 345463408
554875722 507086205
19363224 196891635
740457474 149871125
49170333 448233123
119325540 858223904
33063440 339178632
598523393 463519500
605658980 779930018
346093093 989419972
804208832 139012942
293527303 478920519
427760423 792796966
735120918 226724324
182429577 275666715
903872331 436925345
915703173 290116493
700891068 136145269
743153737 988962011
229293409 512968158
42240809 631696615
762235990 696404169
760704267 880143724
54046538 867405833
609775327 859057337
916114259 941338957
408511429 766782711
292389000 968076554
908486110 96940064
289152795 488667325
818677992 358716456
25592748 135879634
450548219 825223931
157714994 544674241
132347155 582356725
101466303 154708056
113711099 720227671
597832335 434400699
929486430 302763203
872494208 290030085
870024349 658202
54703248 214739570
701575806 853522225
840297253 885419918
118840753 252041311
533063607 319568139
131514669 799144685
682166742 564912457
430632574 64212162
913203636 642170855
621141863 975879791
602493999 944971915
123991528 596417933
923858827 590471454
11288059 376532872
592324310 489952113
662427133 243628197
400960543 962468252
782961179 413582046
190826853 617464206
229417363 747383733
114015720 446661088
158707155 99832852
499765128 368744393
898006398 29323646
744277586 556500363
675024357 558197081
318641029 710874042
998407257 170450368
959035653 707899529
67594043 579623687
307493583 990968682
659819262 113528613
89585331 302280320
497930464 283075194
37887978 689449610
140046790 370239481
473327572 752787910
677800641 870023902
171771738 218773449
965898053 617920312
462739292 459229172
234844055 434180198
733568606 707698783
326872049 61057412
240823950 387961572
768722560 723481647
826950401 46082679
439809813 320077024
28654248 793422875
61933870 99014361
223327694 724433746
398655592 281813529
17051354 374752792
463048851 335247964
810677642 743058097
665746235 823925109
766471747 152969840
966476909 195879301
672244955 541904177
799903518 780802783
742905438 845325158
448785190 404039732
723558974 485032770
10319282 290413860
27621657 241013573
309584567 778417137
372421594 306372347
625790520 885016557
906250522 610295909
107418483 429652664
793913696 301413550
116773288 787390417
396773329 125765763
214414944 62964461
791673250 806584787
770688497 871063432
939307113 690983158
612768517 839264650
228413672 416204078
474218887 660324473
768916215 130288297
518792147 733051038
915505798 621011171
661509184 583351593
215469027 348038900
72171838 776450885
451334796 457934550
936391761 385268895
564444341 550193667
333818716 396812004
369048806 439653848
588334265 770211333
904681271 501858260
364025916 183259464
886205085 865350072
449938542 967903943
332740571 965380165
462390839 315108397
449318439 497279102
426570646 462923805
214984848 39572347
381046951 535852262
720690825 693584849
696694766 424586933
934123863 422433004
564741278 153854205
234794024 128668307
904016772 948428998
546887430 983585494
411055601 13194874
708840924 754082548
192258506 908036254
793001990 307047975
53546871 603118803
311686567 355671294
557969758 872641848
732825781 190334017
21371045 432780231
719634642 770630457
983365674 487384142
846168100 481736966
236841292 21351782
177151173 547511840
476027402 345043843
272064962 270007767
115076331 328201340
894805845 856699278
769428630 907262732
951744478 574190123
54189809 828337181
914588446 356073095
587904273 465277018
503080471 547716408
555138912 157494433
8028915 245103726
996010318 340312783
937089346 429471248
580011278 278981161
581715351 363956193
965496694 532736535
892695331 558400197
898101929 957022600
49361466 513881787
461011669 915876478
502419740 180496973
5821825 240541363
363918081 158984884
731834121 184218359
7729576 468959190
599700720 901067783
397123660 855240109
500439940 819315811
119876359 996693093
950249061 823861742
340003918 302932957
344745408 9828420
206915130 857215513
874775901 394958917
878539416 314546814
905112379 52267453
936542363 376006539
642914423 211385225
405024608 893460219
707528467 4487144
174269710 696173391
676657832 781056164
686126408 183417847
203194692 386165041
715808690 50553753
455527021 368432370
754446992 853134445
65855126 495057064
286141724 772667814
149431151 95686962
78435798 95816491
139639711 348597063
874130276 228033054
707136461 95073621
292752737 582983277
387931003 604480695
172513145 34169663
598222409 11363886
815622051 876688981
219426179 465435610
797272445 322838229
467274150 694414273
830010070 734533170
342564161 946758041
50640744 115320184
527678493 289159504
767740671 347804964
631602989 564792017
7785359 123059644
188933295 859410948
328307314 923044776
948522257 512289363
429663725 12920242
181447125 61202178
641925875 965428936
724265232 759464088
155247563 901061931
341490715 346745904
429406636 366743166
70403111 901930768
367467285 619083863
140308724 905036666
183320873 800320437
333193837 603736403
686051068 436923845
335121265 637972515
808564357 564238937
457315177 112469322
841768575 288633132
138012104 35503269
766501262 916845076
968156520 153143715
503197405 504515713
655931558 726692828
171579385 593199025
288555429 857173917
615505872 323436652
783815023 705000803
553211786 86854699
588823340 966162253
151906750 779410040
375521148 373588110
786101855 392353032
77740199 125206535
298120962 258329051
498364417 573665652
727311515 182456393
620409838 344734558
711514907 634413549
876136594 244698063
998993024 242659279
511504359 268140265
648456334 33685404
119335190 173236843
744684362 398682873
546755931 915078712
136234871 526375621
195724663 546423806
515885050 73978315
850572743 980488702
357110108 279715565
103267712 617568725
600935636 779228641
276468604 715138662
680082653 676202508
267614098 196392926
923067202 784674700
161893879 239018193
818116339 778507679
941094181 638176182
579215924 578650822
385850157 520819835
601751197 50088218
416361624 568296116
699996879 734142444
288238176 543301313
851240624 299807931
306706416 26436216
700826593 832897226
955379025 945976292
113521822 751728658
697933177 358612963
503892285 190102745
916764476 509079777
12584562 799328950
526265371 4056328
550850867 644688655
462688367 887253143
182894383 970319383
628444392 511991754
297001245 262448629
889316630 366924659
31570538 228114764
493192612 138003344
876702357 453309097
830153276 540449966
169317947 602302165
175379010 442266368
343306646 883465725
395467663 143550208
485733340 433557997
429867002 723814839
817910536 681283781
376014399 949405077
981437311 52137772
191059117 634148455
661901193 660761452
534879614 423664327
742815734 552569972
983140970 82750082
497585599 567546903
541179108 152966578
572730612 701901579
619395347 651664001
392168971 787243809
142362919 590958388
681615416 640981685
465133087 830142683
590776198 606646579
588819202 820936606
805492651 206048438
748914662 71573481
200326652 439068728
255743604 787485307
512838865 360941791
587338701 327046055
901745900 375859106
573300892 10649485
743056432 322396157
57867460 299085775
561520682 768852559
565124352 426118986
921037265 96156385
748009494 413838313
548899636 732086250
844385819 327034596
62976615 941351838
405491613 845224936
553839519 570418523
860227429 599817442
534209949 678473937
380520420 743937681
366870668 681658597
258623493 341650805
908794909 878026559
23220750 176542957
750529435 951716716
119852152 624008621
205006416 180101847
327516664 407156677
560065033 619093328
56402578 199569798
59378510 660511114
718986815 651214523
438015895 974900001
544339161 610376280
652096037 236174199
544027971 835592723
512548647 331573109
658029783 812429434
455245080 349014421
986560369 848830034
874675307 507504016
469340943 485720628
905743451 488997205
964137811 809912007
618833830 864162701
956531596 720365916
484043287 157594564
423270061 65555951
381169349 857648733
793823256 607991048
263093221 820673757
168441976 655236251
611354790 209400778
794710342 993005522
821581669 33862808
671519533 34307919
182682955 235916434
578151490 390625115
853660709 398561007
869111559 849972447
698582702 704285917
971337007 188048037
438327760 549545296
564864339 810374075
503261154 633212971
452767454 121332418
6432136 996362507
192423393 381925681
458911898 80503580
404666095 408436382
311566889 542139473
741109920 816347350
959737939 874027675
859870649 574487042
998026215 764693883
830821763 790336088
651188693 23437423
218406330 491275487
153617054 122501783
228235507 818933064
348048388 402400793
383623223 187516423
820437833 173499167
794505731 75004297
968560329 14251688
62928791 732366493
176400429 923350959
803806792 104728394
432126369 991195313
302824502 618473162
984287278 324466629
435146974 512939007
78354749 626493856
64805165 579104803
637240893 373691909
503510344 957077442
631106509 407240057
233737977 923793972
380330759 558961333
663152450 489988155
708658182 209064521
109535123 336937705
21958974 197944845
21457908 286404780
337534027 402406352
584334146 679183810
444185746 247243691
531879429 300389436
870076571 953896347
179281587 651591442
602972807 311546723
556392095 220318712
108419459 685894156
817169537 888882533
197018249 483763251
684434949 278443332
401721752 407111210
811693581 681216661
545118909 542954126
710500785 614962426
100303106 643094027
297884433 750485840
266643068 181936876
84876600 960121831
954804671 767865206
773906198 698400958
347133541 213896186
395185175 481511891
127889978 458447247
405758770 454932613
828735364 125612709
950894589 83753878
438032059 166568120
534349936 413380629
54081438 312442624
91817727 574362236
185529407 2338678
413557477 399142671
437255711 766416508
175233841 712971498
400015307 194490481
502107152 850056348
366282481 845954590
256252864 589588364
618028444 402477141
732043199 41087002
284622952 432645236
63524766 79188503
611882445 622850563
406140656 538686951
148051724 373924904
438472105 576807144
219414136 213943945
635335318 176530097
12178305 110219037
132193598 156102554
354620090 180360501
927616700 892435810
779574682 510472791
818051571 579241720
703291545 366821795
131133618 15705113
784588926 302082212
369638890 264868206
873208885 558906409
416443686 85634094
981521812 251061020
772887721 455148972
786830961 710770529
903735855 978753645
695644156 133240733
671519938 723752572
74754733 620987276
38429592 77711258
222469838 182478612
142791287 464192755
568027129 804788139
509222041 969911019
321558390 317152512
164775127 52322930
107212563 953563907
523299434 120799304
52543974 126626308
862025618 659489704
372934510 567202023
958355531 218475135
153492163 406901851
538248684 156890331
20072072 781015234
356686454 660199565
806411397 266227943
235951936 854712643
734067878 365322504
89233485 443582407
366588283 147045233
422773806 421979481
503421874 481537454
203552561 24222192
27066733 113593901
123514903 775635594
690882593 743161623
268912936 927899017
638268375 700619234
817694235 773801117
832183824 730752554
213603864 296200859
247069761 730741056
853838878 793538448
244930864 621699542
560956481 122668866
268348401 818152390
123915677 499350184
491305047 123366790
436677346 430512575
97202469 482115136
252615183 548867039
852257624 708230895
48644660 560423548
220332365 928883006
548608724 195355050
532546989 59103225
68332731 646215942
307804268 133442014
248354457 803609121
419473686 852318967
949448605 981790154
616863414 701265165
183283432 509089999
520768726 697532252
995777225 209417812
326377554 768768835
51311015 46404137
956629746 763755715
261899047 252182764
614762411 52625851
511138924 275477315
324311885 184145072
306371539 979430692
907976386 554094911
411317967 418792960
122578911 794342094
933854215 349038795
999134418 874260686
323833048 162895085
707483561 927372863
963470840 754062603
792582095 793918793
97635785 26425030
767578987 299261200
70804531 661171233
916641243 912277412
754243481 375935972
986353266 313881313
490988096 651820470
714547834 179504456
744277486 182260666
580165572 542117264
647756300 724039738
509313616 859493687
308889957 507054434
722337389 418119232
47629355 790949537
321497262 499415516
437423124 11815691
509464930 336063400
906262078 996287245
469713588 86370976
497542350 352583544
815190869 135970958
340660883 15387284
18500941 716710986
844566012 87068334
509795884 455127975
734458943 215595958
928951653 304209969
809608032 835951004
695469224 58836853
454666270 708087804
841318535 848450092
459376647 494331138
777529927 287839145
241560849 476694097
858266010 894002822
60233896 953702734
323957600 58787608
262413943 237334815
331066727 339621028
773107725 819465117
45144219 279401071
897551892 684642099
294731308 824411514
300201108 482107221
135428200 939557984
964070948 969776068
589376098 378773772
269219965 266425654
758370365 230064963
317888895 861530413
502098456 741721483
495494046 638124036
561032315 159643026
126173460 524125716
178040484 619382701
243219920 571954826
332095809 823593374
426461920 875228875
519152641 362290066
340028153 183873554
250523168 391392453
857663222 37270250
283595360 321646627
845831061 808756482
808616592 154075393
221432014 552523875
377106238 29717918
534080540 517218030
649393831 370752189
683675238 517338490
231096921 527158975
710764610 981104694
542317777 649454549
968563426 967881969
391304243 756796723
578040905 970085889
133038560 769313427
991468551 937322008
413423078 956079229
151107247 570317877
889615270 587404738
179039722 53912676
936803621 181912834
975924897 781237118
964721555 820553291
42808943 936111519
563938922 718120916
529164560 537870312
891965572 616953935
504965008 838639268
590576030 830325586
15888206 208470028
479340501 19366604
254306791 546666313
500546922 752722701
56220757 523246862
53723784 680516319
446177015 808485637
648716114 126375354
48848702 925149349
897072943 287592037
874457766 524869877
879966901 756172421
390422798 962900728
559885111 248007045
328626446 606193855
855727625 274366909
569415745 242606734
