2000
0 0
1234 711
2468 1422
3702 2133
4936 2844
6170 3555
7404 4266
8638 4977
9872 5688
11106 6399
12340 7110
13574 7821
14808 8532
16042 9243
17276 9954
18510 10665
19744 11376
20978 12087
22212 12798
23446 13509
24680 14220
25914 14931
27148 15642
28382 16353
29616 17064
30850 17775
32084 18486
33318 19197
34552 19908
35786 20619
37020 21330
38254 22041
39488 22752
40722 23463
41956 24174
43190 24885
44424 25596
45658 26307
46892 27018
48126 27729
49360 28440
50594 29151
51828 29862
53062 30573
54296 31284
55530 31995
56764 32706
57998 33417
59232 34128
60466 34839
61700 35550
62934 36261
64168 36972
65402 37683
66636 38394
67870 39105
69104 39816
70338 40527
71572 41238
72806 41949
74040 42660
75274 43371
76508 44082
77742 44793
78976 45504
80210 46215
81444 46926
82678 47637
83912 48348
85146 49059
86380 49770
87614 50481
88848 51192
90082 51903
91316 52614
92550 53325
93784 54036
95018 54747
96252 55458
97486 56169
98720 56880
99954 57591
101188 58302
102422 59013
103656 59724
104890 60435
106124 61146
107358 61857
108592 62568
109826 63279
111060 63990
112294 64701
113528 65412
114762 66123
115996 66834
117230 67545
118464 68256
119698 68967
120932 69678
122166 70389
123400 71100
124634 71811
125868 72522
127102 73233
128336 73944
129570 74655
130804 75366
132038 76077
133272 76788
134506 77499
135740 78210
136974 78921
138208 79632
139442 80343
140676 81054
141910 81765
143144 82476
144378 83187
145612 83898
146846 84609
148080 85320
149314 86031
150548 86742
151782 87453
153016 88164
154250 88875
155484 89586
156718 90297
157952 91008
159186 91719
160420 92430
161654 93141
162888 93852
164122 94563
165356 95274
166590 95985
167824 96696
169058 97407
170292 98118
171526 98829
172760 99540
173994 100251
175228 100962
176462 101673
177696 102384
178930 103095
180164 103806
181398 104517
182632 105228
183866 105939
185100 106650
186334 107361
187568 108072
188802 108783
190036 109494
191270 110205
192504 110916
193738 111627
194972 112338
196206 113049
197440 113760
198674 114471
199908 115182
201142 115893
202376 116604
203610 117315
204844 118026
206078 118737
207312 119448
208546 120159
209780 120870
211014 121581
212248 122292
213482 123003
214716 123714
215950 124425
217184 125136
218418 125847
219652 126558
220886 127269
222120 127980
223354 128691
224588 129402
225822 130113
227056 130824
228290 131535
229524 132246
230758 132957
231992 133668
233226 134379
234460 135090
235694 135801
236928 136512
238162 137223
239396 137934
240630 138645
241864 139356
243098 140067
244332 140778
245566 141489
246800 142200
248034 142911
249268 143622
250502 144333
251736 145044
252970 145755
254204 146466
255438 147177
256672 147888
257906 148599
259140 149310
260374 150021
261608 150732
262842 151443
264076 152154
265310 152865
266544 153576
267778 154287
269012 154998
270246 155709
271480 156420
272714 157131
273948 157842
275182 158553
276416 159264
277650 159975
278884 160686
280118 161397
281352 162108
282586 162819
283820 163530
285054 164241
286288 164952
287522 165663
288756 166374
289990 167085
291224 167796
292458 168507
293692 169218
294926 169929
296160 170640
297394 171351
298628 172062
299862 172773
301096 173484
302330 174195
303564 174906
304798 175617
306032 176328
307266 177039
308500 177750
309734 178461
310968 179172
312202 179883
313436 180594
314670 181305
315904 182016
317138 182727
318372 183438
319606 184149
320840 184860
322074 185571
323308 186282
324542 186993
325776 187704
327010 188415
328244 189126
329478 189837
330712 190548
331946 191259
333180 191970
334414 192681
335648 193392
336882 194103
338116 194814
339350 195525
340584 196236
341818 196947
343052 197658
344286 198369
345520 199080
346754 199791
347988 200502
349222 201213
350456 201924
351690 202635
352924 203346
354158 204057
355392 204768
356626 205479
357860 206190
359094 206901
360328 207612
361562 208323
362796 209034
364030 209745
365264 210456
366498 211167
367732 211878
368966 212589
370200 213300
371434 214011
372668 214722
373902 215433
375136 216144
376370 216855
377604 217566
378838 218277
380072 218988
381306 219699
382540 220410
383774 221121
385008 221832
386242 222543
387476 223254
388710 223965
389944 224676
391178 225387
392412 226098
393646 226809
394880 227520
396114 228231
397348 228942
398582 229653
399816 230364
401050 231075
402284 231786
403518 232497
404752 233208
405986 233919
407220 234630
408454 235341
409688 236052
410922 236763
412156 237474
413390 238185
414624 238896
415858 239607
417092 240318
418326 241029
419560 241740
420794 242451
422028 243162
423262 243873
424496 244584
425730 245295
426964 246006
428198 246717
429432 247428
430666 248139
431900 248850
433134 249561
434368 250272
435602 250983
436836 251694
438070 252405
439304 253116
440538 253827
441772 254538
443006 255249
444240 255960
445474 256671
446708 257382
447942 258093
449176 258804
450410 259515
451644 260226
452878 260937
454112 261648
455346 262359
456580 263070
457814 263781
459048 264492
460282 265203
461516 265914
462750 266625
463984 267336
465218 268047
466452 268758
467686 269469
468920 270180
470154 270891
471388 271602
472622 272313
473856 273024
475090 273735
476324 274446
477558 275157
478792 275868
480026 276579
481260 277290
482494 278001
483728 278712
484962 279423
486196 280134
487430 280845
488664 281556
489898 282267
491132 282978
492366 283689
493600 284400
494834 285111
496068 285822
497302 286533
498536 287244
499770 287955
501004 288666
502238 289377
503472 290088
504706 290799
505940 291510
507174 292221
508408 292932
509642 293643
510876 294354
512110 295065
513344 295776
514578 296487
515812 297198
517046 297909
518280 298620
519514 299331
520748 300042
521982 300753
523216 301464
524450 302175
525684 302886
526918 303597
528152 304308
529386 305019
530620 305730
531854 306441
533088 307152
534322 307863
535556 308574
536790 309285
538024 309996
539258 310707
540492 311418
541726 312129
542960 312840
544194 313551
545428 314262
546662 314973
547896 315684
549130 316395
550364 317106
551598 317817
552832 318528
554066 319239
555300 319950
556534 320661
557768 321372
559002 322083
560236 322794
561470 323505
562704 324216
563938 324927
565172 325638
566406 326349
567640 327060
568874 327771
570108 328482
571342 329193
572576 329904
573810 330615
575044 331326
576278 332037
577512 332748
578746 333459
579980 334170
581214 334881
582448 335592
583682 336303
584916 337014
586150 337725
587384 338436
588618 339147
589852 339858
591086 340569
592320 341280
593554 341991
594788 342702
596022 343413
597256 344124
598490 344835
599724 345546
600958 346257
602192 346968
603426 347679
604660 348390
605894 349101
607128 349812
608362 350523
609596 351234
610830 351945
612064 352656
613298 353367
614532 354078
615766 354789
617000 355500
618234 356211
619468 356922
620702 357633
621936 358344
623170 359055
624404 359766
625638 360477
626872 361188
628106 361899
629340 362610
630574 363321
631808 364032
633042 364743
634276 365454
635510 366165
636744 366876
637978 367587
639212 368298
640446 369009
641680 369720
642914 370431
644148 371142
645382 371853
646616 372564
647850 373275
649084 373986
650318 374697
651552 375408
652786 376119
654020 376830
655254 377541
656488 378252
657722 378963
658956 379674
660190 380385
661424 381096
662658 381807
663892 382518
665126 383229
666360 383940
667594 384651
668828 385362
670062 386073
671296 386784
672530 387495
673764 388206
674998 388917
676232 389628
677466 390339
678700 391050
679934 391761
681168 392472
682402 393183
683636 393894
684870 394605
686104 395316
687338 396027
688572 396738
689806 397449
691040 398160
692274 398871
693508 399582
694742 400293
695976 401004
697210 401715
698444 402426
699678 403137
700912 403848
702146 404559
703380 405270
704614 405981
705848 406692
707082 407403
708316 408114
709550 408825
710784 409536
712018 410247
713252 410958
714486 411669
715720 412380
716954 413091
718188 413802
719422 414513
720656 415224
721890 415935
723124 416646
724358 417357
725592 418068
726826 418779
728060 419490
729294 420201
730528 420912
731762 421623
732996 422334
734230 423045
735464 423756
736698 424467
737932 425178
739166 425889
740400 426600
741634 427311
742868 428022
744102 428733
745336 429444
746570 430155
747804 430866
749038 431577
750272 432288
751506 432999
752740 433710
753974 434421
755208 435132
756442 435843
757676 436554
758910 437265
760144 437976
761378 438687
762612 439398
763846 440109
765080 440820
766314 441531
767548 442242
768782 442953
770016 443664
771250 444375
772484 445086
773718 445797
774952 446508
776186 447219
777420 447930
778654 448641
779888 449352
781122 450063
782356 450774
783590 451485
784824 452196
786058 452907
787292 453618
788526 454329
789760 455040
790994 455751
792228 456462
793462 457173
794696 457884
795930 458595
797164 459306
798398 460017
799632 460728
800866 461439
802100 462150
803334 462861
804568 463572
805802 464283
807036 464994
808270 465705
809504 466416
810738 467127
811972 467838
813206 468549
814440 469260
815674 469971
816908 470682
818142 471393
819376 472104
820610 472815
821844 473526
823078 474237
824312 474948
825546 475659
826780 476370
828014 477081
829248 477792
830482 478503
831716 479214
832950 479925
834184 480636
835418 481347
836652 482058
837886 482769
839120 483480
840354 484191
841588 484902
842822 485613
844056 486324
845290 487035
846524 487746
847758 488457
848992 489168
850226 489879
851460 490590
852694 491301
853928 492012
855162 492723
856396 493434
857630 494145
858864 494856
860098 495567
861332 496278
862566 496989
863800 497700
865034 498411
866268 499122
867502 499833
868736 500544
869970 501255
871204 501966
872438 502677
873672 503388
874906 504099
876140 504810
877374 505521
878608 506232
879842 506943
881076 507654
882310 508365
883544 509076
884778 509787
886012 510498
887246 511209
888480 511920
889714 512631
890948 513342
892182 514053
893416 514764
894650 515475
895884 516186
897118 516897
898352 517608
899586 518319
900820 519030
902054 519741
903288 520452
904522 521163
905756 521874
906990 522585
908224 523296
909458 524007
910692 524718
911926 525429
913160 526140
914394 526851
915628 527562
916862 528273
918096 528984
919330 529695
920564 530406
921798 531117
923032 531828
924266 532539
925500 533250
926734 533961
927968 534672
929202 535383
930436 536094
931670 536805
932904 537516
934138 538227
935372 538938
936606 539649
937840 540360
939074 541071
940308 541782
941542 542493
942776 543204
944010 543915
945244 544626
946478 545337
947712 546048
948946 546759
950180 547470
951414 548181
952648 548892
953882 549603
955116 550314
956350 551025
957584 551736
958818 552447
960052 553158
961286 553869
962520 554580
963754 555291
964988 556002
966222 556713
967456 557424
968690 558135
969924 558846
971158 559557
972392 560268
973626 560979
974860 561690
976094 562401
977328 563112
978562 563823
979796 564534
981030 565245
982264 565956
983498 566667
984732 567378
985966 568089
987200 568800
988434 569511
989668 570222
990902 570933
992136 571644
993370 572355
994604 573066
995838 573777
997072 574488
998306 575199
999540 575910
1000774 576621
1002008 577332
1003242 578043
1004476 578754
1005710 579465
1006944 580176
1008178 580887
1009412 581598
1010646 582309
1011880 583020
1013114 583731
1014348 584442
1015582 585153
1016816 585864
1018050 586575
1019284 587286
1020518 587997
1021752 588708
1022986 589419
1024220 590130
1025454 590841
1026688 591552
1027922 592263
1029156 592974
1030390 593685
1031624 594396
1032858 595107
1034092 595818
1035326 596529
1036560 597240
1037794 597951
1039028 598662
1040262 599373
1041496 600084
1042730 600795
1043964 601506
1045198 602217
1046432 602928
1047666 603639
1048900 604350
1050134 605061
1051368 605772
1052602 606483
1053836 607194
1055070 607905
1056304 608616
1057538 609327
1058772 610038
1060006 610749
1061240 611460
1062474 612171
1063708 612882
1064942 613593
1066176 614304
1067410 615015
1068644 615726
1069878 616437
1071112 617148
1072346 617859
1073580 618570
1074814 619281
1076048 619992
1077282 620703
1078516 621414
1079750 622125
1080984 622836
1082218 623547
1083452 624258
1084686 624969
1085920 625680
1087154 626391
1088388 627102
1089622 627813
1090856 628524
1092090 629235
1093324 629946
1094558 630657
1095792 631368
1097026 632079
1098260 632790
1099494 633501
1100728 634212
1101962 634923
1103196 635634
1104430 636345
1105664 637056
1106898 637767
1108132 638478
1109366 639189
1110600 639900
1111834 640611
1113068 641322
1114302 642033
1115536 642744
1116770 643455
1118004 644166
1119238 644877
1120472 645588
1121706 646299
1122940 647010
1124174 647721
1125408 648432
1126642 649143
1127876 649854
1129110 650565
1130344 651276
1131578 651987
1132812 652698
1134046 653409
1135280 654120
1136514 654831
1137748 655542
1138982 656253
1140216 656964
1141450 657675
1142684 658386
1143918 659097
1145152 659808
1146386 660519
1147620 661230
1148854 661941
1150088 662652
1151322 663363
1152556 664074
1153790 664785
1155024 665496
1156258 666207
1157492 666918
1158726 667629
1159960 668340
1161194 669051
1162428 669762
1163662 670473
1164896 671184
1166130 671895
1167364 672606
1168598 673317
1169832 674028
1171066 674739
1172300 675450
1173534 676161
1174768 676872
1176002 677583
1177236 678294
1178470 679005
1179704 679716
1180938 680427
1182172 681138
1183406 681849
1184640 682560
1185874 683271
1187108 683982
1188342 684693
1189576 685404
1190810 686115
1192044 686826
1193278 687537
1194512 688248
1195746 688959
1196980 689670
1198214 690381
1199448 691092
1200682 691803
1201916 692514
1203150 693225
1204384 693936
1205618 694647
1206852 695358
1208086 696069
1209320 696780
1210554 697491
1211788 698202
1213022 698913
1214256 699624
1215490 700335
1216724 701046
1217958 701757
1219192 702468
1220426 703179
1221660 703890
1222894 704601
1224128 705312
1225362 706023
1226596 706734
1227830 707445
1229064 708156
1230298 708867
1231532 709578
1232766 710289
1234000 711000
1235234 711711
1236468 712422
1237702 713133
1238936 713844
1240170 714555
1241404 715266
1242638 715977
1243872 716688
1245106 717399
1246340 718110
1247574 718821
1248808 719532
1250042 720243
1251276 720954
1252510 721665
1253744 722376
1254978 723087
1256212 723798
1257446 724509
1258680 725220
1259914 725931
1261148 726642
1262382 727353
1263616 728064
1264850 728775
1266084 729486
1267318 730197
1268552 730908
1269786 731619
1271020 732330
1272254 733041
1273488 733752
1274722 734463
1275956 735174
1277190 735885
1278424 736596
1279658 737307
1280892 738018
1282126 738729
1283360 739440
1284594 740151
1285828 740862
1287062 741573
1288296 742284
1289530 742995
1290764 743706
1291998 744417
1293232 745128
1294466 745839
1295700 746550
1296934 747261
1298168 747972
1299402 748683
1300636 749394
1301870 750105
1303104 750816
1304338 751527
1305572 752238
1306806 752949
1308040 753660
1309274 754371
1310508 755082
1311742 755793
1312976 756504
1314210 757215
1315444 757926
1316678 758637
1317912 759348
1319146 760059
1320380 760770
1321614 761481
1322848 762192
1324082 762903
1325316 763614
1326550 764325
1327784 765036
1329018 765747
1330252 766458
1331486 767169
1332720 767880
1333954 768591
1335188 769302
1336422 770013
1337656 770724
1338890 771435
1340124 772146
1341358 772857
1342592 773568
1343826 774279
1345060 774990
1346294 775701
1347528 776412
1348762 777123
1349996 777834
1351230 778545
1352464 779256
1353698 779967
1354932 780678
1356166 781389
1357400 782100
1358634 782811
1359868 783522
1361102 784233
1362336 784944
1363570 785655
1364804 786366
1366038 787077
1367272 787788
1368506 788499
1369740 789210
1370974 789921
1372208 790632
1373442 791343
1374676 792054
1375910 792765
1377144 793476
1378378 794187
1379612 794898
1380846 795609
1382080 796320
1383314 797031
1384548 797742
1385782 798453
1387016 799164
1388250 799875
1389484 800586
1390718 801297
1391952 802008
1393186 802719
1394420 803430
1395654 804141
1396888 804852
1398122 805563
1399356 806274
1400590 806985
1401824 807696
1403058 808407
1404292 809118
1405526 809829
1406760 810540
1407994 811251
1409228 811962
1410462 812673
1411696 813384
1412930 814095
1414164 814806
1415398 815517
1416632 816228
1417866 816939
1419100 817650
1420334 818361
1421568 819072
1422802 819783
1424036 820494
1425270 821205
1426504 821916
1427738 822627
1428972 823338
1430206 824049
1431440 824760
1432674 825471
1433908 826182
1435142 826893
1436376 827604
1437610 828315
1438844 829026
1440078 829737
1441312 830448
1442546 831159
1443780 831870
1445014 832581
1446248 833292
1447482 834003
1448716 834714
1449950 835425
1451184 836136
1452418 836847
1453652 837558
1454886 838269
1456120 838980
1457354 839691
1458588 840402
1459822 841113
1461056 841824
1462290 842535
1463524 843246
1464758 843957
1465992 844668
1467226 845379
1468460 846090
1469694 846801
1470928 847512
1472162 848223
1473396 848934
1474630 849645
1475864 850356
1477098 851067
1478332 851778
1479566 852489
1480800 853200
1482034 853911
1483268 854622
1484502 855333
1485736 856044
1486970 856755
1488204 857466
1489438 858177
1490672 858888
1491906 859599
1493140 860310
1494374 861021
1495608 861732
1496842 862443
1498076 863154
1499310 863865
1500544 864576
1501778 865287
1503012 865998
1504246 866709
1505480 867420
1506714 868131
1507948 868842
1509182 869553
1510416 870264
1511650 870975
1512884 871686
1514118 872397
1515352 873108
1516586 873819
1517820 874530
1519054 875241
1520288 875952
1521522 876663
1522756 877374
1523990 878085
1525224 878796
1526458 879507
1527692 880218
1528926 880929
1530160 881640
1531394 882351
1532628 883062
1533862 883773
1535096 884484
1536330 885195
1537564 885906
1538798 886617
1540032 887328
1541266 888039
1542500 888750
1543734 889461
1544968 890172
1546202 890883
1547436 891594
1548670 892305
1549904 893016
1551138 893727
1552372 894438
1553606 895149
1554840 895860
1556074 896571
1557308 897282
1558542 897993
1559776 898704
1561010 899415
1562244 900126
1563478 900837
1564712 901548
1565946 902259
1567180 902970
1568414 903681
1569648 904392
1570882 905103
1572116 905814
1573350 906525
1574584 907236
1575818 907947
1577052 908658
1578286 909369
1579520 910080
1580754 910791
1581988 911502
1583222 912213
1584456 912924
1585690 913635
1586924 914346
1588158 915057
1589392 915768
1590626 916479
1591860 917190
1593094 917901
1594328 918612
1595562 919323
1596796 920034
1598030 920745
1599264 921456
1600498 922167
1601732 922878
1602966 923589
1604200 924300
1605434 925011
1606668 925722
1607902 926433
1609136 927144
1610370 927855
1611604 928566
1612838 929277
1614072 929988
1615306 930699
1616540 931410
1617774 932121
1619008 932832
1620242 933543
1621476 934254
1622710 934965
1623944 935676
1625178 936387
1626412 937098
1627646 937809
1628880 938520
1630114 939231
1631348 939942
1632582 940653
1633816 941364
1635050 942075
1636284 942786
1637518 943497
1638752 944208
1639986 944919
1641220 945630
1642454 946341
1643688 947052
1644922 947763
1646156 948474
1647390 949185
1648624 949896
1649858 950607
1651092 951318
1652326 952029
1653560 952740
1654794 953451
1656028 954162
1657262 954873
1658496 955584
1659730 956295
1660964 957006
1662198 957717
1663432 958428
1664666 959139
1665900 959850
1667134 960561
1668368 961272
1669602 961983
1670836 962694
1672070 963405
1673304 964116
1674538 964827
1675772 965538
1677006 966249
1678240 966960
1679474 967671
1680708 968382
1681942 969093
1683176 969804
1684410 970515
1685644 971226
1686878 971937
1688112 972648
1689346 973359
1690580 974070
1691814 974781
1693048 975492
1694282 976203
1695516 976914
1696750 977625
1697984 978336
1699218 979047
1700452 979758
1701686 980469
1702920 981180
1704154 981891
1705388 982602
1706622 983313
1707856 984024
1709090 984735
1710324 985446
1711558 986157
1712792 986868
1714026 987579
1715260 988290
1716494 989001
1717728 989712
1718962 990423
1720196 991134
1721430 991845
1722664 992556
1723898 993267
1725132 993978
1726366 994689
1727600 995400
1728834 996111
1730068 996822
1731302 997533
1732536 998244
1733770 998955
1735004 999666
1736238 1000377
1737472 1001088
1738706 1001799
1739940 1002510
1741174 1003221
1742408 1003932
1743642 1004643
1744876 1005354
1746110 1006065
1747344 1006776
1748578 1007487
1749812 1008198
1751046 1008909
1752280 1009620
1753514 1010331
1754748 1011042
1755982 1011753
1757216 1012464
1758450 1013175
1759684 1013886
1760918 1014597
1762152 1015308
1763386 1016019
1764620 1016730
1765854 1017441
1767088 1018152
1768322 1018863
1769556 1019574
1770790 1020285
1772024 1020996
1773258 1021707
1774492 1022418
1775726 1023129
1776960 1023840
1778194 1024551
1779428 1025262
1780662 1025973
1781896 1026684
1783130 1027395
1784364 1028106
1785598 1028817
1786832 1029528
1788066 1030239
1789300 1030950
1790534 1031661
1791768 1032372
1793002 1033083
1794236 1033794
1795470 1034505
1796704 1035216
1797938 1035927
1799172 1036638
1800406 1037349
1801640 1038060
1802874 1038771
1804108 1039482
1805342 1040193
1806576 1040904
1807810 1041615
1809044 1042326
1810278 1043037
1811512 1043748
1812746 1044459
1813980 1045170
1815214 1045881
1816448 1046592
1817682 1047303
1818916 1048014
1820150 1048725
1821384 1049436
1822618 1050147
1823852 1050858
1825086 1051569
1826320 1052280
1827554 1052991
1828788 1053702
1830022 1054413
1831256 1055124
1832490 1055835
1833724 1056546
1834958 1057257
1836192 1057968
1837426 1058679
1838660 1059390
1839894 1060101
1841128 1060812
1842362 1061523
1843596 1062234
1844830 1062945
1846064 1063656
1847298 1064367
1848532 1065078
1849766 1065789
1851000 1066500
1852234 1067211
1853468 1067922
1854702 1068633
1855936 1069344
1857170 1070055
1858404 1070766
1859638 1071477
1860872 1072188
1862106 1072899
1863340 1073610
1864574 1074321
1865808 1075032
1867042 1075743
1868276 1076454
1869510 1077165
1870744 1077876
1871978 1078587
1873212 1079298
1874446 1080009
1875680 1080720
1876914 1081431
1878148 1082142
1879382 1082853
1880616 1083564
1881850 1084275
1883084 1084986
1884318 1085697
1885552 1086408
1886786 1087119
1888020 1087830
1889254 1088541
1890488 1089252
1891722 1089963
1892956 1090674
1894190 1091385
1895424 1092096
1896658 1092807
1897892 1093518
1899126 1094229
1900360 1094940
1901594 1095651
1902828 1096362
1904062 1097073
1905296 1097784
1906530 1098495
1907764 1099206
1908998 1099917
1910232 1100628
1911466 1101339
1912700 1102050
1913934 1102761
1915168 1103472
1916402 1104183
1917636 1104894
1918870 1105605
1920104 1106316
1921338 1107027
1922572 1107738
1923806 1108449
1925040 1109160
1926274 1109871
1927508 1110582
1928742 1111293
1929976 1112004
1931210 1112715
1932444 1113426
1933678 1114137
1934912 1114848
1936146 1115559
1937380 1116270
1938614 1116981
1939848 1117692
1941082 1118403
1942316 1119114
1943550 1119825
1944784 1120536
1946018 1121247
1947252 1121958
1948486 1122669
1949720 1123380
1950954 1124091
1952188 1124802
1953422 1125513
1954656 1126224
1955890 1126935
1957124 1127646
1958358 1128357
1959592 1129068
1960826 1129779
1962060 1130490
1963294 1131201
1964528 1131912
1965762 1132623
1966996 1133334
1968230 1134045
1969464 1134756
1970698 1135467
1971932 1136178
1973166 1136889
1974400 1137600
1975634 1138311
1976868 1139022
1978102 1139733
1979336 1140444
1980570 1141155
1981804 1141866
1983038 1142577
1984272 1143288
1985506 1143999
1986740 1144710
1987974 1145421
1989208 1146132
1990442 1146843
1991676 1147554
1992910 1148265
1994144 1148976
1995378 1149687
1996612 1150398
1997846 1151109
1999080 1151820
2000314 1152531
2001548 1153242
2002782 1153953
2004016 1154664
2005250 1155375
2006484 1156086
2007718 1156797
2008952 1157508
2010186 1158219
2011420 1158930
2012654 1159641
2013888 1160352
2015122 1161063
2016356 1161774
2017590 1162485
2018824 1163196
2020058 1163907
2021292 1164618
2022526 1165329
2023760 1166040
2024994 1166751
2026228 1167462
2027462 1168173
2028696 1168884
2029930 1169595
2031164 1170306
2032398 1171017
2033632 1171728
2034866 1172439
2036100 1173150
2037334 1173861
2038568 1174572
2039802 1175283
2041036 1175994
2042270 1176705
2043504 1177416
2044738 1178127
2045972 1178838
2047206 1179549
2048440 1180260
2049674 1180971
2050908 1181682
2052142 1182393
2053376 1183104
2054610 1183815
2055844 1184526
2057078 1185237
2058312 1185948
2059546 1186659
2060780 1187370
2062014 1188081
2063248 1188792
2064482 1189503
2065716 1190214
2066950 1190925
2068184 1191636
2069418 1192347
2070652 1193058
2071886 1193769
2073120 1194480
2074354 1195191
2075588 1195902
2076822 1196613
2078056 1197324
2079290 1198035
2080524 1198746
2081758 1199457
2082992 1200168
2084226 1200879
2085460 1201590
2086694 1202301
2087928 1203012
2089162 1203723
2090396 1204434
2091630 1205145
2092864 1205856
2094098 1206567
2095332 1207278
2096566 1207989
2097800 1208700
2099034 1209411
2100268 1210122
2101502 1210833
2102736 1211544
2103970 1212255
2105204 1212966
2106438 1213677
2107672 1214388
2108906 1215099
2110140 1215810
2111374 1216521
2112608 1217232
2113842 1217943
2115076 1218654
2116310 1219365
2117544 1220076
2118778 1220787
2120012 1221498
2121246 1222209
2122480 1222920
2123714 1223631
2124948 1224342
2126182 1225053
2127416 1225764
2128650 1226475
2129884 1227186
2131118 1227897
2132352 1228608
2133586 1229319
2134820 1230030
2136054 1230741
2137288 1231452
2138522 1232163
2139756 1232874
2140990 1233585
2142224 1234296
2143458 1235007
2144692 1235718
2145926 1236429
2147160 1237140
2148394 1237851
2149628 1238562
2150862 1239273
2152096 1239984
2153330 1240695
2154564 1241406
2155798 1242117
2157032 1242828
2158266 1243539
2159500 1244250
2160734 1244961
2161968 1245672
2163202 1246383
2164436 1247094
2165670 1247805
2166904 1248516
2168138 1249227
2169372 1249938
2170606 1250649
2171840 1251360
2173074 1252071
2174308 1252782
2175542 1253493
2176776 1254204
2178010 1254915
2179244 1255626
2180478 1256337
2181712 1257048
2182946 1257759
2184180 1258470
2185414 1259181
2186648 1259892
2187882 1260603
2189116 1261314
2190350 1262025
2191584 1262736
2192818 1263447
2194052 1264158
2195286 1264869
2196520 1265580
2197754 1266291
2198988 1267002
2200222 1267713
2201456 1268424
2202690 1269135
2203924 1269846
2205158 1270557
2206392 1271268
2207626 1271979
2208860 1272690
2210094 1273401
2211328 1274112
2212562 1274823
2213796 1275534
2215030 1276245
2216264 1276956
2217498 1277667
2218732 1278378
2219966 1279089
2221200 1279800
2222434 1280511
2223668 1281222
2224902 1281933
2226136 1282644
2227370 1283355
2228604 1284066
2229838 1284777
2231072 1285488
2232306 1286199
2233540 1286910
2234774 1287621
2236008 1288332
2237242 1289043
2238476 1289754
2239710 1290465
2240944 1291176
2242178 1291887
2243412 1292598
2244646 1293309
2245880 1294020
2247114 1294731
2248348 1295442
2249582 1296153
2250816 1296864
2252050 1297575
2253284 1298286
2254518 1298997
2255752 1299708
2256986 1300419
2258220 1301130
2259454 1301841
2260688 1302552
2261922 1303263
2263156 1303974
2264390 1304685
2265624 1305396
2266858 1306107
2268092 1306818
2269326 1307529
2270560 1308240
2271794 1308951
2273028 1309662
2274262 1310373
2275496 1311084
2276730 1311795
2277964 1312506
2279198 1313217
2280432 1313928
2281666 1314639
2282900 1315350
2284134 1316061
2285368 1316772
2286602 1317483
2287836 1318194
2289070 1318905
2290304 1319616
2291538 1320327
2292772 1321038
2294006 1321749
2295240 1322460
2296474 1323171
2297708 1323882
2298942 1324593
2300176 1325304
2301410 1326015
2302644 1326726
2303878 1327437
2305112 1328148
2306346 1328859
2307580 1329570
2308814 1330281
2310048 1330992
2311282 1331703
2312516 1332414
2313750 1333125
2314984 1333836
2316218 1334547
2317452 1335258
2318686 1335969
2319920 1336680
2321154 1337391
2322388 1338102
2323622 1338813
2324856 1339524
2326090 1340235
2327324 1340946
2328558 1341657
2329792 1342368
2331026 1343079
2332260 1343790
2333494 1344501
2334728 1345212
2335962 1345923
2337196 1346634
2338430 1347345
2339664 1348056
2340898 1348767
2342132 1349478
2343366 1350189
2344600 1350900
2345834 1351611
2347068 1352322
2348302 1353033
2349536 1353744
2350770 1354455
2352004 1355166
2353238 1355877
2354472 1356588
2355706 1357299
2356940 1358010
2358174 1358721
2359408 1359432
2360642 1360143
2361876 1360854
2363110 1361565
2364344 1362276
2365578 1362987
2366812 1363698
2368046 1364409
2369280 1365120
2370514 1365831
2371748 1366542
2372982 1367253
2374216 1367964
2375450 1368675
2376684 1369386
2377918 1370097
2379152 1370808
2380386 1371519
2381620 1372230
2382854 1372941
2384088 1373652
2385322 1374363
2386556 1375074
2387790 1375785
2389024 1376496
2390258 1377207
2391492 1377918
2392726 1378629
2393960 1379340
2395194 1380051
2396428 1380762
2397662 1381473
2398896 1382184
2400130 1382895
2401364 1383606
2402598 1384317
2403832 1385028
2405066 1385739
2406300 1386450
2407534 1387161
2408768 1387872
2410002 1388583
2411236 1389294
2412470 1390005
2413704 1390716
2414938 1391427
2416172 1392138
2417406 1392849
2418640 1393560
2419874 1394271
2421108 1394982
2422342 1395693
2423576 1396404
2424810 1397115
2426044 1397826
2427278 1398537
2428512 1399248
2429746 1399959
2430980 1400670
2432214 1401381
2433448 1402092
2434682 1402803
2435916 1403514
2437150 1404225
2438384 1404936
2439618 1405647
2440852 1406358
2442086 1407069
2443320 1407780
2444554 1408491
2445788 1409202
2447022 1409913
2448256 1410624
2449490 1411335
2450724 1412046
2451958 1412757
2453192 1413468
2454426 1414179
2455660 1414890
2456894 1415601
2458128 1416312
2459362 1417023
2460596 1417734
2461830 1418445
2463064 1419156
2464298 1419867
2465532 1420578
2466766 1421289
