2000
528659703 819831277
528659652 819831336
528659734 819831348
528659699 819831336
528659703 819831282
528659707 819831344
528659649 819831291
528659692 819831289
528659722 819831342
528659706 819831331
528659728 819831311
528659704 819831292
528659725 819831309
528659681 819831303
528659716 819831360
528659685 819831354
528659717 819831351
528659690 819831349
528659702 819831341
528659678 819831341
528659664 819831360
528659653 819831277
528659655 819831271
528659696 819831311
528659719 819831337
528659661 819831357
528659649 819831285
528659726 819831290
528659731 819831297
528659675 819831349
528659736 819831337
528659685 819831318
528659699 819831277
528659687 819831321
528659648 819831289
528659676 819831338
528659718 819831336
528659707 819831275
528659659 819831336
528659721 819831340
528659686 819831315
528659676 819831326
528659726 819831355
528659687 819831294
528659679 819831289
528659720 819831315
528659676 819831325
528659730 819831274
528659683 819831281
528659704 819831274
528659678 819831281
528659716 819831306
528659724 819831339
528659683 819831321
528659658 819831320
528659718 819831337
528659724 819831337
528659666 819831350
528659702 819831340
528659690 819831314
528659705 819831351
528659736 819831322
528659696 819831339
528659665 819831306
528659660 819831321
528659692 819831331
528659720 819831338
528659648 819831302
528659686 819831340
528659709 819831356
528659657 819831338
528659652 819831331
528659686 819831323
528659654 819831341
528659650 819831342
528659723 819831331
528659672 819831359
528659700 819831341
528659671 819831359
528659675 819831281
528659732 819831336
528659726 819831344
528659698 819831333
528659659 819831274
528659703 819831276
528659664 819831309
528659680 819831315
528659735 819831308
528659727 819831335
528659712 819831299
528659700 819831310
528659677 819831286
528659737 819831300
528659730 819831298
528659661 819831332
528659653 819831343
528659656 819831293
528659679 819831317
528659718 819831299
528659648 819831343
528659692 819831281
528659719 819831292
528659682 819831320
528659666 819831295
528659663 819831307
528659718 819831280
528659689 819831276
528659681 819831271
528659704 819831341
528659677 819831316
528659665 819831304
528659697 819831312
528659734 819831337
528659700 819831304
528659684 819831312
528659675 819831357
528659693 819831316
528659678 819831313
528659717 819831311
528659688 819831284
528659680 819831332
528659704 819831331
528659648 819831291
528659724 819831295
528659664 819831280
528659659 819831288
528659696 819831345
528659687 819831333
528659703 819831300
528659665 819831340
528659708 819831314
528659689 819831345
528659693 819831288
528659734 819831344
528659720 819831329
528659684 819831311
528659658 819831353
528659653 819831351
528659691 819831356
528659681 819831355
528659665 819831338
528659663 819831348
528659729 819831335
528659693 819831359
528659660 819831299
528659654 819831355
528659653 819831302
528659732 819831312
528659696 819831302
528659675 819831355
528659681 819831312
528659722 819831359
528659665 819831287
528659651 819831306
528659672 819831296
528659732 819831304
528659715 819831339
528659655 819831299
528659655 819831278
528659731 819831343
528659733 819831353
528659716 819831307
528659711 819831357
528659724 819831323
528659693 819831347
528659714 819831307
528659695 819831298
528659691 819831333
528659654 819831316
528659713 819831324
528659651 819831315
528659664 819831317
528659697 819831289
528659649 819831297
528659667 819831282
528659686 819831332
528659688 819831296
528659664 819831331
528659655 819831306
528659690 819831299
528659680 819831290
528659658 819831349
528659699 819831313
528659701 819831301
528659659 819831328
528659698 819831312
528659658 819831327
528659718 819831357
528659728 819831343
528659663 819831339
528659700 819831272
528659682 819831276
528659722 819831347
528659732 819831323
528659709 819831292
528659659 819831297
528659653 819831354
528659691 819831345
528659731 819831328
528659697 819831285
528659728 819831351
528659730 819831328
528659674 819831294
528659721 819831284
528659725 819831288
528659708 819831336
528659694 819831279
528659682 819831302
528659683 819831311
528659709 819831284
528659713 819831295
528659735 819831338
528659667 819831334
528659721 819831280
528659681 819831305
528659654 819831295
528659650 819831336
528659705 819831346
528659677 819831323
528659654 819831353
528659707 819831348
528659698 819831307
528659731 819831310
528659716 819831305
528659679 819831295
528659733 819831271
528659731 819831285
528659690 819831275
528659667 819831276
528659725 819831314
528659711 819831344
528659650 819831339
528659720 819831303
528659654 819831285
528659668 819831288
528659673 819831341
528659649 819831336
528659695 819831307
528659686 819831343
528659702 819831346
528659709 819831329
528659711 819831286
528659701 819831307
528659718 819831326
528659660 819831349
528659680 819831309
528659690 819831292
528659730 819831320
528659658 819831330
528659731 819831336
528659679 819831345
528659677 819831305
528659675 819831298
528659737 819831292
528659727 819831318
528659693 819831327
528659708 819831298
528659659 819831289
528659689 819831272
528659731 819831295
528659698 819831306
528659679 819831355
528659702 819831311
528659706 819831317
528659720 819831333
528659653 819831276
528659671 819831343
528659716 819831356
528659729 819831343
528659703 819831274
528659728 819831353
528659717 819831317
528659676 819831291
528659696 819831290
528659698 819831334
528659729 819831275
528659721 819831291
528659718 819831287
528659665 819831341
528659711 819831289
528659729 819831314
528659720 819831340
528659671 819831313
528659724 819831360
528659736 819831330
528659716 819831281
528659688 819831318
528659687 819831331
528659735 819831287
528659654 819831329
528659657 819831321
528659714 819831304
528659652 819831275
528659649 819831311
528659662 819831300
528659690 819831332
528659713 819831327
528659649 819831346
528659659 819831334
528659689 819831303
528659707 819831294
528659689 819831319
528659655 819831282
528659662 819831357
528659720 819831352
528659669 819831357
528659680 819831320
528659716 819831309
528659732 819831332
528659708 819831318
528659662 819831330
528659722 819831308
528659719 819831312
528659723 819831322
528659730 819831285
528659733 819831350
528659709 819831357
528659724 819831328
528659711 819831346
528659662 819831281
528659730 819831319
528659697 819831309
528659682 819831298
528659656 819831352
528659672 819831288
528659715 819831358
528659667 819831342
528659703 819831332
528659722 819831284
528659707 819831288
528659696 819831295
528659665 819831335
528659700 819831295
528659711 819831347
528659689 819831283
528659649 819831351
528659725 819831330
528659711 819831335
528659690 819831296
528659735 819831305
528659691 819831309
528659718 819831330
528659667 819831321
528659650 819831307
528659716 819831341
528659730 819831324
528659705 819831300
528659722 819831299
528659697 819831308
528659697 819831328
528659666 819831359
528659695 819831344
528659698 819831286
528659677 819831341
528659699 819831294
528659714 819831311
528659696 819831323
528659704 819831313
528659660 819831332
528659711 819831313
528659729 819831359
528659657 819831279
528659716 819831277
528659668 819831323
528659653 819831310
528659686 819831344
528659710 819831307
528659733 819831289
528659709 819831352
528659702 819831351
528659693 819831276
528659692 819831286
528659685 819831335
528659689 819831358
528659682 819831349
528659699 819831334
528659724 819831316
528659656 819831291
528659710 819831298
528659666 819831285
528659670 819831313
528659736 819831290
528659663 819831326
528659692 819831273
528659691 819831302
528659705 819831271
528659681 819831273
528659736 819831309
528659728 819831304
528659722 819831298
528659716 819831313
528659697 819831330
528659674 819831297
528659689 819831292
528659712 819831287
528659671 819831341
528659669 819831278
528659675 819831282
528659715 819831317
528659719 819831313
528659680 819831329
528659693 819831329
528659678 819831335
528659690 819831307
528659711 819831331
528659670 819831340
528659689 819831305
528659693 819831275
528659718 819831329
528659671 819831356
528659720 819831347
528659649 819831290
528659658 819831304
528659684 819831301
528659676 819831329
528659706 819831332
528659677 819831277
528659688 819831316
528659730 819831350
528659672 819831287
528659720 819831353
528659651 819831358
528659693 819831319
528659689 819831335
528659680 819831333
528659709 819831331
528659663 819831280
528659649 819831327
528659670 819831356
528659690 819831293
528659708 819831344
528659710 819831317
528659685 819831322
528659733 819831276
528659686 819831286
528659661 819831339
528659679 819831308
528659734 819831323
528659650 819831293
528659668 819831308
528659653 819831337
528659683 819831331
528659707 819831301
528659712 819831276
528659651 819831301
528659684 819831351
528659675 819831312
528659721 819831286
528659676 819831289
528659729 819831308
528659674 819831330
528659688 819831344
528659714 819831273
528659663 819831286
528659720 819831332
528659657 819831295
528659694 819831289
528659698 819831291
528659730 819831322
528659707 819831276
528659659 819831335
528659696 819831294
528659725 819831343
528659718 819831296
528659669 819831314
528659685 819831325
528659684 819831281
528659686 819831330
528659729 819831355
528659673 819831348
528659660 819831339
528659717 819831313
528659681 819831328
528659672 819831272
528659695 819831319
528659716 819831330
528659678 819831355
528659727 819831275
528659707 819831290
528659682 819831343
528659706 819831290
528659691 819831283
528659675 819831296
528659663 819831312
528659686 819831271
528659707 819831292
528659725 819831349
528659702 819831338
528659734 819831286
528659728 819831298
528659731 819831329
528659712 819831349
528659724 819831357
528659712 819831315
528659694 819831315
528659686 819831328
528659689 819831290
528659674 819831346
528659669 819831334
528659651 819831310
528659700 819831271
528659684 819831316
528659679 819831359
528659650 819831329
528659698 819831348
528659684 819831307
528659660 819831344
528659704 819831358
528659674 819831291
528659704 819831350
528659729 819831322
528659734 819831324
528659680 819831347
528659725 819831356
528659714 819831327
528659725 819831360
528659651 819831337
528659726 819831324
528659658 819831308
528659699 819831286
528659706 819831299
528659726 819831350
528659732 819831347
528659726 819831296
528659660 819831347
528659702 819831320
528659692 819831324
528659677 819831322
528659672 819831328
528659711 819831307
528659699 819831291
528659727 819831280
528659673 819831337
528659727 819831285
528659649 819831337
528659734 819831276
528659710 819831338
528659653 819831336
528659695 819831350
528659685 819831324
528659688 819831346
528659691 819831331
528659669 819831288
528659717 819831334
528659718 819831313
528659680 819831303
528659730 819831276
528659708 819831273
528659691 819831326
528659698 819831329
528659653 819831334
528659677 819831335
528659657 819831356
528659735 819831353
528659655 819831317
528659715 819831324
528659706 819831342
528659654 819831298
528659654 819831356
528659732 819831343
528659661 819831278
528659679 819831277
528659691 819831297
528659709 819831313
528659679 819831307
528659723 819831354
528659708 819831360
528659735 819831331
528659698 819831356
528659681 819831322
528659673 819831342
528659721 819831299
528659673 819831281
528659710 819831276
528659737 819831281
528659712 819831310
528659687 819831301
528659699 819831315
528659674 819831272
528659662 819831342
528659706 819831273
528659699 819831356
528659714 819831335
528659677 819831303
528659663 819831302
528659688 819831333
528659706 819831292
528659669 819831341
528659676 819831356
528659725 819831319
528659686 819831276
528659695 819831301
528659687 819831330
528659731 819831305
528659681 819831276
528659708 819831300
528659720 819831350
528659712 819831322
528659726 819831343
528659684 819831327
528659653 819831290
528659689 819831320
528659658 819831329
528659661 819831300
528659650 819831285
528659682 819831278
528659689 819831336
528659652 819831319
528659666 819831271
528659672 819831318
528659660 819831311
528659705 819831294
528659654 819831358
528659671 819831285
528659659 819831300
528659723 819831346
528659681 819831309
528659654 819831324
528659709 819831274
528659691 819831323
528659708 819831321
528659667 819831271
528659657 819831357
528659671 819831280
528659708 819831305
528659713 819831355
528659696 819831316
528659720 819831322
528659702 819831337
528659666 819831348
528659658 819831282
528659735 819831278
528659682 819831339
528659730 819831310
528659695 819831308
528659715 819831289
528659699 819831339
528659698 819831275
528659672 819831294
528659721 819831272
528659733 819831337
528659713 819831328
528659683 819831324
528659735 819831344
528659672 819831279
528659651 819831319
528659654 819831296
528659713 819831337
528659706 819831272
528659698 819831287
528659658 819831332
528659693 819831306
528659724 819831318
528659721 819831279
528659719 819831273
528659679 819831273
528659718 819831285
528659655 819831350
528659690 819831305
528659710 819831288
528659699 819831325
528659688 819831338
528659654 819831293
528659711 819831316
528659723 819831309
528659649 819831358
528659696 819831346
528659717 819831277
528659703 819831340
528659688 819831325
528659698 819831272
528659659 819831314
528659737 819831357
528659713 819831331
528659652 819831322
528659696 819831317
528659685 819831334
528659690 819831304
528659700 819831279
528659677 819831320
528659719 819831295
528659666 819831301
528659672 819831327
528659666 819831303
528659685 819831360
528659734 819831318
528659649 819831360
528659660 819831281
528659683 819831323
528659650 819831344
528659676 819831288
528659708 819831323
528659718 819831358
528659674 819831331
528659714 819831351
528659732 819831291
528659710 819831314
528659693 819831273
528659658 819831302
528659667 819831311
528659712 819831313
528659690 819831282
528659724 819831297
528659726 819831334
528659670 819831354
528659668 819831296
528659660 819831278
528659648 819831271
528659704 819831291
528659690 819831336
528659677 819831315
528659725 819831316
528659736 819831314
528659691 819831315
528659648 819831311
528659649 819831357
528659685 819831289
528659689 819831300
528659730 819831287
528659689 819831333
528659704 819831318
528659663 819831290
528659669 819831327
528659712 819831301
528659727 819831297
528659733 819831281
528659728 819831300
528659715 819831350
528659716 819831284
528659696 819831313
528659674 819831354
528659713 819831289
528659654 819831314
528659693 819831346
528659664 819831341
528659703 819831350
528659683 819831284
528659700 819831328
528659697 819831294
528659653 819831358
528659710 819831336
528659652 819831321
528659656 819831283
528659678 819831317
528659693 819831271
528659725 819831329
528659712 819831291
528659672 819831278
528659736 819831275
528659733 819831279
528659725 819831296
528659723 819831308
528659668 819831287
528659711 819831345
528659704 819831323
528659648 819831360
528659688 819831321
528659718 819831353
528659659 819831280
528659715 819831308
528659722 819831287
528659663 819831309
528659697 819831310
528659674 819831279
528659731 819831283
528659683 819831303
528659734 819831319
528659661 819831360
528659735 819831322
528659675 819831344
528659714 819831278
528659721 819831304
528659653 819831274
528659666 819831272
528659680 819831284
528659710 819831279
528659722 819831282
528659660 819831337
528659651 819831339
528659705 819831323
528659705 819831295
528659702 819831310
528659719 819831297
528659730 819831336
528659652 819831318
528659669 819831272
528659682 819831294
528659664 819831345
528659683 819831277
528659661 819831290
528659694 819831274
528659665 819831345
528659692 819831275
528659734 819831309
528659710 819831352
528659677 819831348
528659650 819831317
528659715 819831310
528659684 819831310
528659667 819831307
528659650 819831290
528659648 819831356
528659709 819831300
528659726 819831278
528659706 819831335
528659674 819831306
528659724 819831310
528659734 819831298
528659688 819831275
528659730 819831306
528659651 819831288
528659735 819831307
528659676 819831273
528659688 819831345
528659727 819831311
528659675 819831324
528659661 819831336
528659723 819831353
528659651 819831360
528659735 819831356
528659683 819831356
528659735 819831274
528659689 819831318
528659682 819831309
528659698 819831290
528659675 819831333
528659726 819831299
528659731 819831306
528659672 819831332
528659708 819831332
528659728 819831338
528659720 819831279
528659698 819831324
528659657 819831360
528659734 819831297
528659659 819831287
528659710 819831339
528659730 819831308
528659652 819831333
528659666 819831294
528659683 819831315
528659648 819831325
528659723 819831300
528659731 819831314
528659716 819831337
528659670 819831328
528659653 819831278
528659719 819831323
528659687 819831354
528659651 819831321
528659718 819831309
528659729 819831316
528659727 819831336
528659680 819831308
528659734 819831283
528659726 819831339
528659659 819831276
528659736 819831286
528659678 819831318
528659701 819831295
528659684 819831357
528659657 819831354
528659721 819831338
528659704 819831327
528659699 819831355
528659728 819831293
528659656 819831311
528659654 819831340
528659684 819831339
528659686 819831353
528659662 819831318
528659665 819831351
528659651 819831285
528659730 819831289
528659669 819831352
528659686 819831304
528659671 819831346
528659697 819831299
528659696 819831298
528659681 819831342
528659731 819831354
528659720 819831296
528659677 819831336
528659729 819831327
528659703 819831292
528659652 819831281
528659677 819831317
528659685 819831345
528659703 819831337
528659721 819831292
528659683 819831310
528659690 819831289
528659674 819831336
528659696 819831341
528659726 819831323
528659720 819831292
528659655 819831334
528659665 819831281
528659660 819831271
528659734 819831294
528659658 819831286
528659688 819831314
528659651 819831277
528659705 819831289
528659718 819831360
528659677 819831301
528659664 819831291
528659678 819831354
528659706 819831294
528659724 819831305
528659714 819831354
528659717 819831355
528659706 819831297
528659737 819831321
528659714 819831321
528659675 819831306
528659693 819831290
528659659 819831323
528659683 819831308
528659659 819831333
528659713 819831348
528659716 819831333
528659649 819831349
528659733 819831358
528659708 819831296
528659654 819831303
528659678 819831292
528659672 819831348
528659729 819831274
528659718 819831354
528659686 819831273
528659649 819831310
528659700 819831283
528659672 819831312
528659679 819831313
528659652 819831301
528659665 819831346
528659704 819831297
528659703 819831360
528659677 819831287
528659695 819831359
528659683 819831314
528659654 819831283
528659665 819831279
528659653 819831295
528659696 819831360
528659685 819831293
528659662 819831294
528659686 819831359
528659706 819831282
528659672 819831301
528659688 819831304
528659688 819831271
528659664 819831288
528659724 819831280
528659656 819831332
528659719 819831301
528659723 819831318
528659694 819831319
528659654 819831279
528659726 819831337
528659708 819831355
528659725 819831317
528659684 819831322
528659711 819831297
528659730 819831337
528659683 819831332
528659700 819831293
528659703 819831306
528659717 819831291
528659648 819831298
528659734 819831320
528659673 819831277
528659655 819831329
528659678 819831357
528659665 819831325
528659714 819831332
528659669 819831303
528659672 819831316
528659648 819831280
528659671 819831306
528659729 819831333
528659734 819831345
528659682 819831304
528659677 819831302
528659690 819831271
528659709 819831316
528659692 819831304
528659670 819831360
528659673 819831322
528659691 819831321
528659697 819831298
528659709 819831276
528659719 819831311
528659729 819831300
528659736 819831343
528659656 819831333
528659731 819831344
528659679 819831305
528659662 819831324
528659649 819831287
528659733 819831277
528659662 819831321
528659660 819831301
528659674 819831288
528659679 819831326
528659736 819831315
528659694 819831278
528659724 819831354
528659733 819831328
528659661 819831343
528659668 819831334
528659677 819831350
528659709 819831350
528659713 819831282
528659657 819831271
528659678 819831275
528659660 819831312
528659732 819831284
528659719 819831284
528659650 819831319
528659723 819831355
528659727 819831337
528659683 819831359
528659650 819831277
528659649 819831359
528659655 819831294
528659668 819831338
528659701 819831347
528659697 819831343
528659671 819831327
528659650 819831353
528659709 819831324
528659725 819831340
528659657 819831300
528659674 819831285
528659724 819831284
528659665 819831294
528659716 819831276
528659705 819831325
528659683 819831347
528659728 819831290
528659677 819831283
528659651 819831302
528659715 819831287
528659662 819831333
528659649 819831286
528659658 819831278
528659694 819831347
528659660 819831284
528659675 819831316
528659722 819831285
528659675 819831339
528659698 819831297
528659706 819831310
528659720 819831288
528659694 819831320
528659685 819831291
528659680 819831355
528659674 819831313
528659704 819831271
528659670 819831325
528659660 819831308
528659704 819831305
528659663 819831332
528659689 819831291
528659714 819831284
528659656 819831324
528659707 819831350
528659722 819831280
528659659 819831292
528659711 819831306
528659693 819831323
528659675 819831284
528659692 819831288
528659729 819831344
528659717 819831280
528659684 819831273
528659663 819831350
528659663 819831310
528659682 819831301
528659677 819831274
528659685 819831330
528659695 819831349
528659705 819831313
528659661 819831349
528659687 819831297
528659714 819831350
528659717 819831279
528659707 819831316
528659706 819831305
528659736 819831351
528659687 819831323
528659727 819831293
528659737 819831345
528659655 819831308
528659693 819831317
528659683 819831319
528659719 819831303
528659668 819831291
528659677 819831300
528659661 819831341
528659698 819831325
528659698 819831343
528659711 819831298
528659725 819831336
528659679 819831344
528659701 819831297
528659653 819831273
528659716 819831344
528659691 819831336
528659703 819831343
528659673 819831306
528659668 819831300
528659661 819831323
528659699 819831312
528659654 819831331
528659696 819831325
528659686 819831348
528659652 819831306
528659656 819831354
528659706 819831274
528659705 819831279
528659667 819831357
528659699 819831280
528659651 819831334
528659687 819831279
528659689 819831316
528659676 819831290
528659688 819831357
528659664 819831353
528659680 819831282
528659676 819831299
528659680 819831324
528659701 819831345
528659659 819831322
528659685 819831296
528659689 819831323
528659725 819831298
528659709 819831344
528659709 819831338
528659705 819831296
528659691 819831352
528659716 819831311
528659675 819831303
528659660 819831302
528659695 819831324
528659737 819831336
528659650 819831297
528659727 819831306
528659700 819831284
528659729 819831298
528659664 819831326
528659734 819831301
528659656 819831330
528659670 819831302
528659734 819831271
528659731 819831309
528659651 819831307
528659717 819831341
528659650 819831325
528659670 819831286
528659714 819831345
528659689 819831301
528659722 819831286
528659702 819831276
528659732 819831358
528659650 819831299
528659671 819831330
528659671 819831318
528659669 819831274
528659673 819831324
528659663 819831316
528659716 819831297
528659690 819831355
528659654 819831327
528659685 819831358
528659728 819831324
528659662 819831348
528659654 819831305
528659673 819831314
528659701 819831346
528659657 819831343
528659705 819831272
528659701 819831321
528659669 819831345
528659720 819831342
528659658 819831279
528659702 819831271
528659733 819831315
528659681 819831284
528659682 819831311
528659712 819831289
528659717 819831336
528659677 819831304
528659677 819831311
528659670 819831309
528659711 819831277
528659728 819831314
528659721 819831321
528659735 819831326
528659678 819831349
528659723 819831301
528659670 819831352
528659675 819831347
528659707 819831311
528659692 819831282
528659661 819831294
528659664 819831302
528659732 819831292
528659715 819831348
528659656 819831289
528659689 819831317
528659722 819831320
528659727 819831309
528659728 819831337
528659727 819831315
528659657 819831274
528659702 819831332
528659668 819831295
528659674 819831298
528659710 819831285
528659668 819831309
528659671 819831350
528659697 819831349
528659733 819831355
528659670 819831291
528659700 819831316
528659698 819831340
528659677 819831346
528659654 819831315
528659664 819831306
528659691 819831351
528659712 819831307
528659700 819831289
528659664 819831301
528659692 819831309
528659689 819831274
528659672 819831297
528659656 819831315
528659660 819831329
528659669 819831338
528659728 819831348
528659702 819831292
528659718 819831352
528659660 819831342
528659723 819831360
528659699 819831320
528659703 819831295
528659698 819831342
528659677 819831325
528659718 819831315
528659717 819831329
528659697 819831333
528659697 819831321
528659653 819831279
528659736 819831294
528659684 819831349
528659654 819831330
528659693 819831333
528659696 819831331
528659694 819831356
528659727 819831303
528659735 819831306
528659659 819831301
528659734 819831289
528659673 819831326
528659716 819831283
528659722 819831339
528659662 819831326
528659711 819831342
528659711 819831272
528659697 819831272
528659729 819831312
528659722 819831310
528659688 819831351
528659721 819831314
528659719 819831328
528659733 819831333
528659704 819831333
528659674 819831281
528659708 819831287
528659705 819831343
528659670 819831323
528659653 819831326
528659721 819831274
528659704 819831328
528659691 819831279
528659699 819831297
528659688 819831278
528659725 819831320
528659710 819831315
528659687 819831274
528659718 819831300
528659719 819831350
528659701 819831330
528659660 819831324
528659661 819831286
528659723 819831275
528659648 819831285
528659696 819831293
528659675 819831320
528659650 819831284
528659667 819831360
528659729 819831277
528659716 819831317
528659668 819831356
528659682 819831350
528659711 819831321
528659660 819831273
528659663 819831335
528659673 819831308
528659695 819831271
528659700 819831294
528659699 819831360
528659711 819831276
528659715 819831323
528659665 819831357
528659652 819831348
528659715 819831316
528659691 819831346
528659682 819831271
528659658 819831345
528659730 819831333
528659725 819831351
528659721 819831329
528659729 819831303
528659692 819831285
528659706 819831354
528659721 819831289
528659699 819831274
528659668 819831272
528659713 819831296
528659655 819831295
528659690 819831329
528659678 819831272
528659720 819831339
528659686 819831289
528659716 819831359
528659707 819831272
528659734 819831291
528659686 819831302
528659718 819831305
528659723 819831291
528659684 819831285
528659691 819831271
528659666 819831340
528659683 819831297
528659712 819831279
528659668 819831286
528659654 819831346
528659681 819831311
528659724 819831341
528659722 819831271
528659691 819831272
528659694 819831294
528659726 819831328
528659673 819831353
528659718 819831342
528659696 819831322
528659651 819831341
528659664 819831289
528659736 819831354
528659713 819831343
528659699 819831319
528659728 819831356
528659719 819831278
528659652 819831285
528659662 819831335
528659675 819831297
528659651 819831292
528659682 819831325
528659648 819831307
528659722 819831278
528659700 819831326
528659671 819831277
528659727 819831284
528659720 819831283
528659725 819831280
528659651 819831289
528659717 819831357
528659728 819831284
528659693 819831295
528659670 819831298
528659657 819831316
528659654 819831322
528659673 819831320
528659669 819831349
528659659 819831299
528659673 819831295
528659732 819831296
528659667 819831338
528659683 819831294
528659648 819831273
528659726 819831303
528659659 819831318
528659649 819831289
528659674 819831318
528659658 819831281
528659709 819831301
528659714 819831347
528659735 819831328
528659727 819831273
528659715 819831320
528659649 819831353
528659713 819831306
528659703 819831342
528659720 819831357
528659675 819831330
528659701 819831291
528659678 819831297
528659722 819831275
528659687 819831289
528659683 819831313
528659661 819831312
528659712 819831298
528659688 819831308
528659686 819831274
528659720 819831291
528659663 819831351
528659687 819831351
528659726 819831352
528659701 819831314
528659718 819831341
528659663 819831284
528659687 819831284
528659697 819831288
528659676 819831321
528659712 819831308
528659673 819831352
528659731 819831358
528659702 819831287
528659705 819831301
528659648 819831276
528659694 819831343
528659664 819831304
528659678 819831284
528659682 819831305
528659648 819831340
528659718 819831276
528659691 819831322
528659663 819831282
528659685 819831275
528659737 819831314
528659663 819831308
528659716 819831289
528659680 819831339
528659658 819831346
528659724 819831313
528659698 819831310
528659709 819831305
528659705 819831334
528659679 819831315
528659718 819831301
528659648 819831281
528659652 819831330
528659724 819831306
528659717 819831318
528659679 819831299
528659690 819831284
528659679 819831334
528659682 819831359
528659657 819831289
528659703 819831313
528659655 819831360
528659717 819831354
528659666 819831310
528659670 819831295
528659719 819831345
528659697 819831317
528659653 819831342
528659680 819831335
528659690 819831312
528659665 819831334
528659734 819831340
528659726 819831325
528659665 819831349
528659685 819831355
528659705 819831328
528659676 819831339
528659657 819831342
528659703 819831272
528659724 819831282
528659677 819831347
528659717 819831281
528659658 819831315
528659648 819831332
528659709 819831311
528659719 819831344
528659669 819831337
528659665 819831356
528659723 819831271
528659681 819831291
528659657 819831305
528659697 819831293
528659651 819831330
528659712 819831337
528659684 819831329
528659674 819831324
528659737 819831296
528659699 819831288
528659659 819831332
528659699 819831352
528659674 819831293
528659657 819831359
528659736 819831311
528659711 819831348
528659678 819831329
528659691 819831341
528659700 819831331
528659652 819831297
528659714 819831289
528659653 819831304
528659665 819831312
528659704 819831306
528659687 819831278
528659729 819831306
528659734 819831352
528659722 819831307
528659687 819831281
528659702 819831295
528659670 819831350
528659688 819831306
528659650 819831356
528659682 819831345
528659667 819831304
528659707 819831337
528659685 819831352
528659728 819831327
528659694 819831280
528659690 819831279
528659731 819831282
528659701 819831282
528659737 819831338
528659717 819831356
528659703 819831286
528659657 819831334
528659654 819831343
528659649 819831293
528659679 819831280
528659674 819831339
528659735 819831279
528659660 819831287
528659665 819831348
528659713 819831288
528659659 819831298
528659649 819831273
528659698 819831335
528659730 819831329
528659698 819831338
528659724 819831358
528659661 819831356
528659690 819831322
528659709 819831273
528659666 819831293
528659686 819831351
528659683 819831334
528659713 819831308
528659736 819831324
528659667 819831285
528659734 819831313
528659671 819831360
528659662 819831304
528659650 819831331
528659680 819831344
528659686 819831320
528659682 819831303
528659664 819831276
528659661 819831320
528659698 819831273
528659729 819831325
528659676 819831311
528659687 819831329
528659655 819831312
528659712 819831305
528659723 819831329
528659725 819831341
528659721 819831343
528659675 819831353
528659723 819831304
528659702 819831339
528659714 819831306
528659677 819831296
528659732 819831333
528659694 819831333
528659662 819831316
528659683 819831298
528659676 819831310
528659678 819831345
528659661 819831330
528659682 819831292
528659657 819831286
528659686 819831333
528659667 819831328
528659678 819831302
528659726 819831302
528659729 819831305
528659710 819831337
528659730 819831296
528659652 819831332
528659673 819831327
528659687 819831310
528659666 819831347
528659695 819831276
528659650 819831311
528659719 819831343
528659672 819831283
528659684 819831283
528659676 819831359
528659698 819831339
528659658 819831311
528659657 819831308
528659703 819831278
528659675 819831308
528659726 819831326
528659713 819831321
528659688 819831286
528659714 819831325
528659728 819831289
528659726 819831309
528659667 819831345
528659672 819831309
528659681 819831297
528659732 819831294
528659704 819831321
528659691 819831343
528659687 819831325
528659710 819831316
528659670 819831300
528659663 819831323
528659679 819831304
528659657 819831290
528659719 819831291
528659717 819831350
528659684 819831274
528659653 819831307
528659722 819831281
528659654 819831339
528659698 819831293
528659698 819831341
528659732 819831360
528659719 819831306
528659694 819831306
528659714 819831282
528659701 819831353
528659681 819831344
528659678 819831283
528659674 819831329
528659662 819831275
528659672 819831319
528659674 819831358
528659710 819831346
528659700 819831327
528659701 819831293
528659735 819831330
528659676 819831337
528659678 819831344
528659706 819831359
528659689 819831284
528659712 819831290
528659673 819831340
528659673 819831302
528659719 819831317
528659733 819831327
528659695 819831310
528659671 819831317
528659723 819831294
528659670 819831344
528659737 819831302
528659725 819831312
528659710 819831329
528659693 819831272
528659686 819831300
528659681 819831307
528659721 819831331
528659687 819831309
528659678 819831305
528659729 819831297
528659732 819831321
528659722 819831357
528659709 819831320
528659694 819831339
528659669 819831339
528659654 819831313
528659721 819831352
528659684 819831304
528659714 819831336
528659689 819831315
528659661 819831285
528659649 819831314
528659724 819831325
528659725 819831354
528659716 819831274
528659696 819831342
528659700 819831303
528659733 819831302
528659661 819831331
528659692 819831315
528659648 819831354
528659699 819831298
528659682 819831331
528659727 819831347
528659655 819831353
528659700 819831274
528659687 819831340
528659680 819831312
528659683 819831333
528659671 819831307
528659696 819831288
528659664 819831337
528659697 819831338
528659672 819831299
528659694 819831324
528659736 819831274
528659662 819831303
528659701 819831277
528659713 819831300
528659660 819831272
528659677 819831293
528659652 819831283
528659716 819831287
528659695 819831354
528659659 819831326
528659712 819831335
528659719 819831351
528659652 819831315
528659719 819831319
528659707 819831336
528659721 819831312
528659663 819831287
528659714 819831338
528659653 819831298
528659723 819831332
528659696 819831328
528659682 819831317
528659654 819831318
528659712 819831323
528659707 819831339
528659672 819831320
528659723 819831338
528659718 819831345
528659727 819831359
528659683 819831326
528659672 819831333
528659683 819831290
528659696 819831354
528659651 819831280
528659696 819831359
528659674 819831341
528659691 819831337
528659650 819831282
528659657 819831283
528659706 819831353
528659679 819831290
528659687 819831275
528659697 819831335
528659696 819831324
528659737 819831283
528659678 819831358
528659664 819831321
528659736 819831289
528659659 819831305
528659699 819831316
528659672 819831310
528659711 819831285
528659668 819831289
528659657 819831304
528659670 819831332
528659661 819831287
528659713 819831273
528659652 819831277
528659674 819831321
528659698 819831271
528659709 819831291
528659683 819831316
528659689 819831339
528659733 819831320
528659715 819831300
528659663 819831283
528659678 819831276
528659700 819831356
528659682 819831289
528659733 819831272
528659654 819831321
528659728 819831321
528659691 819831335
528659673 819831288
528659676 819831332
528659707 819831327
528659662 819831291
528659701 819831360
528659692 819831345
528659726 819831359
528659653 819831331
528659708 819831281
528659698 819831284
528659737 819831344
528659703 819831351
528659687 819831307
528659695 819831315
528659697 819831356
528659656 819831343
528659690 819831308
528659658 819831295
528659693 819831342
528659649 819831302
528659683 819831285
528659690 819831317
528659724 819831311
528659652 819831316
528659660 819831354
528659688 819831358
528659655 819831325
528659724 819831319
528659667 819831336
528659678 819831296
528659684 819831288
528659650 819831349
528659676 819831282
528659715 819831360
528659677 819831344
528659736 819831293
528659716 819831335
528659712 819831355
528659725 819831348
528659730 819831317
528659712 819831342
528659682 819831285
528659700 819831315
528659700 819831281
528659728 819831306
528659728 819831339
528659688 819831319
528659735 819831334
528659731 819831340
528659685 819831344
528659682 819831275
528659662 819831278
528659733 819831322
528659711 819831284
528659668 819831306
528659709 819831342
528659725 819831287
528659721 819831323
528659687 819831293
528659706 819831304
528659713 819831278
528659713 819831350
528659712 819831273
528659660 819831326
528659671 819831311
528659707 819831346
528659711 819831315
528659714 819831356
528659716 819831352
528659673 819831293
528659730 819831335
528659704 819831337
528659685 819831301
528659662 819831299
528659650 819831288
528659697 819831291
528659726 819831283
528659736 819831307
528659710 819831301
528659669 819831309
528659677 819831318
528659720 819831317
528659648 819831324
528659720 819831281
528659705 819831338
528659680 819831356
528659648 819831303
528659682 819831282
528659657 819831330
528659651 819831271
528659699 819831296
528659696 819831319
528659731 819831334
528659706 819831338
528659699 819831330
528659716 819831334
528659719 819831302
528659693 819831320
528659704 819831359
528659692 819831307
528659713 819831339
528659724 819831302
528659706 819831276
528659722 819831326
528659651 819831338
528659703 819831297
528659656 819831356
528659704 819831338
528659696 819831338
528659730 819831326
528659657 819831302
528659728 819831333
528659692 819831311
528659692 819831359
528659695 819831314
528659734 819831304
528659680 819831338
528659716 819831275
528659689 819831360
528659724 819831287
528659726 819831338
528659697 819831350
528659664 819831324
528659661 819831353
528659692 819831360
528659699 819831293
528659716 819831349
528659650 819831358
528659675 819831301
528659713 819831323
528659667 819831344
528659732 819831313
528659659 819831275
528659710 819831332
528659706 819831319
528659673 819831297
528659699 819831281
528659708 819831315
528659673 819831317
528659712 819831316
528659710 819831322
528659668 819831293
528659721 819831347
528659670 819831343
528659727 819831272
528659723 819831280
528659650 819831298
528659734 819831314
528659710 819831354
528659652 819831310
528659696 819831309
528659718 819831306
528659716 819831303
528659661 819831275
528659659 819831282
528659683 819831357
528659678 819831327
528659669 819831294
528659663 819831346
528659731 819831300
528659694 819831360
528659711 819831337
528659720 819831278
528659663 819831340
528659686 819831312
528659737 819831277
528659661 819831315
528659692 819831306
528659697 819831348
528659729 819831301
528659726 819831320
528659686 819831291
528659706 819831298
528659684 819831335
528659673 819831289
528659717 819831275
528659731 819831313
528659681 819831275
528659670 819831276
528659702 819831303
528659701 819831306
528659715 819831273
528659659 819831315
528659685 819831329
528659721 819831348
528659712 819831284
528659718 819831348
528659672 819831342
528659648 819831352
528659688 819831288
528659712 819831326
528659679 819831323
528659692 819831346
528659711 819831340
528659664 819831292
528659707 819831291
528659694 819831349
528659701 819831313
528659657 819831306
528659708 819831343
528659659 819831310
528659692 819831313
528659674 819831304
528659696 819831287
528659671 819831347
528659688 819831342
528659698 819831295
528659737 819831306
528659702 819831354
528659662 819831314
528659686 819831338
528659674 819831359
528659655 819831303
528659660 819831357
