2000
422720659 513920936
422720636 513920980
422720673 513920942
422720670 513920949
422720655 513921004
422720608 513920975
422720683 513920985
422720674 513920948
422720638 513920991
422720632 513921005
422720643 513920972
422720620 513921009
422720617 513920974
422720676 513920948
422720634 513921000
422720671 513921000
422720646 513920949
422720602 513921014
422720628 513921001
422720688 513920955
422720626 513921010
422720668 513920977
422720667 513920969
422720662 513920964
422720623 513920973
422720664 513920972
422720632 513920984
422720657 513921010
422720602 513920954
422720638 513920965
422720657 513920969
422720673 513920936
422720640 513920934
422720659 513921005
422720677 513920946
422720672 513920954
422720651 513920927
422720625 513921015
422720680 513921004
422720602 513921001
422720634 513920962
422720663 513921004
422720624 513920971
422720631 513920952
422720659 513920990
422720661 513920965
422720601 513920948
422720654 513920982
422720687 513920993
422720648 513920952
422720618 513920957
422720649 513921012
422720684 513921011
422720682 513920979
422720622 513920949
422720608 513920966
422720611 513921013
422720623 513920990
422720680 513920946
422720654 513921008
422720647 513920958
422720611 513920931
422720603 513920935
422720659 513920942
422720662 513920997
422720656 513921006
422720674 513920968
422720604 513920953
422720666 513920997
422720684 513920943
422720679 513920929
422720657 513920996
422720642 513921005
422720607 513920956
422720643 513920945
422720677 513920977
422720669 513921007
422720643 513921009
422720649 513920950
422720607 513920982
422720652 513920978
422720622 513920929
422720609 513920951
422720613 513921011
422720671 513921009
422720629 513920927
422720631 513920938
422720673 513920939
422720667 513920986
422720641 513920955
422720683 513920956
422720669 513920954
422720678 513921004
422720657 513920954
422720670 513920956
422720642 513921007
422720655 513920989
422720675 513920959
422720603 513920945
422720679 513920927
422720649 513920954
422720634 513920956
422720617 513921007
422720648 513921000
422720642 513921002
422720607 513920999
422720658 513920956
422720676 513920993
422720613 513920987
422720684 513921005
422720686 513920949
422720683 513920995
422720656 513920980
422720647 513921007
422720651 513920957
422720611 513920946
422720619 513920957
422720673 513920979
422720638 513920941
422720679 513921009
422720642 513920967
422720654 513920963
422720684 513920994
422720606 513920949
422720632 513921014
422720626 513921006
422720626 513920940
422720660 513921009
422720676 513921012
422720682 513920950
422720672 513920983
422720671 513920971
422720669 513920958
422720671 513920949
422720665 513920977
422720652 513920989
422720684 513921003
422720670 513920927
422720653 513921002
422720655 513920928
422720672 513920928
422720646 513921006
422720618 513920940
422720665 513920938
422720616 513920931
422720654 513920988
422720665 513920980
422720665 513920928
422720689 513921007
422720615 513920926
422720667 513920933
422720601 513921000
422720660 513920949
422720690 513920967
422720681 513920983
422720649 513920953
422720670 513920999
422720649 513921004
422720633 513920931
422720606 513920975
422720669 513921000
422720666 513920934
422720621 513920967
422720623 513921010
422720618 513920947
422720634 513920953
422720620 513920960
422720619 513920940
422720626 513920970
422720627 513920955
422720613 513920989
422720602 513920934
422720660 513920940
422720668 513920993
422720640 513920951
422720665 513920927
422720603 513920970
422720642 513921015
422720605 513920977
422720638 513920984
422720671 513920981
422720638 513920933
422720630 513920940
422720685 513920972
422720673 513920955
422720601 513920985
422720638 513920980
422720601 513920974
422720649 513920993
422720681 513920959
422720650 513921001
422720650 513920946
422720646 513920941
422720640 513921010
422720678 513920993
422720612 513920973
422720613 513920936
422720657 513920970
422720647 513920962
422720682 513920957
422720685 513920949
422720630 513920979
422720651 513920992
422720665 513920956
422720663 513920996
422720676 513920979
422720650 513920958
422720611 513920970
422720619 513920939
422720601 513920976
422720659 513921004
422720669 513920950
422720617 513920926
422720667 513920967
422720687 513920986
422720642 513920971
422720621 513920939
422720634 513921006
422720610 513921013
422720670 513920998
422720624 513920964
422720603 513920962
422720627 513920962
422720686 513921013
422720643 513920992
422720625 513920960
422720644 513920989
422720619 513920963
422720642 513920935
422720647 513921005
422720637 513920999
422720664 513920929
422720608 513920942
422720644 513920947
422720609 513920928
422720637 513920953
422720649 513920947
422720628 513920943
422720671 513920986
422720638 513920981
422720619 513920961
422720686 513920963
422720631 513920936
422720654 513920928
422720647 513920977
422720602 513920952
422720658 513920982
422720603 513921008
422720678 513920943
422720602 513920977
422720679 513920954
422720615 513921010
422720668 513921013
422720685 513920926
422720678 513921011
422720686 513920978
422720669 513921003
422720687 513920939
422720689 513921003
422720656 513920943
422720681 513920940
422720645 513920969
422720606 513920931
422720655 513920949
422720668 513920991
422720627 513920943
422720662 513920958
422720681 513920930
422720670 513920980
422720627 513920970
422720634 513920940
422720631 513920993
422720676 513920969
422720629 513920941
422720605 513920927
422720653 513921013
422720608 513920951
422720640 513920959
422720648 513920951
422720668 513920953
422720635 513920990
422720616 513920976
422720676 513921002
422720663 513920973
422720626 513920986
422720642 513920954
422720624 513920926
422720683 513920950
422720616 513920960
422720643 513920950
422720632 513920967
422720662 513920941
422720663 513920987
422720670 513920996
422720635 513921014
422720654 513920938
422720675 513920935
422720601 513920986
422720686 513920943
422720673 513920977
422720655 513920995
422720671 513920998
422720606 513921011
422720656 513920979
422720663 513920979
422720687 513921005
422720625 513920951
422720603 513920948
422720647 513920960
422720614 513920932
422720645 513920960
422720620 513920982
422720661 513920988
422720617 513920978
422720678 513921008
422720613 513920967
422720674 513920934
422720623 513920964
422720662 513920971
422720631 513920994
422720612 513920998
422720618 513920978
422720626 513920982
422720655 513920935
422720612 513920963
422720644 513920957
422720665 513920961
422720607 513921004
422720657 513920927
422720630 513920969
422720616 513920986
422720626 513921014
422720630 513921010
422720648 513920980
422720637 513920972
422720636 513920948
422720644 513920992
422720623 513920979
422720640 513920946
422720650 513920963
422720643 513920946
422720603 513920927
422720606 513920958
422720682 513920968
422720610 513920970
422720647 513920964
422720616 513920936
422720680 513921000
422720679 513920939
422720614 513920983
422720604 513920969
422720645 513921002
422720663 513920939
422720609 513920984
422720634 513920991
422720651 513921006
422720636 513920999
422720643 513920941
422720631 513920980
422720609 513921012
422720613 513921007
422720650 513920987
422720637 513920931
422720687 513920954
422720663 513920955
422720641 513920996
422720662 513920973
422720605 513920956
422720646 513920928
422720631 513921012
422720646 513920981
422720643 513920959
422720636 513920932
422720630 513920993
422720687 513920952
422720632 513921007
422720601 513921014
422720660 513920948
422720602 513920996
422720669 513920959
422720642 513920987
422720669 513920990
422720634 513920985
422720615 513920942
422720635 513920942
422720689 513920973
422720685 513920969
422720609 513920944
422720609 513920938
422720672 513921010
422720638 513920955
422720624 513920933
422720610 513920968
422720680 513920991
422720643 513920962
422720667 513920946
422720668 513921009
422720634 513920936
422720630 513920971
422720644 513920980
422720637 513920993
422720637 513920989
422720651 513920940
422720686 513921010
422720613 513920954
422720670 513920940
422720641 513920940
422720663 513920981
422720630 513920990
422720688 513920964
422720643 513920943
422720679 513920935
422720616 513920989
422720633 513921011
422720640 513920970
422720646 513921002
422720647 513921004
422720665 513920946
422720603 513920994
422720656 513920991
422720690 513920977
422720643 513920947
422720687 513921013
422720690 513921001
422720660 513920937
422720629 513920999
422720621 513920986
422720604 513920979
422720686 513920954
422720653 513920999
422720659 513920963
422720614 513920993
422720662 513921009
422720656 513921009
422720678 513921005
422720643 513920936
422720652 513920946
422720679 513920933
422720664 513920955
422720667 513920980
422720663 513921013
422720653 513920949
422720661 513920993
422720687 513920926
422720635 513920931
422720656 513920978
422720649 513920984
422720657 513920957
422720662 513920953
422720621 513920992
422720616 513920975
422720685 513920970
422720621 513920950
422720656 513920985
422720617 513920997
422720628 513920989
422720679 513920996
422720668 513920984
422720638 513921001
422720606 513920970
422720641 513920995
422720684 513921015
422720623 513920928
422720653 513920978
422720637 513920943
422720613 513920969
422720650 513920961
422720638 513920964
422720640 513920972
422720622 513920938
422720611 513920965
422720676 513920962
422720619 513920977
422720608 513920968
422720690 513920959
422720619 513921014
422720637 513920985
422720611 513920989
422720678 513921003
422720614 513921009
422720688 513920938
422720677 513920978
422720638 513920962
422720650 513920978
422720651 513920933
422720607 513920974
422720643 513921006
422720648 513920990
422720661 513920998
422720627 513921011
422720653 513920979
422720673 513920975
422720660 513920994
422720624 513920997
422720671 513920961
422720609 513920977
422720682 513920992
422720606 513920974
422720669 513920994
422720687 513921009
422720601 513920928
422720614 513920963
422720684 513920972
422720628 513920986
422720637 513920973
422720690 513920954
422720659 513921013
422720690 513920960
422720622 513920998
422720633 513921012
422720670 513920989
422720683 513920987
422720632 513920930
422720677 513920964
422720688 513920957
422720629 513920974
422720639 513920962
422720608 513920946
422720606 513920964
422720619 513920996
422720618 513920972
422720686 513920975
422720628 513920959
422720660 513920926
422720660 513920966
422720621 513920928
422720657 513921007
422720621 513920940
422720690 513920991
422720650 513920983
422720645 513920965
422720604 513921014
422720614 513920977
422720609 513920963
422720602 513920937
422720644 513920996
422720656 513920939
422720674 513921000
422720651 513920976
422720601 513920965
422720661 513920952
422720647 513920981
422720619 513920966
422720606 513920985
422720647 513920959
422720642 513920962
422720603 513920966
422720673 513921002
422720677 513920934
422720621 513921001
422720618 513920980
422720681 513920938
422720666 513920936
422720654 513920970
422720669 513921011
422720685 513920953
422720630 513920964
422720648 513920928
422720611 513920948
422720665 513920957
422720640 513920976
422720654 513921007
422720687 513920948
422720613 513920932
422720681 513920956
422720678 513920976
422720671 513920989
422720632 513920975
422720679 513921007
422720664 513920961
422720610 513920961
422720642 513920983
422720672 513921008
422720627 513921005
422720642 513921014
422720671 513920964
422720652 513920928
422720603 513920955
422720647 513920944
422720613 513920979
422720685 513920964
422720627 513921008
422720661 513920973
422720614 513920966
422720682 513921005
422720674 513920987
422720665 513920982
422720660 513920978
422720684 513920926
422720647 513920988
422720636 513920935
422720661 513921008
422720642 513921013
422720630 513920992
422720641 513921009
422720606 513920996
422720679 513920969
422720601 513920931
422720610 513920969
422720629 513920994
422720687 513920955
422720629 513920964
422720682 513921013
422720609 513920970
422720626 513921015
422720667 513920937
422720686 513920974
422720689 513920974
422720631 513921014
422720678 513920940
422720653 513920959
422720648 513920934
422720668 513920976
422720662 513920927
422720614 513920969
422720649 513921001
422720612 513920965
422720652 513920986
422720624 513920980
422720663 513920968
422720622 513920932
422720652 513921012
422720663 513920940
422720610 513920967
422720655 513921014
422720664 513920935
422720685 513920954
422720661 513920930
422720680 513920998
422720650 513920994
422720657 513921005
422720617 513920965
422720640 513921008
422720602 513920943
422720684 513920961
422720614 513920933
422720661 513920937
422720639 513920980
422720650 513920949
422720687 513921002
422720643 513921012
422720669 513920969
422720617 513920976
422720682 513921011
422720643 513920967
422720635 513921001
422720680 513921009
422720609 513921011
422720684 513920987
422720605 513921002
422720688 513920975
422720636 513920959
422720658 513920957
422720686 513920989
422720634 513920989
422720668 513921014
422720659 513920961
422720658 513920936
422720638 513921012
422720656 513920936
422720667 513921003
422720647 513920938
422720670 513920985
422720604 513920926
422720651 513920941
422720622 513920963
422720633 513920932
422720615 513920940
422720662 513920939
422720667 513920974
422720640 513920995
422720646 513920983
422720669 513920965
422720623 513920974
422720653 513920958
422720624 513920941
422720667 513920954
422720649 513920943
422720618 513920999
422720606 513920992
422720643 513920995
422720644 513920937
422720655 513920957
422720688 513920983
422720618 513921013
422720673 513921009
422720611 513920940
422720664 513920956
422720618 513920950
422720665 513920973
422720651 513920960
422720626 513921012
422720607 513920984
422720662 513920961
422720610 513920974
422720647 513920989
422720652 513920962
422720690 513921013
422720679 513920994
422720625 513920947
422720689 513920946
422720632 513920953
422720652 513920935
422720624 513920928
422720653 513920950
422720637 513920937
422720647 513920992
422720668 513920978
422720663 513920962
422720652 513920956
422720688 513921005
422720641 513920994
422720666 513920959
422720651 513920944
422720605 513920988
422720650 513920953
422720612 513921003
422720615 513920974
422720669 513921009
422720651 513920964
422720660 513920983
422720645 513920954
422720662 513920979
422720650 513920998
422720612 513921004
422720627 513921010
422720657 513921014
422720672 513920990
422720620 513920984
422720665 513920951
422720661 513920932
422720655 513920974
422720656 513920967
422720674 513920927
422720673 513920988
422720683 513920971
422720657 513920929
422720683 513920978
422720685 513920983
422720665 513920992
422720686 513920927
422720610 513920994
422720616 513920957
422720654 513920995
422720610 513920980
422720679 513920928
422720665 513920930
422720644 513920994
422720650 513921007
422720681 513920977
422720612 513920975
422720665 513920966
422720683 513921005
422720678 513921007
422720613 513920986
422720648 513920972
422720616 513920949
422720629 513920951
422720651 513920983
422720619 513920971
422720675 513920951
422720671 513920954
422720688 513920944
422720678 513920965
422720620 513920935
422720601 513920964
422720689 513920970
422720668 513920970
422720661 513920979
422720677 513920963
422720608 513920965
422720634 513920944
422720610 513920963
422720683 513921007
422720653 513921009
422720629 513920969
422720652 513920966
422720630 513920945
422720675 513920999
422720609 513920997
422720651 513921009
422720618 513920991
422720646 513920975
422720614 513921004
422720635 513921003
422720675 513920994
422720629 513920986
422720684 513921009
422720641 513920977
422720614 513920959
422720659 513921009
422720627 513921003
422720688 513920950
422720656 513920942
422720614 513920960
422720616 513920932
422720639 513920961
422720609 513921015
422720631 513920939
422720623 513920941
422720628 513920987
422720630 513920958
422720601 513920936
422720648 513920937
422720684 513920951
422720684 513921012
422720635 513920994
422720626 513920987
422720605 513921011
422720669 513920943
422720643 513920996
422720682 513921012
422720625 513920934
422720602 513920997
422720605 513920968
422720633 513920939
422720679 513920985
422720684 513920963
422720666 513921009
422720678 513920977
422720679 513920991
422720643 513921004
422720673 513920983
422720645 513920966
422720650 513920940
422720640 513920943
422720617 513920959
422720653 513921014
422720666 513920988
422720629 513920993
422720619 513921001
422720658 513921007
422720672 513920957
422720627 513920940
422720671 513920970
422720610 513920953
422720670 513920981
422720626 513920929
422720628 513921012
422720612 513920927
422720640 513920931
422720681 513920978
422720670 513920932
422720688 513920998
422720613 513920943
422720606 513920950
422720656 513921015
422720649 513920988
422720602 513920926
422720681 513920942
422720681 513920974
422720603 513920950
422720654 513921001
422720656 513920947
422720608 513920998
422720633 513920945
422720677 513921000
422720618 513920928
422720604 513920959
422720621 513920996
422720669 513920956
422720619 513920959
422720625 513920986
422720674 513920999
422720625 513920971
422720668 513921000
422720632 513920989
422720608 513920991
422720685 513920979
422720660 513920951
422720620 513920954
422720651 513920962
422720635 513920938
422720677 513920933
422720629 513920971
422720604 513920958
422720611 513920932
422720602 513920962
422720678 513920979
422720648 513920936
422720638 513920973
422720627 513920935
422720639 513920992
422720656 513920944
422720663 513920935
422720618 513920952
422720609 513920960
422720672 513920976
422720605 513920926
422720662 513921010
422720609 513920965
422720611 513920955
422720613 513920994
422720665 513920954
422720680 513920978
422720676 513920938
422720606 513920968
422720639 513920953
422720637 513920927
422720614 513920949
422720605 513921004
422720605 513920958
422720631 513920971
422720671 513920937
422720629 513920968
422720627 513920986
422720615 513920949
422720684 513920978
422720683 513920975
422720601 513920962
422720619 513920929
422720685 513920981
422720612 513920967
422720686 513920970
422720675 513920929
422720686 513920939
422720669 513921013
422720687 513920945
422720637 513920951
422720610 513921003
422720607 513920991
422720679 513920953
422720677 513920998
422720671 513921011
422720685 513920933
422720636 513920982
422720621 513920927
422720668 513920930
422720682 513920996
422720688 513920979
422720637 513920939
422720683 513920939
422720629 513920970
422720647 513920967
422720602 513920988
422720635 513920939
422720601 513920973
422720639 513920933
422720627 513920969
422720667 513920949
422720631 513921011
422720643 513920965
422720656 513920998
422720611 513921001
422720618 513920948
422720689 513920956
422720659 513920933
422720622 513920992
422720656 513920976
422720646 513920970
422720644 513920986
422720611 513921011
422720681 513920928
422720674 513920986
422720606 513920932
422720619 513920989
422720647 513920933
422720620 513920999
422720649 513920996
422720672 513920992
422720633 513920956
422720622 513920955
422720677 513920954
422720659 513920975
422720644 513921001
422720667 513921008
422720684 513920935
422720676 513921015
422720658 513921013
422720655 513920945
422720640 513920929
422720686 513920936
422720675 513920973
422720639 513920944
422720631 513920979
422720629 513921007
422720648 513920927
422720630 513920967
422720630 513920927
422720660 513920957
422720677 513920926
422720643 513920963
422720640 513920926
422720678 513920968
422720635 513920981
422720615 513921011
422720607 513920951
422720623 513920982
422720613 513920982
422720644 513920981
422720626 513920995
422720630 513920947
422720664 513920982
422720687 513920946
422720612 513920946
422720601 513920944
422720613 513920990
422720675 513920956
422720603 513920968
422720642 513920940
422720614 513921011
422720651 513920997
422720657 513920932
422720652 513920926
422720638 513920947
422720605 513920982
422720662 513921012
422720615 513920937
422720625 513920962
422720647 513920972
422720673 513920995
422720627 513920993
422720661 513920978
422720624 513921011
422720613 513920988
422720655 513920960
422720669 513920982
422720611 513920983
422720630 513920985
422720608 513920978
422720630 513920996
422720641 513920945
422720677 513920937
422720682 513921004
422720682 513920951
422720636 513920945
422720652 513920934
422720689 513921009
422720607 513920979
422720680 513921008
422720637 513920949
422720649 513920952
422720683 513920936
422720629 513920955
422720679 513920974
422720613 513920965
422720664 513920939
422720659 513921000
422720644 513920938
422720689 513920935
422720654 513921002
422720620 513920998
422720651 513921003
422720661 513920946
422720660 513920992
422720682 513921007
422720621 513921009
422720649 513920967
422720637 513920942
422720669 513920941
422720685 513920962
422720637 513920992
422720689 513921000
422720689 513920992
422720615 513920997
422720614 513920962
422720690 513920999
422720678 513920995
422720648 513920994
422720684 513920952
422720639 513920960
422720622 513920930
422720642 513920964
422720686 513920961
422720626 513921007
422720655 513921013
422720688 513920968
422720606 513921009
422720631 513920976
422720631 513920953
422720647 513920930
422720630 513920954
422720619 513920950
422720622 513920995
422720627 513920990
422720672 513920996
422720666 513920937
422720637 513920933
422720635 513920943
422720671 513920991
422720639 513920966
422720678 513920930
422720635 513921012
422720623 513921015
422720668 513920948
422720611 513920975
422720618 513920983
422720664 513920984
422720643 513920928
422720653 513921000
422720688 513920996
422720659 513920928
422720648 513920957
422720651 513920982
422720659 513920937
422720623 513920926
422720633 513920953
422720653 513920964
422720642 513920956
422720688 513920982
422720666 513920989
422720688 513920926
422720607 513921013
422720605 513920999
422720618 513920989
422720610 513921000
422720663 513921006
422720653 513920933
422720607 513920942
422720682 513920982
422720665 513920934
422720665 513920985
422720636 513920997
422720647 513921012
422720615 513920932
422720640 513920997
422720621 513920963
422720667 513921005
422720642 513920946
422720671 513920967
422720679 513920957
422720645 513920968
422720605 513920967
422720680 513921014
422720634 513920993
422720628 513920928
422720643 513920951
422720628 513920942
422720647 513920954
422720671 513920959
422720617 513920970
422720661 513921009
422720676 513920971
422720666 513921003
422720604 513921004
422720664 513920990
422720637 513920978
422720645 513920976
422720647 513921002
422720659 513920934
422720685 513920951
422720686 513921009
422720604 513920988
422720612 513920956
422720677 513920988
422720683 513920957
422720690 513921003
422720629 513920991
422720651 513920974
422720635 513920950
422720620 513920953
422720658 513920948
422720601 513920943
422720609 513921001
422720641 513920934
422720668 513920963
422720618 513921009
422720669 513920973
422720605 513921003
422720603 513920940
422720685 513920986
422720636 513920998
422720658 513920978
422720663 513920929
422720684 513920936
422720673 513921011
422720646 513920984
422720639 513920938
422720682 513920936
422720620 513920941
422720625 513920941
422720641 513920998
422720608 513920953
422720657 513920994
422720660 513921003
422720643 513920938
422720666 513920983
422720677 513921003
422720670 513920953
422720602 513920927
422720645 513921003
422720671 513920962
422720647 513920997
422720616 513921012
422720617 513920980
422720661 513920961
422720664 513920947
422720667 513920966
422720677 513920971
422720664 513920991
422720688 513920927
422720651 513920937
422720636 513920989
422720622 513921009
422720652 513920967
422720614 513921005
422720678 513920956
422720620 513920993
422720621 513920935
422720655 513920944
422720620 513920936
422720617 513920990
422720665 513920960
422720673 513921014
422720601 513920975
422720623 513920946
422720661 513920982
422720662 513920991
422720653 513920945
422720682 513920986
422720660 513920955
422720690 513920958
422720607 513920932
422720671 513920944
422720664 513920940
422720687 513920929
422720686 513920982
422720637 513921007
422720614 513921013
422720669 513920996
422720675 513920965
422720686 513920971
422720679 513920973
422720673 513920966
422720688 513920991
422720617 513920927
422720682 513920954
422720671 513920928
422720624 513920957
422720619 513920951
422720658 513920935
422720676 513920987
422720621 513921014
422720661 513920971
422720644 513921003
422720642 513920984
422720658 513920962
422720666 513921005
422720605 513920961
422720601 513920990
422720637 513920970
422720672 513921000
422720617 513920940
422720645 513920957
422720633 513920984
422720687 513920964
422720677 513921002
422720657 513920982
422720624 513920938
422720688 513920985
422720686 513920986
422720632 513920931
422720644 513920972
422720624 513920965
422720640 513920963
422720661 513921006
422720681 513921004
422720617 513920964
422720633 513920926
422720616 513921004
422720618 513920956
422720626 513920976
422720660 513920987
422720616 513920992
422720675 513920933
422720680 513920951
422720641 513920939
422720651 513920981
422720668 513920985
422720635 513920995
422720636 513920992
422720625 513920946
422720666 513920955
422720621 513920984
422720636 513920960
422720680 513920930
422720681 513921012
422720629 513920990
422720660 513920995
422720606 513920980
422720689 513920991
422720606 513920955
422720644 513920991
422720650 513920926
422720637 513920944
422720641 513920962
422720623 513920988
422720681 513921001
422720628 513920965
422720635 513920936
422720684 513920939
422720613 513921001
422720689 513920929
422720612 513920935
422720616 513920955
422720689 513920950
422720625 513921013
422720632 513920979
422720652 513920929
422720658 513920986
422720621 513920980
422720643 513920952
422720605 513920949
422720654 513920953
422720670 513920973
422720610 513921002
422720637 513920971
422720638 513920974
422720607 513920970
422720601 513921007
422720680 513920963
422720628 513920979
422720637 513920969
422720605 513920990
422720663 513920941
422720628 513920996
422720604 513920945
422720629 513920981
422720647 513920941
422720681 513920929
422720624 513920945
422720638 513920940
422720669 513920953
422720680 513920938
422720616 513920928
422720670 513920944
422720641 513920954
422720687 513920943
422720614 513920957
422720673 513920933
422720683 513920983
422720613 513920938
422720664 513920952
422720674 513920955
422720631 513920948
422720654 513920932
422720689 513921012
422720605 513920974
422720629 513920979
422720614 513921006
422720635 513921004
422720602 513920955
422720628 513921005
422720675 513920926
422720674 513920945
422720661 513920984
422720689 513921002
422720626 513921011
422720667 513920948
422720610 513920948
422720636 513920978
422720610 513920998
422720604 513920931
422720654 513920974
422720616 513920977
422720673 513920958
422720653 513921003
422720644 513920987
422720627 513920952
422720615 513920972
422720649 513920938
422720620 513920944
422720615 513920970
422720645 513920986
422720675 513920953
422720642 513921012
422720613 513921000
422720637 513920960
422720606 513920983
422720627 513920981
422720645 513920979
422720622 513920977
422720611 513920926
422720677 513920941
422720606 513921002
422720614 513920950
422720677 513921014
422720681 513920975
422720644 513920926
422720647 513920932
422720602 513920946
422720623 513920969
422720673 513920981
422720606 513920953
422720641 513920991
422720635 513920935
422720655 513921003
422720661 513920933
422720673 513920987
422720661 513920942
422720609 513921014
422720623 513920981
422720642 513920941
422720618 513921015
422720661 513921002
422720660 513920975
422720646 513920950
422720642 513920994
422720602 513921013
422720650 513920972
422720623 513920994
422720608 513920989
422720608 513920940
422720668 513920959
422720663 513920950
422720634 513920949
422720629 513921006
422720617 513920966
422720677 513920997
422720677 513920966
422720628 513920973
422720681 513921015
422720667 513920979
422720642 513920947
422720624 513920998
422720630 513920983
422720605 513920995
422720666 513920967
422720608 513920941
422720637 513921015
422720614 513920965
422720662 513921005
422720689 513920937
422720602 513920938
422720667 513920989
422720668 513920931
422720684 513921014
422720638 513920996
422720662 513920999
422720629 513920940
422720645 513920958
422720678 513920980
422720686 513921007
422720661 513920977
422720638 513921013
422720640 513920984
422720650 513920932
422720601 513920988
422720675 513921001
422720661 513920940
422720672 513920941
422720642 513920927
422720670 513920926
422720627 513920998
422720665 513920932
422720680 513920980
422720636 513920954
422720645 513921010
422720676 513920955
422720631 513920978
422720650 513920941
422720673 513920998
422720664 513920975
422720661 513920990
422720689 513920941
422720684 513920990
422720689 513920965
422720637 513920963
422720620 513920961
422720614 513920937
422720637 513920954
422720685 513920947
422720646 513920978
422720611 513920933
422720628 513920993
422720617 513920957
422720670 513921007
422720654 513920972
422720652 513920999
422720615 513920999
422720623 513920956
422720606 513920999
422720664 513921000
422720658 513921010
422720601 513920945
422720608 513921014
422720605 513920997
422720641 513920952
422720666 513920948
422720602 513921015
422720633 513920991
422720685 513921012
422720655 513920996
422720663 513920953
422720618 513921005
422720646 513920931
422720673 513920943
422720688 513921013
422720662 513920963
422720664 513921009
422720656 513920960
422720619 513920943
422720601 513920978
422720652 513920977
422720622 513920965
422720616 513920990
422720678 513920985
422720661 513920974
422720664 513920951
422720650 513921014
422720656 513920952
422720611 513920972
422720658 513920946
422720608 513920967
422720652 513920936
422720648 513920966
422720640 513920952
422720612 513920979
422720640 513920927
422720618 513920987
422720657 513920979
422720629 513920934
422720664 513921010
422720670 513920982
422720635 513920961
422720615 513920941
422720645 513920974
422720631 513920926
422720622 513921011
422720659 513920971
422720688 513920960
422720609 513920959
422720683 513920932
422720682 513920967
422720608 513920936
422720627 513921002
422720673 513920938
422720667 513920992
422720625 513921008
422720605 513920943
422720642 513920972
422720616 513920943
422720610 513920936
422720657 513920961
422720649 513920992
422720628 513920963
422720672 513920926
422720617 513920935
422720616 513920946
422720630 513920975
422720608 513920947
422720651 513920950
422720627 513920985
422720611 513920953
422720671 513920983
422720624 513920973
422720606 513920939
422720630 513920981
422720655 513920926
422720662 513920966
422720624 513920989
422720657 513920988
422720604 513920974
422720603 513921003
422720625 513920996
422720678 513920982
422720625 513920983
422720647 513920991
422720639 513920996
422720668 513920966
422720676 513921001
422720635 513920982
422720630 513920961
422720682 513920960
422720637 513920956
422720668 513920987
422720645 513920973
422720622 513920954
422720671 513920957
422720644 513920963
422720654 513920977
422720665 513920964
422720626 513920933
422720612 513920926
422720619 513921004
422720684 513920991
422720662 513920965
422720653 513921012
422720652 513920973
422720675 513920975
422720609 513920991
422720602 513921000
422720673 513921000
422720640 513921014
422720665 513920984
422720685 513920990
422720689 513920954
422720645 513920946
422720667 513920962
422720624 513920963
422720633 513920941
422720632 513921010
422720677 513920944
422720640 513921011
422720632 513920971
422720637 513921006
422720612 513920992
422720625 513920985
422720637 513920996
422720608 513920980
422720634 513921015
422720631 513920942
422720639 513920970
422720671 513920932
422720609 513920966
422720638 513920987
422720636 513920940
422720688 513920947
422720618 513920998
422720680 513920997
422720618 513920985
422720658 513920991
422720644 513920959
422720642 513920981
422720616 513920968
422720634 513920970
422720627 513920964
422720640 513920949
422720638 513920970
422720666 513920982
422720660 513920965
422720663 513920976
422720631 513920934
422720688 513921002
422720654 513920926
422720684 513920984
422720672 513920942
422720621 513920976
422720687 513920969
422720654 513920951
422720681 513920936
422720638 513921014
422720623 513920998
422720628 513920932
422720684 513920995
422720643 513920991
422720634 513920979
422720641 513920958
422720627 513920972
422720684 513920927
422720681 513921006
422720687 513920950
422720612 513921015
422720651 513920968
422720671 513920995
422720645 513921004
422720619 513920985
422720628 513920938
422720627 513920951
422720643 513920944
422720633 513920964
422720677 513920962
422720672 513920959
422720672 513920950
422720669 513920968
422720665 513920975
422720648 513920939
422720655 513920976
422720639 513920971
422720602 513920959
422720617 513920946
422720642 513921000
422720664 513920933
422720672 513920953
422720657 513921011
422720617 513920979
422720646 513920927
422720619 513920954
422720625 513920974
422720639 513920939
422720689 513920994
422720637 513921004
422720621 513921012
422720646 513920996
422720656 513920931
422720615 513920958
422720680 513920993
422720671 513920982
422720665 513921009
422720623 513920949
422720603 513920996
422720605 513920996
422720606 513920995
422720621 513920934
422720614 513920980
422720662 513920984
422720618 513920965
422720617 513921002
422720652 513920930
422720621 513920944
422720644 513920970
422720620 513921004
422720674 513920949
422720652 513920954
422720687 513920982
422720633 513921005
422720629 513920960
422720622 513920957
422720632 513920937
422720683 513920997
422720650 513920966
422720622 513920935
422720689 513920997
422720653 513921005
422720630 513920932
422720602 513920953
422720612 513920931
422720629 513921005
422720682 513921001
422720688 513920997
422720658 513920979
422720607 513920987
422720605 513921013
422720689 513920986
422720626 513920955
422720639 513920998
422720634 513920955
422720642 513920926
422720627 513920933
422720627 513921012
422720685 513920982
422720646 513920993
422720656 513920993
422720664 513920968
422720671 513920966
422720659 513920962
422720666 513920977
422720645 513920939
422720690 513920994
422720673 513921012
422720631 513920959
422720641 513920970
422720676 513920983
422720673 513920959
422720660 513920956
422720646 513920991
422720649 513920961
422720690 513920972
422720672 513920938
422720621 513920962
422720638 513920999
422720673 513920984
422720670 513920979
422720614 513920971
422720671 513920939
422720602 513921010
422720659 513920987
422720610 513920937
422720612 513920972
422720654 513920949
422720656 513920958
422720603 513920960
422720675 513921006
422720654 513920944
422720604 513920965
422720611 513921012
422720690 513920956
422720603 513920987
422720674 513920952
422720603 513920931
422720686 513920937
422720628 513920967
422720650 513920993
422720634 513920972
422720670 513920939
422720675 513920932
422720635 513920974
422720615 513920991
422720689 513920962
422720689 513920952
422720623 513920986
422720686 513920968
422720634 513920954
422720657 513920980
422720628 513920994
422720681 513921003
422720684 513920946
422720634 513920938
422720610 513920949
422720639 513921010
422720676 513920978
422720667 513920977
422720669 513920979
422720669 513920976
422720681 513920996
422720682 513920983
422720648 513920960
422720662 513920943
422720617 513921013
422720662 513920944
422720687 513920980
422720610 513920984
422720657 513920955
422720652 513920982
422720631 513921000
422720684 513920983
422720687 513920951
422720625 513920994
422720626 513920934
422720603 513920953
422720649 513920929
422720668 513920999
422720613 513920973
422720625 513920928
422720671 513920952
422720608 513920929
422720636 513920969
422720668 513920932
422720611 513920998
422720633 513920955
422720652 513920961
422720654 513920936
422720601 513920992
422720616 513920991
422720657 513920992
422720684 513920981
422720690 513921005
422720677 513920986
422720672 513920955
422720609 513920993
422720627 513921006
422720675 513920957
422720661 513920935
422720624 513920934
422720682 513920990
422720650 513921015
422720641 513920937
422720656 513920982
422720659 513920967
422720688 513920958
422720622 513920960
422720605 513920936
422720636 513920943
422720622 513920971
422720619 513920953
422720652 513920933
422720612 513920949
422720627 513920958
422720648 513920977
422720625 513920989
422720623 513920980
422720614 513920972
422720649 513920971
422720627 513920971
422720655 513920990
422720610 513920950
422720625 513920937
422720687 513920959
422720678 513920969
422720647 513920957
422720656 513920928
422720625 513920968
422720659 513921010
422720683 513920972
422720615 513920985
422720616 513920967
422720665 513921002
422720624 513920942
422720634 513920974
422720646 513921001
422720620 513920997
422720664 513920949
422720678 513920929
422720639 513920976
422720629 513920997
422720634 513920957
422720656 513920999
422720609 513920968
422720629 513920946
422720668 513920954
422720664 513920977
422720633 513920979
422720666 513920984
422720613 513920926
422720607 513920990
422720657 513920949
422720685 513920975
422720612 513921000
422720659 513920991
422720667 513920944
422720687 513920935
422720603 513920944
422720613 513921002
422720620 513920976
422720633 513921004
422720685 513920985
422720604 513920933
422720635 513921013
422720625 513920959
422720635 513920998
422720688 513920953
422720622 513921001
422720603 513920999
422720686 513920948
422720631 513921004
422720690 513920981
422720689 513920963
422720670 513920938
422720673 513920989
422720649 513920976
422720607 513920926
422720611 513920934
422720634 513920986
422720656 513920966
422720617 513920962
422720684 513920947
422720609 513920996
422720630 513920982
422720648 513920999
422720627 513920941
422720637 513920929
422720613 513920953
422720610 513920956
422720641 513920973
422720665 513920947
422720626 513920974
422720686 513920997
422720663 513920958
422720640 513921006
422720614 513921001
422720625 513921010
422720662 513921015
422720686 513920942
422720639 513920927
422720664 513920989
422720615 513921004
422720664 513920969
422720616 513920939
422720677 513921006
422720637 513920957
422720617 513920982
422720689 513921015
422720685 513920956
422720645 513920970
422720679 513920966
422720650 513920937
422720655 513920978
422720655 513921009
422720678 513920991
422720669 513920947
422720662 513920975
422720639 513920951
422720669 513920978
422720680 513920962
422720618 513920959
422720624 513920972
422720610 513920976
422720614 513920927
422720652 513920937
422720643 513920955
422720658 513920989
422720642 513920942
422720688 513920928
422720646 513920964
422720664 513921013
422720602 513920971
422720642 513921009
422720627 513920950
422720637 513920948
422720603 513920965
422720640 513920980
422720683 513920946
422720668 513920967
422720617 513920938
422720603 513921001
422720663 513920972
422720678 513920997
422720677 513920984
422720645 513920938
422720683 513920944
422720652 513920940
422720633 513921015
422720629 513920945
422720664 513920941
422720608 513920971
422720626 513920944
422720648 513920943
422720621 513920931
422720689 513920999
422720622 513920984
422720627 513920956
422720602 513920981
422720658 513920959
422720674 513920989
422720643 513920985
422720674 513920953
422720649 513921006
422720625 513920929
422720676 513920974
422720622 513920968
422720690 513920930
422720611 513920942
422720626 513920983
422720607 513920929
422720634 513920950
422720636 513920944
422720654 513920998
422720618 513920960
422720618 513921011
947967049 38031785
