2000
109921577 430725305
109921620 430725361
109921597 430725355
109921556 430725331
109921574 430725332
109921561 430725373
109921619 430725300
109921596 430725360
109921601 430725338
109921578 430725319
109921548 430725323
109921563 430725321
109921597 430725309
109921547 430725312
109921610 430725325
109921592 430725359
109921592 430725375
109921554 430725374
109921572 430725376
109921552 430725365
109921619 430725323
109921541 430725368
109921601 430725306
109921583 430725327
109921595 430725324
109921554 430725327
109921545 430725324
109921601 430725327
109921582 430725304
109921611 430725346
109921573 430725344
109921554 430725341
109921549 430725331
109921620 430725308
109921589 430725342
109921570 430725346
109921574 430725381
109921557 430725369
109921571 430725308
109921569 430725355
109921593 430725308
109921589 430725377
109921560 430725332
109921558 430725361
109921565 430725325
109921610 430725375
109921597 430725332
109921601 430725347
109921556 430725325
109921620 430725320
109921576 430725333
109921608 430725370
109921552 430725334
109921615 430725359
109921575 430725373
109921578 430725313
109921549 430725376
109921616 430725373
109921578 430725379
109921586 430725372
109921561 430725378
109921553 430725332
109921607 430725349
109921607 430725340
109921565 430725328
109921567 430725331
109921584 430725315
109921555 430725344
109921591 430725302
109921586 430725380
109921552 430725325
109921543 430725373
109921597 430725369
109921565 430725361
109921540 430725354
109921574 430725315
109921552 430725366
109921558 430725345
109921555 430725374
109921590 430725308
109921603 430725326
109921581 430725353
109921549 430725313
109921563 430725328
109921598 430725304
109921548 430725319
109921605 430725354
109921546 430725325
109921561 430725380
109921586 430725377
109921607 430725350
109921604 430725301
109921620 430725346
109921578 430725366
109921617 430725320
109921556 430725376
109921548 430725342
109921607 430725345
109921556 430725370
109921550 430725357
109921574 430725317
109921616 430725379
109921587 430725305
109921565 430725374
109921604 430725334
109921594 430725306
109921621 430725349
109921605 430725323
109921565 430725326
109921608 430725320
109921550 430725342
109921602 430725310
109921607 430725367
109921546 430725349
109921609 430725344
109921574 430725371
109921544 430725316
109921542 430725378
109921562 430725314
109921563 430725379
109921587 430725306
109921588 430725344
109921597 430725352
109921612 430725345
109921554 430725329
109921591 430725366
109921541 430725320
109921568 430725325
109921601 430725364
109921616 430725339
109921601 430725353
109921614 430725357
109921595 430725340
109921544 430725377
109921552 430725363
109921603 430725380
109921547 430725364
109921620 430725340
109921611 430725374
109921549 430725349
109921615 430725355
109921611 430725330
109921558 430725353
109921617 430725328
109921598 430725308
109921590 430725305
109921555 430725339
109921567 430725302
109921579 430725317
109921598 430725336
109921585 430725338
109921582 430725321
109921571 430725336
109921567 430725356
109921585 430725367
109921618 430725310
109921562 430725380
109921576 430725350
109921620 430725362
109921543 430725306
109921574 430725300
109921547 430725326
109921616 430725355
109921571 430725363
109921543 430725356
109921593 430725326
109921591 430725342
109921607 430725322
109921604 430725304
109921544 430725323
109921590 430725352
109921587 430725338
109921618 430725374
109921606 430725332
109921558 430725357
109921549 430725382
109921575 430725311
109921598 430725306
109921542 430725358
109921590 430725323
109921574 430725363
109921592 430725333
109921608 430725317
109921592 430725362
109921619 430725353
109921565 430725338
109921596 430725326
109921599 430725330
109921559 430725376
109921564 430725302
109921602 430725368
109921610 430725347
109921568 430725304
109921603 430725343
109921610 430725330
109921561 430725331
109921539 430725331
109921621 430725306
109921549 430725341
109921547 430725359
109921594 430725378
109921603 430725318
109921617 430725369
109921551 430725321
109921566 430725350
109921540 430725303
109921578 430725302
109921601 430725354
109921615 430725365
109921557 430725380
109921548 430725322
109921614 430725303
109921582 430725341
109921549 430725327
109921599 430725340
109921590 430725362
109921563 430725374
109921603 430725329
109921557 430725315
109921588 430725374
109921611 430725302
109921581 430725329
109921582 430725382
109921574 430725350
109921607 430725362
109921615 430725349
109921588 430725349
109921598 430725369
109921621 430725382
109921614 430725300
109921608 430725358
109921596 430725379
109921553 430725341
109921618 430725337
109921577 430725300
109921566 430725354
109921568 430725300
109921552 430725381
109921550 430725335
109921596 430725327
109921561 430725300
109921609 430725321
109921611 430725326
109921616 430725329
109921589 430725317
109921547 430725379
109921556 430725321
109921598 430725326
109921541 430725374
109921614 430725363
109921554 430725307
109921544 430725315
109921586 430725371
109921617 430725339
109921618 430725319
109921547 430725355
109921614 430725324
109921596 430725325
109921581 430725365
109921540 430725300
109921593 430725361
109921593 430725360
109921617 430725351
109921561 430725306
109921546 430725339
109921598 430725362
109921577 430725340
109921584 430725363
109921581 430725301
109921546 430725358
109921585 430725379
109921587 430725334
109921565 430725308
109921612 430725343
109921597 430725356
109921552 430725367
109921580 430725367
109921571 430725314
109921546 430725324
109921596 430725330
109921549 430725306
109921559 430725354
109921571 430725319
109921575 430725318
109921609 430725352
109921563 430725307
109921542 430725346
109921583 430725348
109921592 430725338
109921619 430725375
109921608 430725368
109921621 430725362
109921545 430725354
109921597 430725358
109921586 430725341
109921563 430725318
109921569 430725341
109921560 430725301
109921566 430725319
109921568 430725314
109921619 430725338
109921604 430725320
109921543 430725334
109921621 430725355
109921596 430725378
109921542 430725343
109921595 430725367
109921606 430725337
109921580 430725344
109921586 430725343
109921611 430725362
109921554 430725308
109921559 430725331
109921607 430725358
109921613 430725316
109921610 430725367
109921601 430725312
109921557 430725347
109921593 430725371
109921571 430725337
109921588 430725336
109921542 430725340
109921546 430725304
109921610 430725362
109921551 430725300
109921562 430725359
109921617 430725382
109921576 430725376
109921556 430725328
109921618 430725302
109921575 430725315
109921566 430725344
109921586 430725366
109921593 430725365
109921544 430725365
109921566 430725356
109921566 430725358
109921559 430725318
109921618 430725372
109921610 430725305
109921552 430725328
109921617 430725322
109921551 430725375
109921555 430725336
109921559 430725311
109921587 430725335
109921593 430725306
109921572 430725345
109921596 430725342
109921570 430725330
109921582 430725360
109921544 430725357
109921585 430725321
109921551 430725344
109921557 430725341
109921588 430725333
109921594 430725315
109921590 430725376
109921621 430725357
109921588 430725312
109921580 430725301
109921613 430725321
109921543 430725367
109921563 430725320
109921606 430725322
109921619 430725361
109921576 430725353
109921557 430725336
109921548 430725336
109921540 430725318
109921621 430725364
109921571 430725331
109921564 430725369
109921596 430725370
109921581 430725380
109921550 430725302
109921557 430725342
109921620 430725322
109921582 430725330
109921595 430725347
109921540 430725326
109921577 430725311
109921590 430725332
109921565 430725330
109921566 430725378
109921559 430725326
109921567 430725305
109921551 430725364
109921586 430725304
109921564 430725355
109921577 430725367
109921613 430725328
109921599 430725306
109921616 430725380
109921613 430725363
109921545 430725368
109921617 430725314
109921621 430725370
109921576 430725337
109921583 430725304
109921565 430725320
109921555 430725331
109921564 430725335
109921558 430725318
109921594 430725367
109921560 430725341
109921592 430725324
109921543 430725331
109921593 430725336
109921570 430725351
109921557 430725325
109921617 430725367
109921539 430725327
109921588 430725319
109921604 430725349
109921542 430725345
109921592 430725316
109921582 430725375
109921600 430725337
109921594 430725309
109921589 430725300
109921615 430725327
109921571 430725345
109921547 430725338
109921558 430725303
109921600 430725329
109921569 430725347
109921571 430725349
109921615 430725334
109921609 430725368
109921583 430725363
109921553 430725315
109921589 430725322
109921559 430725313
109921600 430725335
109921587 430725370
109921605 430725381
109921562 430725361
109921571 430725358
109921563 430725348
109921606 430725324
109921561 430725341
109921579 430725308
109921615 430725344
109921582 430725352
109921586 430725318
109921596 430725368
109921563 430725373
109921605 430725343
109921580 430725357
109921608 430725309
109921602 430725335
109921559 430725373
109921613 430725376
109921572 430725350
109921596 430725322
109921612 430725381
109921615 430725305
109921548 430725372
109921545 430725318
109921561 430725310
109921576 430725359
109921598 430725372
109921607 430725324
109921592 430725329
109921581 430725318
109921543 430725338
109921572 430725351
109921615 430725333
109921606 430725356
109921539 430725358
109921613 430725341
109921610 430725320
109921604 430725366
109921619 430725302
109921594 430725317
109921603 430725340
109921552 430725347
109921574 430725335
109921614 430725364
109921615 430725375
109921618 430725373
109921614 430725376
109921575 430725314
109921569 430725371
109921559 430725319
109921580 430725337
109921588 430725346
109921609 430725322
109921540 430725325
109921563 430725337
109921605 430725324
109921611 430725324
109921543 430725371
109921544 430725309
109921616 430725342
109921592 430725315
109921540 430725337
109921615 430725307
109921541 430725366
109921576 430725380
109921587 430725354
109921591 430725335
109921589 430725347
109921546 430725326
109921549 430725322
109921581 430725351
109921571 430725312
109921607 430725360
109921581 430725319
109921590 430725379
109921563 430725303
109921549 430725325
109921563 430725372
109921605 430725378
109921585 430725357
109921572 430725341
109921569 430725377
109921565 430725342
109921551 430725304
109921586 430725339
109921579 430725344
109921593 430725317
109921591 430725343
109921606 430725331
109921547 430725327
109921617 430725348
109921566 430725382
109921620 430725367
109921584 430725354
109921559 430725321
109921582 430725302
109921617 430725341
109921540 430725316
109921581 430725302
109921580 430725312
109921575 430725367
109921564 430725379
109921593 430725302
109921552 430725336
109921612 430725308
109921551 430725329
109921617 430725378
109921616 430725347
109921612 430725315
109921548 430725349
109921551 430725332
109921620 430725314
109921609 430725364
109921593 430725309
109921583 430725335
109921558 430725312
109921585 430725307
109921549 430725328
109921583 430725377
109921606 430725314
109921589 430725323
109921543 430725381
109921570 430725320
109921560 430725372
109921558 430725342
109921545 430725369
109921604 430725319
109921606 430725343
109921585 430725320
109921595 430725322
109921602 430725306
109921598 430725366
109921550 430725316
109921570 430725303
109921585 430725327
109921597 430725328
109921555 430725369
109921573 430725361
109921586 430725322
109921542 430725325
109921583 430725376
109921601 430725303
109921583 430725356
109921618 430725363
109921595 430725371
109921596 430725358
109921583 430725366
109921574 430725331
109921567 430725369
109921559 430725332
109921587 430725326
109921620 430725318
109921576 430725320
109921549 430725365
109921591 430725367
109921596 430725343
109921574 430725360
109921549 430725332
109921572 430725311
109921552 430725345
109921613 430725368
109921599 430725343
109921609 430725304
109921579 430725314
109921621 430725335
109921574 430725312
109921615 430725331
109921553 430725346
109921606 430725335
109921602 430725373
109921612 430725350
109921574 430725318
109921586 430725382
109921539 430725309
109921564 430725334
109921543 430725325
109921596 430725382
109921598 430725340
109921594 430725313
109921599 430725337
109921584 430725300
109921604 430725336
109921586 430725306
109921543 430725315
109921613 430725303
109921560 430725356
109921557 430725358
109921618 430725347
109921540 430725304
109921553 430725336
109921615 430725361
109921562 430725358
109921587 430725340
109921621 430725352
109921556 430725356
109921540 430725362
109921593 430725328
109921569 430725346
109921589 430725381
109921565 430725307
109921591 430725354
109921544 430725321
109921594 430725340
109921550 430725334
109921540 430725331
109921602 430725358
109921591 430725327
109921548 430725350
109921569 430725345
109921548 430725381
109921561 430725363
109921555 430725314
109921614 430725354
109921545 430725376
109921610 430725302
109921602 430725352
109921539 430725366
109921539 430725375
109921608 430725334
109921579 430725367
109921540 430725332
109921568 430725317
109921614 430725328
109921613 430725359
109921558 430725322
109921550 430725373
109921587 430725303
109921591 430725319
109921553 430725352
109921581 430725375
109921570 430725381
109921608 430725332
109921555 430725376
109921550 430725332
109921539 430725372
109921546 430725308
109921554 430725355
109921558 430725314
109921611 430725366
109921586 430725353
109921621 430725377
109921575 430725340
109921619 430725351
109921540 430725355
109921615 430725372
109921566 430725322
109921556 430725303
109921614 430725375
109921559 430725325
109921615 430725302
109921564 430725370
109921571 430725366
109921605 430725315
109921594 430725304
109921563 430725340
109921589 430725326
109921577 430725334
109921608 430725375
109921544 430725354
109921569 430725307
109921571 430725313
109921569 430725369
109921588 430725332
109921617 430725313
109921567 430725377
109921572 430725346
109921548 430725357
109921611 430725343
109921598 430725376
109921541 430725328
109921585 430725353
109921546 430725344
109921565 430725355
109921602 430725317
109921613 430725382
109921546 430725364
109921581 430725304
109921551 430725324
109921605 430725364
109921581 430725342
109921611 430725336
109921608 430725323
109921548 430725338
109921562 430725349
109921621 430725359
109921566 430725305
109921604 430725380
109921586 430725333
109921598 430725327
109921556 430725302
109921609 430725370
109921577 430725344
109921553 430725363
109921593 430725381
109921613 430725373
109921599 430725332
109921595 430725303
109921575 430725330
109921577 430725306
109921586 430725362
109921559 430725362
109921576 430725352
109921598 430725370
109921603 430725300
109921615 430725324
109921611 430725327
109921589 430725355
109921568 430725327
109921563 430725341
109921581 430725339
109921618 430725350
109921616 430725358
109921603 430725342
109921561 430725377
109921565 430725329
109921552 430725352
109921613 430725305
109921574 430725314
109921594 430725366
109921558 430725374
109921578 430725353
109921564 430725340
109921542 430725344
109921603 430725333
109921591 430725310
109921619 430725343
109921582 430725342
109921598 430725330
109921540 430725370
109921573 430725324
109921592 430725352
109921549 430725335
109921548 430725311
109921571 430725333
109921562 430725375
109921611 430725342
109921605 430725332
109921613 430725358
109921546 430725346
109921549 430725345
109921555 430725315
109921555 430725332
109921575 430725344
109921553 430725376
109921612 430725371
109921551 430725368
109921553 430725381
109921621 430725343
109921562 430725343
109921578 430725337
109921578 430725346
109921551 430725370
109921572 430725326
109921604 430725335
109921567 430725382
109921593 430725357
109921565 430725318
109921600 430725336
109921569 430725360
109921585 430725306
109921595 430725357
109921607 430725304
109921617 430725333
109921609 430725318
109921578 430725368
109921594 430725310
109921590 430725324
109921609 430725316
109921597 430725348
109921596 430725308
109921608 430725369
109921589 430725330
109921594 430725331
109921544 430725376
109921599 430725336
109921562 430725326
109921620 430725358
109921554 430725337
109921617 430725350
109921559 430725356
109921585 430725314
109921578 430725309
109921571 430725304
109921596 430725364
109921582 430725379
109921580 430725331
109921620 430725315
109921620 430725332
109921546 430725311
109921605 430725310
109921547 430725365
109921544 430725381
109921567 430725373
109921553 430725377
109921575 430725379
109921549 430725348
109921595 430725325
109921554 430725310
109921619 430725305
109921599 430725320
109921573 430725303
109921621 430725333
109921551 430725355
109921574 430725337
109921549 430725377
109921551 430725302
109921620 430725345
109921588 430725323
109921587 430725312
109921599 430725373
109921609 430725362
109921569 430725370
109921543 430725303
109921596 430725365
109921590 430725363
109921549 430725333
109921600 430725348
109921552 430725361
109921600 430725362
109921549 430725364
109921591 430725376
109921565 430725306
109921583 430725324
109921599 430725374
109921565 430725301
109921556 430725312
109921619 430725342
109921583 430725373
109921584 430725343
109921575 430725357
109921604 430725364
109921560 430725330
109921565 430725356
109921543 430725302
109921581 430725357
109921550 430725345
109921568 430725338
109921553 430725307
109921606 430725328
109921604 430725305
109921594 430725345
109921618 430725301
109921604 430725307
109921558 430725354
109921617 430725301
109921614 430725342
109921620 430725374
109921581 430725306
109921593 430725311
109921556 430725308
109921615 430725352
109921580 430725359
109921554 430725304
109921601 430725370
109921542 430725373
109921596 430725309
109921589 430725309
109921587 430725304
109921611 430725331
109921615 430725350
109921591 430725332
109921551 430725372
109921542 430725336
109921589 430725319
109921586 430725303
109921605 430725318
109921592 430725374
109921562 430725325
109921544 430725332
109921567 430725315
109921602 430725333
109921620 430725376
109921580 430725333
109921616 430725378
109921586 430725347
109921582 430725311
109921561 430725314
109921607 430725316
109921607 430725366
109921597 430725351
109921592 430725350
109921552 430725376
109921560 430725382
109921548 430725360
109921617 430725363
109921597 430725350
109921594 430725379
109921591 430725373
109921589 430725363
109921609 430725339
109921617 430725354
109921583 430725308
109921557 430725348
109921593 430725305
109921571 430725367
109921613 430725314
109921600 430725381
109921549 430725369
109921601 430725379
109921552 430725349
109921582 430725318
109921584 430725313
109921549 430725381
109921566 430725310
109921582 430725307
109921602 430725322
109921614 430725313
109921579 430725357
109921599 430725379
109921546 430725363
109921546 430725348
109921559 430725359
109921591 430725351
109921601 430725362
109921600 430725302
109921541 430725338
109921577 430725352
109921559 430725379
109921586 430725381
109921602 430725320
109921618 430725315
109921594 430725351
109921563 430725358
109921582 430725356
109921590 430725356
109921576 430725349
109921563 430725364
109921551 430725379
109921603 430725306
109921611 430725312
109921559 430725305
109921613 430725381
109921610 430725303
109921578 430725329
109921619 430725335
109921560 430725337
109921585 430725332
109921546 430725336
109921581 430725327
109921552 430725327
109921567 430725360
109921612 430725379
109921603 430725320
109921580 430725315
109921540 430725305
109921566 430725369
109921611 430725315
109921597 430725345
109921593 430725363
109921602 430725347
109921585 430725312
109921607 430725382
109921543 430725358
109921573 430725360
109921618 430725321
109921543 430725327
109921549 430725304
109921578 430725350
109921600 430725332
109921543 430725307
109921606 430725382
109921569 430725308
109921608 430725337
109921580 430725310
109921616 430725344
109921615 430725321
109921600 430725315
109921577 430725354
109921593 430725337
109921549 430725360
109921554 430725377
109921611 430725372
109921606 430725364
109921589 430725327
109921574 430725328
109921541 430725356
109921570 430725308
109921546 430725347
109921555 430725358
109921566 430725363
109921611 430725375
109921556 430725381
109921551 430725322
109921578 430725367
109921579 430725379
109921585 430725358
109921589 430725378
109921543 430725305
109921610 430725381
109921598 430725301
109921597 430725362
109921588 430725303
109921611 430725376
109921588 430725320
109921548 430725371
109921542 430725308
109921545 430725375
109921601 430725375
109921604 430725302
109921548 430725324
109921605 430725352
109921545 430725317
109921562 430725355
109921547 430725377
109921600 430725327
109921603 430725355
109921602 430725380
109921547 430725372
109921609 430725345
109921594 430725329
109921602 430725323
109921577 430725301
109921569 430725331
109921568 430725370
109921582 430725316
109921558 430725349
109921549 430725330
109921605 430725307
109921614 430725369
109921571 430725362
109921552 430725371
109921581 430725367
109921542 430725371
109921615 430725370
109921566 430725301
109921611 430725321
109921554 430725306
109921545 430725315
109921541 430725332
109921571 430725355
109921550 430725349
109921557 430725312
109921559 430725335
109921587 430725331
109921604 430725327
109921619 430725310
109921590 430725317
109921540 430725308
109921604 430725308
109921560 430725379
109921588 430725327
109921608 430725340
109921617 430725305
109921547 430725306
109921597 430725319
109921613 430725301
109921547 430725360
109921579 430725309
109921569 430725304
109921575 430725322
109921619 430725319
109921554 430725318
109921545 430725331
109921583 430725380
109921567 430725353
109921608 430725327
109921567 430725335
109921545 430725358
109921542 430725330
109921566 430725375
109921601 430725324
109921578 430725378
109921616 430725328
109921616 430725337
109921575 430725366
109921583 430725307
109921577 430725327
109921560 430725329
109921570 430725344
109921602 430725341
109921547 430725343
109921561 430725316
109921560 430725376
109921603 430725377
109921614 430725380
109921584 430725330
109921578 430725315
109921617 430725306
109921580 430725335
109921545 430725330
109921621 430725302
109921539 430725319
109921542 430725350
109921600 430725378
109921555 430725306
109921616 430725304
109921595 430725359
109921615 430725364
109921544 430725350
109921573 430725325
109921583 430725326
109921607 430725363
109921614 430725352
109921579 430725370
109921568 430725367
109921574 430725309
109921546 430725356
109921594 430725358
109921544 430725328
109921597 430725310
109921620 430725319
109921563 430725351
109921574 430725327
109921582 430725315
109921589 430725321
109921576 430725312
109921604 430725318
109921573 430725312
109921592 430725379
109921603 430725376
109921581 430725313
109921609 430725337
109921610 430725340
109921558 430725306
109921554 430725339
109921607 430725303
109921570 430725360
109921584 430725355
109921570 430725350
109921597 430725311
109921589 430725349
109921584 430725370
109921548 430725363
109921586 430725373
109921617 430725346
109921590 430725341
109921550 430725309
109921603 430725381
109921562 430725352
109921548 430725339
109921548 430725308
109921599 430725364
109921605 430725340
109921562 430725368
109921578 430725343
109921550 430725359
109921558 430725302
109921615 430725376
109921574 430725374
109921557 430725343
109921591 430725355
109921601 430725335
109921596 430725345
109921570 430725348
109921546 430725374
109921594 430725355
109921581 430725336
109921542 430725328
109921562 430725300
109921548 430725356
109921600 430725341
109921568 430725343
109921555 430725337
109921589 430725301
109921565 430725378
109921612 430725302
109921618 430725353
109921568 430725318
109921598 430725315
109921540 430725373
109921617 430725355
109921592 430725371
109921573 430725380
109921586 430725301
109921601 430725334
109921606 430725376
109921587 430725376
109921593 430725369
109921616 430725343
109921582 430725322
109921618 430725317
109921621 430725321
109921546 430725340
109921594 430725371
109921608 430725373
109921553 430725331
109921572 430725367
109921564 430725366
109921547 430725307
109921582 430725325
109921551 430725351
109921612 430725301
109921600 430725316
109921569 430725368
109921555 430725334
109921617 430725370
109921573 430725363
109921620 430725313
109921550 430725381
109921545 430725327
109921573 430725319
109921555 430725361
109921589 430725325
109921617 430725321
109921566 430725338
109921566 430725307
109921580 430725376
109921553 430725311
109921607 430725375
109921570 430725306
109921574 430725311
109921599 430725334
109921578 430725316
109921580 430725364
109921580 430725370
109921566 430725331
109921554 430725333
109921604 430725353
109921570 430725328
109921548 430725325
109921551 430725343
109921560 430725305
109921610 430725304
109921539 430725336
109921564 430725361
109921556 430725300
109921608 430725316
109921567 430725317
109921587 430725362
109921599 430725362
109921599 430725349
109921540 430725329
109921552 430725304
109921606 430725346
109921584 430725376
109921559 430725302
109921572 430725315
109921563 430725356
109921567 430725372
109921611 430725368
109921572 430725309
109921580 430725345
109921600 430725370
109921588 430725359
109921596 430725374
109921586 430725310
109921584 430725380
109921572 430725312
109921554 430725320
109921588 430725366
109921582 430725346
109921580 430725328
109921545 430725342
109921561 430725340
109921607 430725330
109921557 430725357
109921542 430725333
109921546 430725301
109921566 430725316
109921594 430725326
109921549 430725354
109921592 430725351
109921587 430725322
109921573 430725310
109921587 430725320
109921554 430725367
109921573 430725355
109921579 430725359
109921586 430725300
109921578 430725330
109921567 430725340
109921551 430725317
109921614 430725359
109921613 430725349
109921561 430725372
109921583 430725336
109921572 430725333
109921563 430725309
109921569 430725379
109921595 430725335
109921603 430725319
109921602 430725337
109921570 430725359
109921560 430725308
109921573 430725326
109921555 430725346
109921591 430725375
109921579 430725343
109921586 430725331
109921592 430725328
109921620 430725324
109921573 430725369
109921568 430725342
109921576 430725326
109921620 430725341
109921560 430725374
109921546 430725323
109921556 430725317
109921579 430725355
109921576 430725334
109921577 430725361
109921598 430725339
109921593 430725310
109921584 430725361
109921588 430725361
109921598 430725337
109921585 430725324
109921552 430725303
109921556 430725305
109921551 430725350
109921573 430725370
109921577 430725309
109921599 430725371
109921586 430725336
109921557 430725317
109921541 430725309
109921562 430725335
109921597 430725367
109921554 430725303
109921549 430725324
109921551 430725341
109921579 430725311
109921540 430725307
109921588 430725371
109921588 430725311
109921583 430725342
109921568 430725353
109921593 430725374
109921565 430725310
109921547 430725329
109921614 430725343
109921579 430725360
109921571 430725364
109921598 430725350
109921559 430725306
109921564 430725306
109921611 430725381
109921621 430725347
109921566 430725352
109921547 430725304
109921620 430725354
109921588 430725335
109921577 430725377
109921593 430725325
109921579 430725380
109921571 430725344
109921579 430725313
109921549 430725336
109921613 430725347
109921602 430725307
109921616 430725361
109921551 430725349
109921549 430725303
109921595 430725354
109921548 430725375
109921554 430725349
109921587 430725333
109921614 430725301
109921554 430725359
109921613 430725366
109921567 430725347
109921596 430725339
109921595 430725348
109921592 430725323
109921613 430725330
109921577 430725347
109921541 430725365
109921590 430725325
109921544 430725325
109921611 430725309
109921573 430725308
109921558 430725377
109921562 430725320
109921582 430725362
109921603 430725352
109921588 430725365
109921542 430725355
109921570 430725333
109921539 430725339
109921543 430725364
109921615 430725343
109921590 430725302
109921550 430725337
109921602 430725332
109921585 430725377
109921542 430725314
109921603 430725312
109921562 430725356
109921576 430725310
109921591 430725362
109921571 430725356
109921583 430725303
109921566 430725312
109921583 430725344
109921580 430725325
109921543 430725320
109921549 430725329
109921549 430725366
109921593 430725303
109921560 430725317
109921573 430725348
109921598 430725333
109921557 430725351
109921569 430725334
109921621 430725329
109921600 430725324
109921546 430725313
109921542 430725337
109921588 430725341
109921560 430725323
109921604 430725347
109921581 430725348
109921562 430725364
109921559 430725366
109921619 430725356
109921580 430725324
109921618 430725368
109921558 430725352
109921602 430725314
109921618 430725366
109921557 430725323
109921593 430725321
109921556 430725341
109921547 430725371
109921602 430725379
109921600 430725334
109921600 430725349
109921597 430725346
109921547 430725357
109921568 430725328
109921588 430725300
109921597 430725371
109921608 430725310
109921576 430725369
109921542 430725315
109921621 430725374
109921601 430725349
109921608 430725324
109921571 430725343
109921620 430725381
109921609 430725372
109921611 430725311
109921565 430725351
109921606 430725308
109921614 430725304
109921611 430725304
109921553 430725322
109921564 430725359
109921562 430725373
109921605 430725351
109921541 430725340
109921603 430725341
109921565 430725324
109921556 430725382
109921591 430725326
109921555 430725307
109921568 430725313
109921573 430725368
109921583 430725330
109921550 430725318
109921568 430725368
109921590 430725315
109921588 430725315
109921571 430725340
109921619 430725347
109921575 430725360
109921547 430725378
109921588 430725322
109921596 430725315
109921585 430725336
109921554 430725373
109921569 430725328
109921549 430725307
109921567 430725341
109921554 430725350
109921601 430725313
109921562 430725345
109921553 430725314
109921555 430725365
109921595 430725323
109921587 430725373
109921593 430725331
109921598 430725347
109921564 430725328
109921569 430725309
109921585 430725354
109921590 430725333
109921574 430725367
109921608 430725350
109921564 430725308
109921543 430725316
109921597 430725381
109921618 430725300
109921544 430725303
109921570 430725304
109921570 430725345
109921542 430725316
109921574 430725330
109921602 430725312
109921554 430725302
109921540 430725306
109921598 430725382
109921563 430725308
109921607 430725339
109921568 430725339
109921610 430725351
109921586 430725332
109921616 430725335
109921551 430725357
109921542 430725363
109921595 430725345
109921565 430725368
109921608 430725366
109921570 430725301
109921612 430725330
109921582 430725369
109921569 430725315
109921581 430725310
109921612 430725303
109921570 430725324
109921618 430725323
109921545 430725312
109921615 430725342
109921559 430725340
109921554 430725346
109921613 430725336
109921608 430725322
109921583 430725349
109921617 430725338
109921575 430725352
109921545 430725372
109921613 430725309
109921621 430725348
109921571 430725310
109921601 430725366
109921562 430725340
109921565 430725377
109921554 430725340
109921573 430725367
109921615 430725313
109921612 430725365
109921605 430725372
109921572 430725371
109921570 430725343
109921615 430725332
109921561 430725346
109921539 430725346
109921582 430725374
109921592 430725322
109921578 430725380
109921570 430725349
109921563 430725300
109921596 430725301
109921567 430725381
109921541 430725378
109921559 430725338
109921550 430725320
109921567 430725327
109921573 430725378
109921586 430725374
109921560 430725351
109921611 430725363
109921539 430725311
109921604 430725362
109921606 430725345
109921567 430725342
109921551 430725315
109921618 430725307
109921564 430725324
109921586 430725326
109921542 430725310
109921540 430725322
109921603 430725349
109921558 430725381
109921569 430725321
109921563 430725336
109921565 430725333
109921605 430725358
109921567 430725316
109921597 430725300
109921545 430725328
109921608 430725354
109921544 430725336
109921543 430725341
109921604 430725325
109921592 430725321
109921570 430725370
109921610 430725313
109921539 430725315
109921576 430725368
109921585 430725335
109921608 430725301
109921598 430725319
109921618 430725343
109921543 430725382
109921614 430725356
109921615 430725341
109921608 430725355
109921575 430725337
109921598 430725309
109921587 430725343
109921577 430725353
109921561 430725360
109921561 430725364
109921539 430725364
109921554 430725379
109921567 430725366
109921540 430725314
109921539 430725347
109921612 430725342
109921590 430725310
109921608 430725365
109921564 430725327
109921541 430725372
109921560 430725333
109921553 430725350
109921575 430725312
109921605 430725322
109921568 430725302
109921551 430725381
109921620 430725377
109921591 430725331
109921591 430725300
109921603 430725334
109921606 430725342
109921577 430725318
109921554 430725364
109921566 430725371
109921587 430725321
109921551 430725376
109921561 430725323
109921569 430725336
109921607 430725374
109921553 430725378
109921570 430725322
109921575 430725329
109921615 430725339
109921616 430725354
109921584 430725303
109921585 430725328
109921570 430725375
109921561 430725320
109921562 430725342
109921609 430725378
109921560 430725328
109921557 430725363
109921608 430725371
109921619 430725358
109921617 430725345
109921596 430725329
109921565 430725369
109921589 430725375
109921547 430725308
109921606 430725321
109921541 430725335
109921545 430725310
109921583 430725365
109921592 430725348
109921597 430725337
109921580 430725368
109921591 430725308
109921581 430725331
109921563 430725381
109921548 430725369
109921598 430725300
109921587 430725328
109921621 430725323
109921615 430725360
109921552 430725314
109921607 430725307
109921572 430725375
109921563 430725325
109921611 430725380
109921575 430725302
645874297 856330926
53511269 934878700
965720662 501409137
829914467 363782359
162877681 582150191
477101311 878492597
652929310 247036764
678641943 611085562
721110823 968870032
663972033 381905348
679079436 6402505
915153113 839852802
797187368 32054487
858783252 875572730
857605478 778459073
508409706 442099458
236061884 314631647
78290145 375271591
316002612 967901821
980086783 560019264
749469926 939250072
923023480 704120540
487638835 183667118
451710766 920027473
40750156 647465143
611116399 322038333
639229690 220659370
121485884 707618077
550952433 489963021
392901139 564455662
181244370 958533986
565489839 546980809
538864436 292619458
108237739 595570017
505401405 744480761
369079790 59177067
109234572 756747932
872380249 339009095
971880480 567178110
746163337 134277694
709707337 490045166
326940164 58084265
895467561 940484414
876824897 785823856
966727656 295470458
660447458 192585236
573313064 621777089
995422638 722950387
896188710 380358524
69320036 357083750
834063673 237402841
523222047 942671664
118346584 819650580
93861517 504452829
234312016 338934161
512337749 555437282
234985257 83435381
878961502 963263053
975379752 948419981
241026565 888754470
628040627 272652688
337984882 475452174
115906581 817000522
984458716 611974790
145877197 84401520
413295180 754750270
845013343 110240650
870176844 31465883
238259699 51206895
854184862 167334075
16822556 673971232
418677089 811293481
510309838 491921102
235147847 536155373
593397711 298796452
201944740 478160753
98467679 216927948
937646091 818879138
731139805 437258823
497473513 504215740
682645274 508227858
195151778 183958349
205081909 916998040
518874756 840007653
122895824 502463701
549510631 303990010
525978494 68939991
345908562 701715938
169769843 425955527
305211539 675348077
722394423 807887831
830272066 690507126
162449500 486570281
406430744 348896706
491476219 678943045
787970392 958604955
353270553 598712463
77681720 584432021
66608435 17588726
367628645 301945161
45077789 841081203
665705854 93605687
441369368 674168968
521558235 600449406
405717174 236074363
340416912 343150415
852790194 404718803
885633090 214499823
146866614 892813508
224150079 537057925
660651479 620981172
847976713 268614404
697851454 637774561
609876692 538453934
985454470 142909264
941239767 38776204
506441185 708992838
389998296 508119453
956941664 538454545
3327673 248216927
83068065 10115917
584545803 247237935
905340620 141041798
269215755 20521721
86916239 264510568
842492658 235384919
954511427 537124682
612239109 430033256
279398126 182365482
87082016 165659212
187163895 360823401
196738089 297348519
941441320 26808457
362242526 187160695
153782943 752950534
273277724 256765075
766393040 495687086
206097042 580306316
932931922 199864186
838697134 188409437
859677798 217236575
643611600 540966552
686998866 46578595
742044104 102184228
623542917 125152032
813403299 890802839
272153468 329288030
266553150 38759298
453494105 915407507
496819797 428660759
218278588 526130663
83883820 518950338
124101389 537818851
101535042 207979916
903448397 660491439
831038258 970925229
122727067 137888054
191734715 526280856
887710562 208326150
525639463 485527139
225289752 988844114
687511029 738598380
402023970 553050172
388419971 198983015
414206577 733505022
374417966 411044601
316572149 307442859
793162802 207115603
394314887 769241068
963863039 176995408
743290317 567012135
286693026 787052206
76788079 530876678
125665129 359421771
887931264 307302966
891518991 312206589
490427592 61889193
628628143 379040866
570142709 864613359
321297072 913648294
627813375 346050712
712191549 179560272
72751561 716864010
756541913 847656291
626700112 689071412
337817087 112931792
242348661 949022323
774186170 822415084
634467633 39450065
132473884 215943089
614193888 417317807
504747754 676394062
165695087 813274163
741290700 476182013
998536426 199552475
9879303 480903608
893221846 503300004
873534843 596118343
633074464 984102380
312738550 77583339
938126226 444372525
31808642 185594219
548913175 800094770
809000707 268599332
491981776 78993654
914670416 142315411
612673627 202478996
253544934 325537039
746889671 41650739
461645228 472347428
243894401 886557554
823517721 452958987
556697600 725307578
38703732 497147250
122633231 760820332
875707433 819224744
637003967 64688618
812382979 196897990
357006289 692185929
793140590 450238961
118836781 296741253
538426932 606643765
317745603 710996300
366537513 61806126
719908633 908658103
29699182 681927095
154918385 24435645
779172260 793836648
968200832 581840437
2422083 789279506
635179259 80743048
82048673 316463613
222545460 280033188
138169188 285389688
931475522 172550613
961919007 22469791
175741428 912376565
139964740 30686837
651293274 652775895
388674156 244046819
973325575 632895905
151490852 831938125
876112304 476960919
42557757 731469467
194807326 698439365
103020829 508755808
680612360 46212230
345234177 620530424
45915674 713681955
481348908 611340728
950022519 361972751
961508179 23734872
885343349 814361963
93651934 994045149
711757470 712833066
738093233 991782046
820259316 934194825
43514882 123838026
909416272 383969532
243809534 384458959
173548266 888137759
596872925 105578447
702140037 899416924
727616020 104226872
682854186 360944230
718843545 434861161
285783289 590278485
203384133 227273347
41472380 276778669
302964656 781653425
532544749 519941392
17895348 407994975
721668173 881993077
991843571 136098771
197709570 682943167
561228638 464777458
660069847 899753670
595003680 561367335
161669207 728803471
944405998 768922645
301384538 891629005
161536892 861505421
900148270 235293962
598802153 924025586
246239864 510700116
431429031 887469968
379075408 429615322
141246697 285462081
354733651 992395316
421588093 842397785
760413289 740214905
381078596 925258270
168466247 900038898
786289958 595848844
171343207 168480677
107284041 427412466
443067046 700683778
417205302 836820616
649944752 392639055
19129299 627981624
