2000
950814271 43708054
950814346 43708040
950814295 43708094
950814298 43708037
950814286 43708035
950814273 43708068
950814304 43708084
950814276 43708070
950814335 43708032
950814320 43708044
950814286 43708079
950814336 43708069
950814300 43708092
950814337 43708062
950814271 43708086
950814271 43708087
950814340 43708047
950814300 43708024
950814308 43708079
950814305 43708029
950814277 43708073
950814339 43708091
950814271 43708018
950814275 43708079
950814301 43708067
950814281 43708086
950814275 43708061
950814307 43708033
950814329 43708012
950814265 43708036
950814296 43708087
950814332 43708057
950814282 43708019
950814338 43708088
950814346 43708026
950814315 43708080
950814267 43708066
950814304 43708072
950814311 43708053
950814342 43708093
950814285 43708036
950814289 43708078
950814324 43708029
950814338 43708047
950814298 43708036
950814331 43708015
950814332 43708075
950814336 43708053
950814301 43708086
950814322 43708067
950814343 43708083
950814264 43708072
950814313 43708085
950814346 43708052
950814306 43708047
950814332 43708058
950814318 43708048
950814324 43708060
950814327 43708061
950814341 43708035
950814278 43708037
950814307 43708048
950814344 43708014
950814283 43708051
950814294 43708060
950814333 43708033
950814283 43708094
950814326 43708083
950814278 43708029
950814289 43708064
950814271 43708048
950814318 43708072
950814275 43708066
950814271 43708090
950814335 43708012
950814323 43708030
950814293 43708063
950814272 43708054
950814318 43708089
950814308 43708036
950814327 43708069
950814266 43708055
950814316 43708076
950814311 43708058
950814337 43708031
950814293 43708072
950814337 43708092
950814290 43708040
950814339 43708015
950814345 43708068
950814316 43708037
950814333 43708027
950814274 43708020
950814311 43708029
950814274 43708078
950814279 43708072
950814315 43708072
950814292 43708091
950814333 43708047
950814313 43708088
950814330 43708042
950814313 43708054
950814287 43708077
950814338 43708093
950814337 43708073
950814265 43708054
950814273 43708078
950814328 43708056
950814331 43708080
950814344 43708038
950814331 43708030
950814342 43708015
950814343 43708037
950814311 43708079
950814342 43708028
950814271 43708016
950814294 43708013
950814286 43708025
950814334 43708056
950814270 43708017
950814322 43708040
950814336 43708023
950814296 43708057
950814274 43708073
950814308 43708094
950814280 43708026
950814313 43708042
950814293 43708049
950814270 43708090
950814338 43708038
950814335 43708027
950814324 43708040
950814287 43708016
950814320 43708048
950814334 43708071
950814331 43708060
950814322 43708027
950814273 43708015
950814287 43708012
950814311 43708074
950814291 43708012
950814311 43708017
950814292 43708039
950814288 43708092
950814288 43708073
950814318 43708051
950814311 43708086
950814313 43708089
950814345 43708029
950814320 43708059
950814312 43708069
950814293 43708089
950814291 43708089
950814299 43708037
950814311 43708061
950814313 43708073
950814272 43708012
950814329 43708016
950814282 43708059
950814300 43708043
950814291 43708032
950814272 43708016
950814330 43708028
950814294 43708041
950814321 43708013
950814268 43708037
950814294 43708067
950814315 43708018
950814333 43708067
950814299 43708017
950814311 43708046
950814265 43708081
950814335 43708013
950814279 43708077
950814291 43708091
950814312 43708080
950814336 43708031
950814331 43708025
950814340 43708045
950814287 43708086
950814305 43708058
950814317 43708028
950814328 43708021
950814336 43708071
950814328 43708022
950814296 43708049
950814317 43708016
950814316 43708072
950814274 43708040
950814296 43708058
950814315 43708037
950814314 43708060
950814268 43708067
950814337 43708014
950814322 43708063
950814341 43708057
950814296 43708021
950814267 43708069
950814308 43708017
950814267 43708088
950814305 43708025
950814331 43708051
950814276 43708051
950814293 43708047
950814265 43708021
950814298 43708045
950814278 43708025
950814284 43708048
950814319 43708033
950814311 43708083
950814302 43708060
950814265 43708084
950814265 43708055
950814274 43708039
950814291 43708056
950814339 43708026
950814316 43708084
950814325 43708045
950814286 43708028
950814324 43708068
950814318 43708094
950814343 43708091
950814297 43708017
950814337 43708063
950814305 43708062
950814334 43708073
950814306 43708069
950814299 43708094
950814295 43708065
950814333 43708092
950814331 43708024
950814268 43708038
950814285 43708046
950814305 43708064
950814309 43708091
950814299 43708077
950814304 43708079
950814277 43708019
950814273 43708086
950814277 43708028
950814284 43708069
950814279 43708055
950814284 43708055
950814309 43708029
950814297 43708042
950814301 43708016
950814306 43708044
950814269 43708023
950814276 43708032
950814280 43708039
950814329 43708021
950814281 43708084
950814328 43708045
950814275 43708088
950814303 43708059
950814341 43708091
950814292 43708085
950814313 43708051
950814276 43708049
950814291 43708084
950814264 43708040
950814295 43708042
950814318 43708069
950814326 43708025
950814279 43708044
950814309 43708087
950814269 43708064
950814270 43708044
950814318 43708031
950814267 43708084
950814281 43708057
950814341 43708015
950814336 43708091
950814345 43708047
950814311 43708082
950814324 43708046
950814311 43708045
950814336 43708024
950814340 43708093
950814299 43708080
950814294 43708091
950814290 43708039
950814301 43708036
950814297 43708036
950814282 43708080
950814301 43708024
950814313 43708037
950814295 43708066
950814318 43708039
950814300 43708087
950814322 43708058
950814324 43708078
950814337 43708061
950814264 43708041
950814312 43708078
950814322 43708066
950814297 43708080
950814265 43708076
950814332 43708093
950814309 43708036
950814292 43708066
950814280 43708082
950814342 43708042
950814298 43708033
950814336 43708029
950814346 43708094
950814278 43708047
950814274 43708092
950814293 43708081
950814316 43708031
950814287 43708014
950814274 43708013
950814272 43708035
950814329 43708086
950814299 43708039
950814264 43708051
950814320 43708080
950814306 43708062
950814308 43708045
950814340 43708042
950814335 43708067
950814316 43708045
950814306 43708079
950814288 43708062
950814311 43708063
950814340 43708027
950814335 43708018
950814326 43708020
950814342 43708094
950814271 43708070
950814270 43708056
950814274 43708090
950814330 43708054
950814308 43708054
950814288 43708090
950814333 43708094
950814315 43708087
950814294 43708063
950814304 43708042
950814305 43708092
950814274 43708023
950814324 43708043
950814344 43708066
950814346 43708019
950814309 43708092
950814306 43708086
950814329 43708031
950814270 43708067
950814268 43708022
950814335 43708047
950814274 43708049
950814289 43708092
950814278 43708026
950814280 43708069
950814343 43708089
950814316 43708028
950814341 43708024
950814313 43708069
950814273 43708090
950814280 43708025
950814269 43708027
950814323 43708091
950814264 43708064
950814302 43708074
950814318 43708073
950814284 43708087
950814272 43708064
950814302 43708070
950814332 43708059
950814289 43708094
950814318 43708082
950814326 43708055
950814312 43708076
950814296 43708076
950814329 43708043
950814299 43708066
950814272 43708089
950814340 43708053
950814280 43708013
950814305 43708059
950814286 43708012
950814290 43708082
950814265 43708049
950814285 43708043
950814277 43708066
950814321 43708033
950814342 43708085
950814305 43708041
950814269 43708013
950814269 43708053
950814274 43708035
950814328 43708071
950814318 43708030
950814309 43708040
950814313 43708075
950814302 43708082
950814275 43708073
950814346 43708077
950814296 43708086
950814346 43708060
950814273 43708043
950814264 43708047
950814343 43708026
950814294 43708066
950814338 43708039
950814332 43708078
950814324 43708058
950814283 43708059
950814300 43708075
950814297 43708079
950814309 43708012
950814295 43708059
950814266 43708086
950814308 43708086
950814328 43708078
950814324 43708077
950814287 43708033
950814291 43708094
950814325 43708029
950814294 43708058
950814268 43708085
950814275 43708081
950814345 43708050
950814336 43708041
950814345 43708074
950814305 43708060
950814324 43708062
950814326 43708067
950814305 43708069
950814334 43708058
950814343 43708049
950814345 43708058
950814324 43708067
950814325 43708071
950814321 43708059
950814323 43708013
950814302 43708042
950814325 43708074
950814305 43708035
950814303 43708070
950814340 43708084
950814297 43708081
950814297 43708052
950814337 43708054
950814336 43708043
950814272 43708038
950814312 43708044
950814278 43708086
950814318 43708078
950814312 43708013
950814292 43708059
950814315 43708063
950814344 43708069
950814283 43708036
950814266 43708068
950814305 43708026
950814341 43708027
950814328 43708089
950814275 43708022
950814293 43708066
950814329 43708083
950814331 43708091
950814333 43708081
950814271 43708088
950814296 43708024
950814330 43708046
950814283 43708041
950814342 43708035
950814289 43708070
950814288 43708045
950814285 43708090
950814264 43708013
950814310 43708036
950814279 43708013
950814277 43708015
950814308 43708077
950814268 43708062
950814316 43708013
950814322 43708048
950814273 43708064
950814280 43708041
950814341 43708028
950814292 43708068
950814289 43708021
950814323 43708042
950814314 43708053
950814327 43708086
950814279 43708022
950814276 43708037
950814309 43708048
950814307 43708073
950814285 43708015
950814287 43708080
950814296 43708081
950814290 43708063
950814275 43708015
950814289 43708042
950814292 43708082
950814297 43708034
950814311 43708020
950814291 43708036
950814340 43708068
950814298 43708091
950814342 43708063
950814272 43708032
950814313 43708045
950814308 43708014
950814317 43708024
950814329 43708013
950814313 43708019
950814323 43708060
950814275 43708094
950814313 43708055
950814320 43708035
950814341 43708066
950814281 43708044
950814338 43708035
950814301 43708092
950814330 43708039
950814278 43708056
950814296 43708031
950814269 43708042
950814270 43708063
950814266 43708074
950814300 43708086
950814338 43708073
950814288 43708064
950814341 43708042
950814327 43708037
950814330 43708077
950814317 43708050
950814334 43708092
950814274 43708012
950814318 43708085
950814340 43708041
950814272 43708085
950814346 43708038
950814277 43708051
950814274 43708022
950814344 43708067
950814339 43708012
950814330 43708082
950814332 43708073
950814337 43708026
950814286 43708059
950814282 43708076
950814289 43708088
950814342 43708066
950814300 43708032
950814294 43708018
950814273 43708093
950814288 43708042
950814285 43708023
950814320 43708037
950814341 43708081
950814314 43708022
950814296 43708071
950814333 43708051
950814279 43708086
950814292 43708076
950814328 43708065
950814335 43708045
950814276 43708039
950814290 43708084
950814277 43708065
950814345 43708034
950814310 43708063
950814323 43708040
950814268 43708061
950814332 43708089
950814298 43708085
950814285 43708059
950814320 43708042
950814327 43708067
950814331 43708081
950814269 43708080
950814331 43708037
950814340 43708022
950814320 43708025
950814317 43708056
950814306 43708012
950814285 43708045
950814298 43708065
950814302 43708085
950814286 43708086
950814341 43708033
950814346 43708068
950814346 43708050
950814317 43708053
950814287 43708038
950814311 43708044
950814268 43708034
950814342 43708026
950814318 43708017
950814315 43708075
950814273 43708074
950814341 43708050
950814298 43708088
950814292 43708027
950814343 43708093
950814301 43708039
950814318 43708052
950814323 43708062
950814281 43708029
950814280 43708014
950814300 43708022
950814270 43708045
950814334 43708022
950814338 43708063
950814285 43708029
950814264 43708089
950814329 43708085
950814287 43708061
950814291 43708082
950814332 43708033
950814290 43708078
950814317 43708045
950814280 43708088
950814339 43708086
950814339 43708054
950814279 43708088
950814310 43708017
950814293 43708045
950814264 43708023
950814337 43708028
950814330 43708020
950814266 43708025
950814272 43708014
950814301 43708053
950814316 43708027
950814292 43708032
950814322 43708083
950814317 43708085
950814306 43708022
950814314 43708023
950814264 43708092
950814303 43708077
950814322 43708079
950814295 43708048
950814303 43708015
950814285 43708064
950814338 43708061
950814287 43708015
950814275 43708059
950814295 43708037
950814312 43708017
950814301 43708049
950814334 43708017
950814288 43708030
950814306 43708041
950814299 43708071
950814306 43708070
950814301 43708031
950814269 43708089
950814304 43708055
950814292 43708013
950814277 43708032
950814280 43708057
950814311 43708016
950814332 43708069
950814310 43708056
950814303 43708072
950814305 43708021
950814271 43708035
950814280 43708085
950814339 43708057
950814342 43708060
950814285 43708074
950814282 43708027
950814340 43708040
950814287 43708036
950814310 43708091
950814291 43708049
950814303 43708082
950814333 43708032
950814309 43708079
950814344 43708079
950814276 43708072
950814300 43708028
950814313 43708065
950814334 43708066
950814283 43708028
950814276 43708092
950814332 43708022
950814277 43708060
950814290 43708071
950814326 43708012
950814302 43708090
950814310 43708080
950814266 43708027
950814286 43708044
950814337 43708022
950814305 43708078
950814336 43708012
950814288 43708038
950814321 43708078
950814336 43708081
950814328 43708039
950814312 43708019
950814319 43708072
950814308 43708071
950814312 43708071
950814340 43708090
950814285 43708061
950814277 43708085
950814346 43708016
950814280 43708021
950814279 43708020
950814325 43708072
950814312 43708025
950814324 43708087
950814270 43708084
950814310 43708032
950814317 43708068
950814323 43708048
950814296 43708014
950814272 43708034
950814329 43708035
950814269 43708030
950814292 43708054
950814275 43708067
950814309 43708083
950814275 43708019
950814303 43708087
950814264 43708059
950814334 43708020
950814318 43708077
950814310 43708046
950814346 43708057
950814300 43708026
950814324 43708050
950814278 43708040
950814323 43708025
950814333 43708059
950814270 43708028
950814313 43708064
950814298 43708050
950814308 43708069
950814267 43708070
950814294 43708015
950814336 43708073
950814319 43708023
950814283 43708014
950814295 43708064
950814318 43708091
950814268 43708060
950814319 43708022
950814328 43708088
950814271 43708014
950814319 43708078
950814276 43708086
950814288 43708017
950814277 43708021
950814298 43708093
950814318 43708079
950814305 43708068
950814327 43708014
950814340 43708062
950814318 43708080
950814302 43708050
950814314 43708075
950814334 43708051
950814345 43708040
950814322 43708087
950814288 43708077
950814323 43708057
950814316 43708018
950814338 43708025
950814320 43708082
950814305 43708023
950814291 43708023
950814300 43708056
950814275 43708054
950814327 43708081
950814308 43708084
950814269 43708036
950814322 43708036
950814271 43708091
950814272 43708094
950814284 43708032
950814335 43708078
950814326 43708018
950814323 43708094
950814315 43708076
950814319 43708029
950814277 43708029
950814311 43708036
950814346 43708079
950814321 43708048
950814280 43708044
950814307 43708091
950814283 43708040
950814335 43708014
950814304 43708019
950814305 43708082
950814346 43708023
950814323 43708056
950814307 43708087
950814300 43708020
950814307 43708018
950814293 43708067
950814337 43708018
950814275 43708090
950814298 43708084
950814264 43708085
950814325 43708040
950814287 43708017
950814287 43708072
950814307 43708076
950814280 43708048
950814271 43708052
950814335 43708065
950814331 43708022
950814339 43708033
950814309 43708085
950814268 43708057
950814337 43708027
950814300 43708034
950814323 43708020
950814327 43708085
950814345 43708054
950814339 43708087
950814325 43708056
950814296 43708036
950814264 43708083
950814346 43708013
950814296 43708069
950814336 43708042
950814315 43708052
950814336 43708018
950814289 43708047
950814278 43708072
950814279 43708054
950814340 43708036
950814335 43708039
950814285 43708024
950814328 43708019
950814286 43708082
950814276 43708014
950814272 43708030
950814345 43708084
950814306 43708055
950814291 43708071
950814322 43708081
950814270 43708079
950814344 43708057
950814308 43708085
950814272 43708037
950814270 43708066
950814299 43708081
950814321 43708046
950814277 43708020
950814324 43708044
950814308 43708032
950814307 43708032
950814313 43708067
950814322 43708035
950814326 43708077
950814310 43708038
950814290 43708031
950814264 43708012
950814308 43708024
950814313 43708021
950814318 43708018
950814302 43708029
950814319 43708058
950814310 43708013
950814315 43708016
950814332 43708054
950814264 43708093
950814323 43708085
950814281 43708013
950814270 43708041
950814316 43708088
950814296 43708066
950814306 43708075
950814321 43708067
950814283 43708058
950814302 43708087
950814283 43708081
950814305 43708038
950814293 43708094
950814285 43708088
950814281 43708065
950814328 43708017
950814283 43708037
950814274 43708033
950814297 43708037
950814270 43708037
950814344 43708092
950814279 43708028
950814339 43708030
950814331 43708074
950814267 43708077
950814317 43708042
950814290 43708041
950814276 43708047
950814271 43708029
950814280 43708033
950814342 43708019
950814311 43708077
950814290 43708058
950814330 43708044
950814306 43708035
950814287 43708087
950814286 43708039
950814346 43708058
950814331 43708062
950814320 43708086
950814335 43708061
950814283 43708046
950814271 43708066
950814316 43708035
950814328 43708084
950814303 43708055
950814270 43708025
950814279 43708068
950814344 43708089
950814341 43708045
950814344 43708082
950814324 43708064
950814334 43708034
950814291 43708046
950814342 43708016
950814328 43708057
950814330 43708055
950814300 43708031
950814341 43708072
950814301 43708079
950814297 43708038
950814274 43708077
950814269 43708078
950814277 43708026
950814328 43708020
950814300 43708091
950814332 43708074
950814333 43708072
950814314 43708034
950814270 43708086
950814267 43708033
950814287 43708091
950814309 43708045
950814267 43708064
950814338 43708068
950814268 43708035
950814298 43708073
950814282 43708021
950814281 43708092
950814328 43708082
950814271 43708093
950814285 43708044
950814308 43708041
950814326 43708051
950814323 43708079
950814291 43708087
950814292 43708043
950814282 43708081
950814303 43708043
950814288 43708052
950814309 43708057
950814306 43708050
950814312 43708022
950814329 43708037
950814271 43708040
950814290 43708087
950814299 43708091
950814283 43708067
950814289 43708036
950814316 43708050
950814272 43708050
950814280 43708027
950814312 43708067
950814332 43708053
950814282 43708069
950814299 43708049
950814291 43708037
950814283 43708053
950814314 43708092
950814267 43708012
950814327 43708087
950814340 43708087
950814269 43708039
950814283 43708062
950814325 43708018
950814320 43708052
950814324 43708051
950814313 43708079
950814316 43708086
950814295 43708026
950814277 43708089
950814342 43708034
950814305 43708046
950814279 43708063
950814323 43708032
950814270 43708069
950814294 43708017
950814267 43708054
950814319 43708067
950814317 43708093
950814328 43708063
950814286 43708074
950814266 43708031
950814297 43708023
950814305 43708018
950814277 43708077
950814306 43708084
950814320 43708036
950814337 43708048
950814289 43708020
950814269 43708044
950814267 43708044
950814274 43708027
950814332 43708047
950814317 43708037
950814289 43708073
950814268 43708087
950814304 43708035
950814281 43708032
950814292 43708017
950814333 43708050
950814291 43708078
950814292 43708077
950814322 43708021
950814280 43708038
950814339 43708063
950814313 43708015
950814337 43708065
950814297 43708073
950814312 43708021
950814334 43708075
950814323 43708064
950814291 43708053
950814316 43708015
950814275 43708028
950814332 43708083
950814328 43708046
950814291 43708067
950814272 43708063
950814299 43708070
950814295 43708044
950814332 43708013
950814342 43708039
950814340 43708081
950814322 43708014
950814296 43708082
950814335 43708062
950814310 43708016
950814284 43708023
950814290 43708077
950814284 43708035
950814332 43708048
950814266 43708053
950814299 43708060
950814265 43708073
950814306 43708071
950814330 43708031
950814294 43708042
950814311 43708065
950814281 43708068
950814276 43708071
950814307 43708058
950814277 43708048
950814338 43708058
950814277 43708014
950814321 43708045
950814327 43708049
950814306 43708029
950814346 43708029
950814310 43708062
950814271 43708038
950814300 43708051
950814327 43708048
950814292 43708023
950814286 43708081
950814315 43708017
950814264 43708094
950814328 43708052
950814336 43708049
950814307 43708057
950814292 43708071
950814331 43708092
950814278 43708024
950814313 43708036
950814275 43708043
950814270 43708022
950814310 43708064
950814281 43708036
950814282 43708036
950814311 43708052
950814271 43708092
950814302 43708018
950814295 43708062
950814294 43708051
950814330 43708061
950814281 43708023
950814292 43708093
950814327 43708084
950814322 43708043
950814341 43708085
950814306 43708073
950814326 43708037
950814328 43708047
950814267 43708048
950814287 43708054
950814284 43708020
950814280 43708051
950814270 43708036
950814345 43708057
950814314 43708030
950814342 43708050
950814314 43708016
950814296 43708074
950814315 43708092
950814316 43708022
950814287 43708076
950814318 43708053
950814275 43708056
950814291 43708054
950814309 43708020
950814294 43708085
950814312 43708089
950814278 43708065
950814290 43708037
950814343 43708090
950814326 43708080
950814322 43708046
950814325 43708062
950814302 43708061
950814332 43708063
950814285 43708032
950814306 43708085
950814289 43708033
950814323 43708082
950814317 43708054
950814302 43708081
950814303 43708091
950814340 43708048
950814299 43708067
950814306 43708090
950814292 43708087
950814304 43708021
950814330 43708057
950814300 43708072
950814273 43708094
950814328 43708083
950814268 43708075
950814299 43708033
950814319 43708052
950814301 43708071
950814266 43708024
950814346 43708065
950814318 43708057
950814289 43708034
950814335 43708080
950814282 43708056
950814271 43708043
950814298 43708028
950814313 43708024
950814320 43708043
950814340 43708028
950814273 43708017
950814322 43708075
950814341 43708070
950814306 43708087
950814344 43708042
950814328 43708087
950814327 43708073
950814309 43708080
950814322 43708065
950814341 43708014
950814292 43708052
950814293 43708059
950814274 43708067
950814343 43708021
950814314 43708038
950814268 43708066
950814265 43708024
950814283 43708042
950814338 43708092
950814332 43708077
950814329 43708081
950814310 43708021
950814312 43708090
950814319 43708027
950814304 43708034
950814322 43708069
950814340 43708074
950814286 43708037
950814318 43708022
950814281 43708075
950814341 43708043
950814321 43708092
950814336 43708038
950814327 43708027
950814336 43708022
950814268 43708031
950814291 43708031
950814315 43708079
950814307 43708078
950814281 43708070
950814324 43708059
950814275 43708083
950814274 43708014
950814304 43708078
950814302 43708038
950814323 43708043
950814318 43708042
950814270 43708047
950814345 43708028
950814295 43708012
950814328 43708026
950814308 43708046
950814291 43708038
950814264 43708078
950814307 43708052
950814318 43708064
950814312 43708040
950814331 43708085
950814308 43708033
950814280 43708074
950814271 43708045
950814277 43708027
950814271 43708037
950814327 43708046
950814281 43708024
950814346 43708063
950814283 43708039
950814293 43708014
950814270 43708051
950814276 43708036
950814315 43708071
950814313 43708081
950814314 43708017
950814267 43708032
950814290 43708030
950814303 43708073
950814334 43708029
950814336 43708093
950814285 43708030
950814313 43708017
950814297 43708018
950814325 43708030
950814327 43708057
950814291 43708051
950814327 43708044
950814335 43708048
950814288 43708043
950814277 43708072
950814293 43708020
950814307 43708050
950814274 43708038
950814318 43708049
950814275 43708087
950814276 43708080
950814318 43708061
950814346 43708078
950814297 43708069
950814325 43708054
950814317 43708020
950814328 43708018
950814316 43708075
950814307 43708042
950814320 43708067
950814332 43708076
950814341 43708083
950814316 43708044
950814312 43708032
950814298 43708034
950814343 43708092
950814288 43708091
950814311 43708075
950814326 43708022
950814331 43708083
950814299 43708050
950814345 43708041
950814300 43708080
950814346 43708086
950814318 43708024
950814326 43708065
950814300 43708021
950814264 43708073
950814289 43708072
950814293 43708038
950814284 43708019
950814312 43708055
950814267 43708057
950814276 43708013
950814319 43708037
950814312 43708056
950814331 43708017
950814316 43708094
950814337 43708079
950814321 43708060
950814284 43708012
950814270 43708018
950814287 43708081
950814266 43708075
950814332 43708064
950814314 43708094
950814341 43708056
950814278 43708018
950814310 43708043
950814280 43708017
950814285 43708027
950814294 43708054
950814301 43708061
950814340 43708064
950814269 43708093
950814274 43708076
950814288 43708040
950814311 43708062
950814342 43708051
950814274 43708074
950814269 43708063
950814346 43708059
950814327 43708041
950814333 43708014
950814313 43708086
950814302 43708069
950814294 43708078
950814336 43708072
950814284 43708061
950814303 43708089
950814309 43708073
950814345 43708016
950814314 43708037
950814281 43708091
950814269 43708082
950814306 43708052
950814324 43708069
950814266 43708070
950814306 43708068
950814268 43708073
950814308 43708067
950814273 43708046
950814324 43708030
950814344 43708080
950814290 43708089
950814281 43708019
950814314 43708069
950814282 43708028
950814312 43708058
950814303 43708093
950814317 43708023
950814281 43708093
950814322 43708068
950814268 43708055
950814282 43708041
950814288 43708063
950814294 43708068
950814273 43708075
950814297 43708050
950814326 43708078
950814334 43708014
950814304 43708090
950814264 43708024
950814284 43708025
950814307 43708059
950814337 43708067
950814277 43708091
950814273 43708035
950814281 43708012
950814333 43708044
950814346 43708061
950814272 43708057
950814342 43708087
950814318 43708038
950814321 43708039
950814286 43708089
950814321 43708080
950814325 43708076
950814288 43708086
950814334 43708013
950814275 43708023
950814265 43708094
950814283 43708065
950814275 43708084
950814311 43708022
950814333 43708071
950814309 43708030
950814287 43708050
950814300 43708061
950814283 43708073
950814265 43708088
950814274 43708055
950814284 43708083
950814317 43708027
950814322 43708023
950814345 43708088
950814295 43708056
950814341 43708055
950814295 43708030
950814343 43708012
950814345 43708082
950814270 43708049
950814343 43708072
950814325 43708067
950814295 43708040
950814344 43708020
950814282 43708031
950814301 43708027
950814308 43708078
950814286 43708047
950814277 43708067
950814310 43708023
950814338 43708021
950814320 43708087
950814304 43708022
950814294 43708031
950814336 43708046
950814292 43708061
950814281 43708020
950814315 43708082
950814271 43708083
950814277 43708030
950814296 43708029
950814276 43708029
950814286 43708036
950814277 43708054
950814305 43708070
950814284 43708051
950814299 43708093
950814328 43708050
950814289 43708015
950814344 43708028
950814299 43708041
950814292 43708086
950814307 43708026
950814275 43708013
950814265 43708066
950814331 43708041
950814330 43708050
950814334 43708047
950814313 43708016
950814327 43708025
950814305 43708032
950814335 43708064
950814307 43708031
950814276 43708027
950814296 43708053
950814288 43708053
950814268 43708026
950814340 43708035
950814318 43708027
950814331 43708013
950814337 43708055
950814277 43708050
950814311 43708060
950814268 43708016
950814339 43708076
950814296 43708016
950814346 43708070
950814327 43708091
950814323 43708080
950814317 43708077
950814307 43708022
950814311 43708090
950814267 43708055
950814306 43708060
950814322 43708018
950814286 43708020
950814288 43708020
950814346 43708046
950814345 43708062
950814331 43708094
950814301 43708081
950814273 43708087
950814340 43708019
950814332 43708062
950814310 43708054
950814346 43708027
950814317 43708033
950814332 43708036
950814305 43708088
950814285 43708017
950814305 43708052
950814270 43708020
950814304 43708091
950814274 43708036
950814321 43708094
950814278 43708093
950814324 43708053
950814279 43708017
950814340 43708072
950814300 43708042
950814340 43708031
950814302 43708032
950814338 43708055
950814288 43708016
950814278 43708022
950814325 43708094
950814329 43708084
950814282 43708050
950814282 43708023
950814293 43708077
950814264 43708068
950814345 43708056
950814300 43708055
950814328 43708024
950814305 43708085
950814277 43708043
950814331 43708056
950814274 43708030
950814291 43708065
950814314 43708078
950814314 43708032
950814342 43708083
950814310 43708044
950814291 43708030
950814315 43708046
950814265 43708015
950814329 43708036
950814305 43708065
950814303 43708084
950814277 43708058
950814267 43708025
950814283 43708048
950814346 43708051
950814312 43708077
950814269 43708061
950814284 43708062
950814297 43708035
950814303 43708023
950814300 43708090
950814278 43708012
950814326 43708019
950814280 43708066
950814277 43708034
950814266 43708065
950814341 43708065
950814304 43708032
950814339 43708084
950814340 43708029
950814308 43708049
950814319 43708053
950814339 43708018
950814267 43708061
950814309 43708081
950814346 43708045
950814285 43708070
950814275 43708027
950814308 43708027
950814302 43708049
950814266 43708014
950814284 43708073
950814306 43708042
950814324 43708045
950814266 43708077
950814322 43708078
950814324 43708037
950814276 43708017
950814332 43708044
950814299 43708031
950814309 43708062
950814278 43708041
950814291 43708080
950814284 43708027
950814319 43708089
950814285 43708048
950814270 43708054
950814331 43708026
950814275 43708046
950814274 43708094
950814310 43708083
950814279 43708038
950814337 43708038
950814331 43708029
950814279 43708021
950814297 43708039
950814342 43708021
950814302 43708093
950814332 43708018
950814331 43708059
950814302 43708034
950814273 43708024
950814294 43708070
950814284 43708052
950814345 43708023
950814314 43708061
950814322 43708016
950814327 43708058
950814317 43708031
950814332 43708071
950814308 43708031
950814345 43708087
950814296 43708072
950814278 43708087
950814283 43708074
950814330 43708060
950814346 43708090
950814319 43708082
950814273 43708012
950814273 43708032
950814342 43708070
950814265 43708035
950814336 43708062
950814333 43708041
950814279 43708019
950814326 43708031
950814271 43708069
950814297 43708063
950814327 43708015
950814321 43708024
950814293 43708062
950814276 43708085
950814345 43708032
950814333 43708086
950814308 43708019
950814340 43708044
950814336 43708021
950814285 43708019
950814313 43708093
950814287 43708088
950814317 43708061
950814288 43708021
950814272 43708024
950814266 43708034
950814269 43708048
950814294 43708014
950814339 43708077
950814279 43708048
950814311 43708019
950814307 43708037
950814293 43708048
950814340 43708086
950814321 43708022
950814336 43708082
950814289 43708091
950814316 43708048
950814284 43708031
950814278 43708073
950814339 43708014
950814286 43708048
950814316 43708061
950814334 43708094
950814311 43708064
950814296 43708028
950814314 43708045
950814321 43708018
950814310 43708092
950814313 43708094
950814330 43708090
950814285 43708052
950814271 43708058
950814332 43708085
950814285 43708075
950814284 43708076
950814291 43708072
950814314 43708013
950814284 43708081
950814274 43708088
950814316 43708093
950814292 43708075
950814274 43708053
950814307 43708089
950814272 43708088
950814271 43708024
950814299 43708088
950814307 43708070
950814280 43708060
950814283 43708054
950814301 43708035
950814333 43708082
950814293 43708076
950814312 43708087
950814298 43708090
950814303 43708027
950814329 43708041
950814272 43708078
950814289 43708079
950814278 43708036
950814340 43708071
950814264 43708014
950814268 43708018
950814287 43708032
950814300 43708059
950814299 43708036
950814321 43708041
950814281 43708073
950814285 43708078
950814295 43708070
950814289 43708030
950814266 43708058
950814323 43708054
950814315 43708051
950814334 43708016
950814313 43708012
950814282 43708052
950814346 43708042
950814294 43708079
950814325 43708049
950814274 43708034
950814330 43708026
950814305 43708071
950814309 43708061
950814305 43708015
950814269 43708075
950814321 43708055
950814312 43708012
950814339 43708090
870561219 551051267
875007387 7167895
351286133 21688879
949251868 216196859
640940852 297392888
269794900 480768300
920617022 431094691
219857534 722591895
40403789 138872997
635758086 646733809
647104881 534006543
539799801 198010025
577762886 314162131
373847828 957672529
975645340 445145205
811840052 873288781
345971867 369319186
39225573 807218331
822722690 577625229
271584870 761435728
20806821 538914196
957266015 868329411
481081780 722338704
821044561 705397743
500193198 80984687
113601286 16580187
964744564 869650396
417229086 949743299
790817609 359121139
66059161 738677938
89520666 773206717
396722242 993583514
660069420 868363191
795234280 813131217
653392752 473017687
252176337 962478050
857286898 347876631
220707840 976691504
679420034 309082369
610468816 51432090
588116845 540279396
733755651 119497207
62691212 34220021
654602176 496482284
499684589 238125331
837583018 493323667
26629746 961505404
624589825 456944849
346872931 824312963
904411360 598722464
659413408 598990765
139381744 411272655
419721737 653801300
201386198 348042692
153909061 888094740
162680632 412207870
638830698 262454280
325194189 971617765
21038792 705560038
41711042 386763725
653150416 269226948
661755719 764171923
459501300 413324101
116601916 3171046
171800149 713091022
278215353 832616105
976176290 51291671
574352807 786844853
475680902 397011062
52921365 639272227
756286590 908156657
477045227 272849978
474045445 102580862
851223882 629223261
305485656 723600788
202915714 607704982
144542579 71888804
483142866 293211789
337992321 869369654
194867609 32485340
881416595 564280850
561319347 702906600
128164123 722072683
849648521 127257351
640984930 850676262
764669330 992331916
862162251 510040060
410916715 282134598
926184296 200624310
734462214 49458634
166891442 671873979
397803536 196768949
247293874 186935962
161907723 450799167
846991828 226456438
520505636 48114060
185839272 969342406
508912719 476537560
582870205 294951250
252206008 449139619
456872509 508577642
138996975 516845445
890779940 429298140
81372787 749566126
815137607 757131112
626572400 987343760
150755919 899341184
713844318 384391715
602421013 284429883
220732070 235927079
540348560 841446988
783680067 127100966
540046498 758250530
789368972 718057905
133361529 780790330
581118176 189685273
140940526 664223549
781845983 64810157
979647635 915247892
59256746 675279886
995333221 163092489
888260975 166396152
282131 857549916
125038592 955914226
811305137 452372887
1186648 46748786
190722628 127128143
965812120 640760692
776123967 810280822
418264722 911035785
848431522 885033233
736231992 573509210
101697219 402737312
174312863 826953296
91616259 878327193
767336167 39601454
246928063 622396128
935174707 412121832
904416999 702691506
94187063 907673488
409474284 188053358
966604924 848108958
946703094 935759971
77890616 780192445
824584842 308975033
343653221 114948147
91463916 627039942
925404363 157748245
239487069 988464796
279336314 117579115
846582361 170300907
16698992 557700939
482260526 267213450
849536747 696187930
129455171 230644037
93340571 971250283
570009662 170842697
333042487 139000826
765937303 901481790
729292832 575914882
795105579 659237572
506354909 845542010
3047244 55285863
406843945 509137273
549697536 994839303
252275284 413647007
772930921 863501920
210716717 588802232
177410219 577595418
49238851 71391396
497176262 165097476
747892730 796622324
181098490 657513642
385669243 273857536
116808678 287422981
473671529 413291647
116930213 633209483
137783173 411581610
258295597 18435429
413881422 627876950
183926975 416316642
80582573 576605997
26361 295987347
897329542 937377228
281877501 816599681
490149535 846638451
409088743 621094607
536708477 448783553
528110887 870014201
230935490 613967478
128411026 932564195
815898192 777280249
519824922 729381630
644649563 268979025
345371224 298695634
384025951 954583906
786554168 246826638
251001264 402927332
493367639 562822642
550372046 875913158
947330232 2191915
759447445 707574827
856947235 763262476
862107349 800270735
611862408 502431509
631657408 826026365
562981186 645063067
767303955 320680256
712413279 256497258
658386678 977050489
589087862 287718525
205299986 642126486
618215452 789639293
779420912 218970686
887121471 206565206
64223646 919358035
210816792 829470915
653529871 130885276
268888118 949017294
355246866 979962515
406862221 174036129
897858201 18163946
973866658 363041065
115435083 793878048
281319932 78330270
657219431 479994768
513031454 568156934
460341326 542676855
798219619 516050373
78615578 670257806
236957456 838278873
336181648 903631590
550084729 506522047
639745259 649612694
396209383 523459249
706879909 587622926
894379129 203194240
86835587 904126956
412819256 819513125
566461015 124488413
851642576 313198382
911088833 267706284
590485221 828512729
896225247 956485670
747601261 517508793
800896192 704197602
320971642 744161995
592382441 781240495
488536192 280837744
60384340 593333147
116641504 551053823
373327322 699243373
464693892 371667552
320416959 778497521
791650707 752009985
76497528 501334143
10358479 864917477
441139811 290062183
110005303 341856376
464667716 517554221
563871133 898515241
464287560 717944218
740349283 553425469
691316081 566610581
444856534 677800713
630998019 269644829
718744200 396042834
945962688 184360164
510643065 445117022
479602266 964226200
673553639 106008482
82595769 560809731
208315569 434834869
776272975 543346739
102694593 710313922
618475250 545173811
825079366 949694226
985643971 593488332
713304270 142415957
111427190 990424546
461302151 139448349
991454528 675800511
148841861 204782360
605459043 675037148
682027159 473682977
491747218 558146273
757576532 619151796
693872960 92109703
143366564 657171183
837588387 3951470
241037452 286619700
680363187 990487135
961152785 947636857
231500763 610701820
142743976 630910025
555873334 346473958
98881934 689498307
987320589 172956105
67021716 723273557
919616123 950547333
