2000
546996414 12380939
546996490 12380936
546996446 12381011
546996471 12380957
546996421 12381001
546996436 12380969
546996474 12380962
546996449 12380947
546996432 12380952
546996457 12380933
546996472 12380963
546996415 12381019
546996417 12381000
546996439 12380965
546996447 12380949
546996490 12381019
546996420 12380950
546996409 12380950
546996414 12380970
546996468 12380939
546996433 12381007
546996482 12380969
546996420 12381000
546996454 12381009
546996487 12380977
546996417 12380943
546996467 12380989
546996481 12380960
546996438 12380984
546996451 12380984
546996465 12380988
546996461 12381004
546996455 12380985
546996464 12380972
546996457 12380975
546996489 12380992
546996470 12380945
546996495 12380935
546996437 12380992
546996484 12380962
546996408 12380937
546996490 12381000
546996464 12381015
546996491 12381015
546996446 12380941
546996455 12381019
546996454 12380964
546996416 12380989
546996475 12380943
546996447 12380951
546996430 12381022
546996446 12381000
546996428 12380987
546996476 12380937
546996450 12380976
546996412 12380994
546996484 12380959
546996479 12380949
546996443 12380961
546996454 12380999
546996417 12380958
546996415 12380954
546996411 12381022
546996477 12381015
546996446 12381022
546996438 12381018
546996415 12380987
546996471 12380976
546996435 12380949
546996471 12381011
546996447 12380978
546996462 12380954
546996473 12380974
546996422 12380935
546996419 12380937
546996443 12381009
546996459 12380943
546996408 12380989
546996424 12380997
546996416 12380952
546996473 12380971
546996488 12380993
546996495 12380975
546996484 12381006
546996434 12381021
546996437 12380965
546996474 12381007
546996451 12380976
546996424 12380934
546996480 12380959
546996481 12380954
546996423 12381016
546996425 12380982
546996465 12380981
546996459 12380987
546996458 12380958
546996469 12381019
546996479 12380966
546996412 12381014
546996407 12380992
546996470 12380974
546996472 12381018
546996424 12381009
546996488 12380996
546996438 12380981
546996468 12380964
546996426 12380982
546996429 12380986
546996493 12380981
546996496 12380970
546996409 12380988
546996411 12380995
546996470 12381011
546996456 12381009
546996447 12381009
546996419 12380975
546996409 12380979
546996450 12380987
546996448 12380938
546996418 12380945
546996415 12380968
546996433 12380942
546996491 12380937
546996483 12380934
546996451 12380982
546996485 12380997
546996465 12380968
546996494 12381016
546996409 12380997
546996477 12380958
546996477 12380991
546996415 12380971
546996475 12381002
546996466 12381009
546996439 12380937
546996496 12380979
546996445 12381003
546996480 12381010
546996474 12381003
546996413 12380951
546996482 12381015
546996408 12381010
546996414 12380958
546996445 12381018
546996465 12380956
546996468 12380973
546996475 12380985
546996471 12381006
546996473 12380985
546996469 12380958
546996466 12381012
546996437 12380980
546996450 12381017
546996481 12380982
546996464 12381005
546996442 12380962
546996470 12380940
546996430 12381014
546996413 12380947
546996451 12380962
546996429 12380971
546996472 12380991
546996470 12380966
546996465 12380935
546996426 12380984
546996436 12380995
546996474 12380997
546996473 12381010
546996411 12380933
546996430 12380999
546996443 12381010
546996459 12381001
546996433 12380941
546996482 12380970
546996473 12380988
546996466 12380963
546996430 12380977
546996491 12380997
546996415 12381015
546996442 12381016
546996433 12381004
546996469 12380980
546996444 12380948
546996448 12380963
546996415 12381001
546996425 12380954
546996470 12380944
546996448 12380940
546996410 12380984
546996462 12380964
546996462 12380945
546996435 12381006
546996421 12380952
546996456 12380962
546996486 12380954
546996496 12380948
546996467 12380942
546996495 12381002
546996458 12380980
546996485 12380944
546996448 12380992
546996427 12381021
546996453 12380961
546996431 12380998
546996469 12380991
546996438 12380977
546996466 12381002
546996474 12381008
546996424 12380996
546996443 12380999
546996416 12380986
546996453 12380997
546996422 12381009
546996444 12380959
546996480 12380957
546996496 12381005
546996413 12380978
546996450 12380991
546996459 12380958
546996481 12381005
546996463 12380959
546996421 12380953
546996491 12380982
546996461 12380993
546996409 12380934
546996417 12380993
546996484 12381013
546996410 12380996
546996414 12381021
546996457 12381003
546996451 12381016
546996432 12380951
546996491 12381013
546996411 12380943
546996441 12381001
546996494 12380956
546996453 12381017
546996494 12380987
546996447 12380958
546996429 12380937
546996411 12380949
546996409 12380947
546996485 12381007
546996474 12380996
546996429 12380992
546996488 12381001
546996413 12380985
546996472 12380996
546996413 12380995
546996458 12380935
546996427 12380965
546996454 12381018
546996478 12381013
546996421 12380985
546996438 12381008
546996493 12380999
546996428 12380950
546996412 12381002
546996408 12380961
546996474 12380975
546996475 12381009
546996458 12380966
546996440 12380993
546996447 12380997
546996490 12381002
546996492 12380958
546996427 12380941
546996454 12380972
546996472 12381007
546996436 12380962
546996463 12380956
546996485 12380963
546996426 12380988
546996462 12380987
546996407 12381017
546996483 12381008
546996429 12380943
546996484 12381009
546996466 12381016
546996427 12380949
546996467 12381014
546996432 12380936
546996426 12381015
546996429 12380972
546996470 12380961
546996482 12380938
546996434 12380956
546996467 12381015
546996436 12380959
546996456 12380964
546996466 12380969
546996478 12380982
546996451 12380998
546996429 12381019
546996448 12380997
546996478 12381003
546996434 12380949
546996472 12381017
546996419 12380998
546996445 12380987
546996424 12381012
546996407 12381022
546996465 12380989
546996430 12380978
546996488 12381015
546996468 12380962
546996446 12381008
546996446 12381019
546996492 12380969
546996411 12380960
546996419 12380949
546996475 12380933
546996466 12380998
546996433 12380976
546996422 12380994
546996414 12380946
546996455 12380935
546996412 12381009
546996471 12381013
546996461 12380975
546996490 12381018
546996410 12380952
546996475 12381017
546996487 12381016
546996445 12380965
546996487 12380978
546996460 12380984
546996410 12380941
546996472 12380975
546996472 12380988
546996408 12380966
546996419 12380965
546996438 12380938
546996444 12380975
546996451 12380953
546996478 12381012
546996443 12380972
546996477 12381011
546996432 12381009
546996457 12380974
546996477 12380987
546996424 12380970
546996443 12380948
546996463 12380967
546996484 12380957
546996474 12380980
546996444 12381012
546996412 12381018
546996461 12380992
546996483 12381003
546996447 12380985
546996452 12380998
546996457 12381008
546996453 12381011
546996422 12380948
546996460 12380959
546996415 12380976
546996413 12380974
546996493 12380957
546996472 12380979
546996409 12380958
546996412 12380974
546996478 12380995
546996464 12380967
546996407 12381010
546996482 12380984
546996436 12380993
546996480 12380971
546996422 12380963
546996489 12380934
546996442 12381002
546996473 12380981
546996424 12380962
546996455 12381013
546996482 12380937
546996423 12380956
546996454 12380991
546996419 12381020
546996489 12381007
546996431 12380982
546996411 12380936
546996481 12380986
546996412 12380961
546996457 12380963
546996446 12380935
546996425 12380940
546996423 12380970
546996407 12381013
546996457 12380980
546996465 12381018
546996414 12380962
546996431 12380938
546996486 12380977
546996450 12380962
546996482 12380934
546996492 12381000
546996427 12381015
546996413 12381007
546996484 12380995
546996408 12380971
546996465 12380945
546996416 12381019
546996417 12380976
546996495 12380983
546996432 12380991
546996438 12380958
546996466 12380984
546996494 12380980
546996469 12380968
546996479 12380972
546996427 12380992
546996425 12380943
546996468 12380982
546996439 12381021
546996488 12380934
546996480 12380969
546996423 12381003
546996436 12380966
546996437 12381004
546996463 12380988
546996417 12381007
546996483 12380991
546996445 12380954
546996442 12380949
546996477 12380984
546996489 12380971
546996429 12380993
546996490 12380946
546996496 12381000
546996474 12380982
546996431 12380994
546996452 12380997
546996440 12380971
546996447 12380952
546996457 12380994
546996456 12380967
546996489 12380964
546996483 12381006
546996460 12380963
546996452 12380991
546996479 12380974
546996429 12380953
546996417 12381011
546996494 12380934
546996442 12380986
546996476 12381017
546996479 12380992
546996409 12380939
546996478 12381005
546996419 12381022
546996484 12381004
546996473 12380959
546996491 12380956
546996468 12380969
546996495 12380949
546996443 12380976
546996450 12380936
546996487 12380933
546996471 12380999
546996441 12380988
546996491 12380949
546996490 12380951
546996461 12380940
546996407 12380949
546996443 12380981
546996441 12381019
546996470 12380950
546996450 12381007
546996487 12381000
546996422 12380984
546996416 12381009
546996472 12380939
546996438 12380988
546996474 12381006
546996426 12380961
546996456 12380987
546996412 12380933
546996463 12380991
546996488 12380948
546996441 12381015
546996458 12380964
546996460 12380962
546996472 12381001
546996424 12380969
546996448 12381010
546996486 12380999
546996495 12380941
546996435 12380941
546996424 12380989
546996496 12380954
546996418 12380940
546996416 12381014
546996430 12380969
546996480 12381000
546996421 12380951
546996466 12380976
546996479 12380947
546996459 12380974
546996442 12380975
546996462 12380969
546996441 12380976
546996449 12380962
546996443 12380966
546996427 12381018
546996422 12380968
546996486 12381005
546996464 12380963
546996427 12380946
546996482 12380983
546996452 12380947
546996436 12380977
546996409 12380968
546996457 12380984
546996461 12380990
546996469 12380961
546996490 12380990
546996425 12380978
546996475 12380976
546996485 12380989
546996469 12380957
546996490 12380980
546996456 12381013
546996440 12380970
546996439 12381020
546996473 12380949
546996407 12380980
546996457 12381020
546996431 12381018
546996428 12380991
546996435 12381013
546996450 12380970
546996489 12381003
546996476 12381007
546996472 12380970
546996473 12380967
546996429 12380948
546996468 12380947
546996476 12380964
546996434 12380987
546996442 12380970
546996429 12381016
546996459 12380960
546996410 12380955
546996464 12381002
546996456 12380969
546996477 12380952
546996410 12381021
546996435 12380955
546996457 12380989
546996456 12381011
546996425 12380933
546996476 12380948
546996409 12380935
546996490 12380941
546996428 12380995
546996478 12381016
546996474 12381020
546996438 12380952
546996455 12380960
546996462 12381020
546996493 12380936
546996467 12380975
546996443 12381020
546996432 12380983
546996441 12380982
546996449 12380933
546996430 12381010
546996464 12381013
546996494 12380943
546996442 12380992
546996437 12380967
546996486 12380980
546996478 12380938
546996436 12381022
546996407 12380936
546996493 12381002
546996464 12380975
546996487 12380990
546996470 12381002
546996479 12380936
546996418 12380941
546996416 12380954
546996476 12381004
546996475 12380971
546996416 12380934
546996481 12380994
546996456 12380970
546996418 12381015
546996437 12380941
546996482 12380941
546996442 12380963
546996423 12381007
546996454 12381007
546996469 12380972
546996417 12380988
546996483 12380970
546996421 12381008
546996483 12380933
546996461 12380951
546996488 12380994
546996419 12381005
546996472 12380964
546996436 12380978
546996459 12381021
546996485 12381020
546996441 12380980
546996456 12380985
546996478 12380941
546996455 12380987
546996448 12380995
546996457 12380983
546996481 12380950
546996417 12380972
546996421 12380937
546996435 12380984
546996447 12381011
546996435 12380960
546996496 12380951
546996491 12380955
546996464 12380987
546996413 12380939
546996473 12380987
546996439 12381018
546996422 12381006
546996484 12380942
546996468 12381017
546996486 12381000
546996428 12380999
546996456 12380983
546996459 12381010
546996421 12380986
546996438 12380978
546996465 12380987
546996434 12380992
546996469 12380992
546996461 12380965
546996456 12380948
546996470 12381019
546996410 12380975
546996447 12380954
546996493 12380962
546996460 12380976
546996495 12380956
546996486 12381003
546996492 12380975
546996472 12380952
546996487 12380935
546996472 12380987
546996453 12380982
546996409 12381015
546996436 12380958
546996488 12380986
546996414 12380963
546996456 12380991
546996427 12380984
546996409 12380953
546996462 12381009
546996458 12380955
546996410 12380954
546996460 12380975
546996439 12381001
546996452 12381019
546996411 12380941
546996488 12380962
546996477 12381008
546996462 12380940
546996453 12380975
546996417 12380989
546996435 12380994
546996454 12381006
546996456 12380993
546996413 12380950
546996484 12380964
546996428 12380994
546996432 12380974
546996407 12380985
546996443 12380963
546996440 12380943
546996476 12381006
546996421 12380969
546996465 12380960
546996441 12380971
546996468 12380995
546996440 12380968
546996487 12380955
546996456 12380946
546996457 12381001
546996438 12380996
546996453 12381015
546996496 12380994
546996440 12380933
546996494 12380992
546996420 12381018
546996471 12381012
546996467 12381022
546996410 12380989
546996438 12380956
546996472 12380993
546996425 12381007
546996486 12381002
546996449 12380988
546996427 12380934
546996479 12380942
546996434 12380967
546996485 12380973
546996467 12380945
546996461 12380989
546996422 12381010
546996449 12380954
546996441 12380951
546996488 12380972
546996488 12380940
546996441 12380943
546996414 12380944
546996456 12380957
546996494 12380960
546996477 12380998
546996411 12381001
546996450 12381008
546996489 12380965
546996483 12381021
546996481 12380956
546996421 12380939
546996435 12380943
546996460 12381003
546996409 12380949
546996479 12381002
546996419 12380957
546996454 12380970
546996460 12380998
546996416 12381020
546996446 12381001
546996432 12380953
546996427 12380997
546996458 12380976
546996437 12381001
546996422 12381007
546996410 12380938
546996430 12381018
546996444 12380936
546996429 12381008
546996420 12381009
546996451 12381018
546996454 12381004
546996427 12381017
546996446 12380937
546996496 12381002
546996417 12380967
546996423 12380948
546996419 12381013
546996477 12380934
546996469 12380966
546996417 12380982
546996430 12380941
546996448 12381005
546996419 12380969
546996459 12381004
546996410 12381001
546996432 12380999
546996476 12380942
546996459 12380994
546996408 12380986
546996442 12380967
546996447 12380959
546996494 12381015
546996491 12381021
546996487 12380996
546996422 12380972
546996424 12380940
546996477 12380964
546996430 12381019
546996461 12380954
546996457 12380991
546996411 12381017
546996428 12380958
546996412 12380966
546996423 12380957
546996454 12380989
546996472 12381009
546996479 12380973
546996424 12380936
546996433 12380936
546996427 12380991
546996465 12380969
546996471 12380970
546996492 12380945
546996493 12380998
546996472 12381005
546996476 12380993
546996478 12380998
546996459 12380951
546996450 12381016
546996473 12380972
546996416 12380969
546996426 12380947
546996491 12380948
546996429 12380960
546996471 12380997
546996474 12380998
546996475 12380937
546996428 12380996
546996474 12380941
546996486 12380941
546996482 12381009
546996494 12381021
546996481 12381007
546996479 12381019
546996417 12381003
546996450 12381012
546996463 12381002
546996448 12381022
546996457 12380949
546996476 12380933
546996494 12380962
546996408 12381021
546996436 12380948
546996474 12381018
546996427 12380981
546996423 12381006
546996449 12380975
546996449 12380987
546996491 12380964
546996456 12380988
546996418 12380975
546996478 12380969
546996495 12380953
546996474 12380954
546996431 12380975
546996433 12381020
546996466 12381000
546996484 12381015
546996413 12380962
546996449 12380996
546996444 12380983
546996490 12380964
546996461 12380958
546996441 12380960
546996466 12380965
546996461 12380961
546996432 12380984
546996472 12380962
546996482 12380986
546996484 12380955
546996435 12380935
546996429 12380964
546996422 12380982
546996433 12381014
546996420 12381006
546996421 12380960
546996484 12380975
546996418 12381021
546996475 12380983
546996450 12380997
546996456 12380936
546996450 12380959
546996414 12380950
546996438 12381015
546996462 12380948
546996487 12381018
546996463 12380995
546996470 12381015
546996475 12380973
546996447 12380998
546996448 12380981
546996453 12380941
546996476 12380939
546996470 12381021
546996492 12381004
546996411 12380981
546996433 12380955
546996494 12380940
546996439 12380933
546996418 12380974
546996442 12380952
546996436 12380986
546996457 12380976
546996452 12381006
546996463 12380949
546996474 12380965
546996474 12381013
546996413 12380992
546996417 12380951
546996481 12380959
546996493 12381014
546996411 12381013
546996494 12381010
546996486 12380950
546996429 12381003
546996483 12381011
546996448 12381000
546996413 12381006
546996484 12380939
546996476 12380957
546996468 12380988
546996439 12381022
546996431 12380950
546996424 12380939
546996471 12381005
546996437 12381022
546996486 12380952
546996409 12380955
546996451 12380985
546996448 12380970
546996412 12380995
546996427 12380964
546996419 12380938
546996462 12380942
546996415 12380936
546996418 12381011
546996495 12380972
546996407 12381007
546996492 12380946
546996484 12381014
546996433 12381010
546996431 12380951
546996447 12380953
546996421 12380972
546996460 12381016
546996431 12381013
546996432 12380938
546996429 12380980
546996463 12380966
546996456 12380938
546996438 12380937
546996438 12380979
546996424 12380995
546996486 12380986
546996409 12380957
546996437 12381021
546996444 12381005
546996475 12380939
546996443 12380977
546996473 12381022
546996464 12380965
546996468 12380946
546996471 12380945
546996442 12380985
546996415 12381003
546996424 12380960
546996413 12381010
546996427 12380966
546996422 12381012
546996494 12381022
546996480 12380985
546996444 12380955
546996487 12381012
546996451 12381015
546996410 12380982
546996447 12380948
546996480 12381001
546996468 12380966
546996486 12380961
546996456 12380976
546996461 12381013
546996457 12380943
546996468 12380955
546996470 12380967
546996420 12380963
546996462 12381008
546996409 12380992
546996453 12381000
546996464 12380996
546996494 12380937
546996473 12381009
546996454 12380971
546996407 12380976
546996459 12380945
546996479 12381013
546996408 12381007
546996411 12380963
546996454 12380967
546996415 12381013
546996418 12380979
546996437 12380972
546996411 12380994
546996453 12380951
546996437 12380966
546996416 12380981
546996415 12380973
546996486 12380944
546996464 12381003
546996429 12380952
546996428 12381016
546996463 12380935
546996420 12380977
546996467 12380985
546996431 12380990
546996422 12380951
546996409 12380995
546996414 12380977
546996496 12380990
546996426 12380954
546996491 12380933
546996442 12380953
546996423 12380964
546996460 12380941
546996490 12380997
546996443 12380985
546996438 12381001
546996446 12380998
546996452 12380981
546996487 12380993
546996463 12381011
546996437 12380994
546996478 12380954
546996430 12380945
546996437 12380939
546996489 12380941
546996487 12380965
546996430 12380986
546996433 12380973
546996434 12380997
546996438 12381007
546996449 12381020
546996460 12380973
546996446 12380973
546996491 12380960
546996409 12381019
546996481 12380942
546996427 12380995
546996484 12380944
546996413 12380984
546996476 12381001
546996483 12380936
546996412 12381005
546996463 12380933
546996424 12380951
546996482 12380944
546996488 12381007
546996444 12381013
546996446 12380991
546996421 12380944
546996489 12380952
546996410 12380969
546996435 12380940
546996464 12381000
546996451 12380986
546996466 12380937
546996447 12380991
546996486 12380949
546996453 12380939
546996414 12380953
546996495 12381008
546996488 12380944
546996462 12380975
546996462 12380937
546996461 12380980
546996460 12380986
546996442 12381011
546996462 12380990
546996474 12380972
546996496 12380975
546996458 12380996
546996415 12380941
546996439 12380939
546996446 12380967
546996478 12380980
546996471 12381019
546996484 12381012
546996440 12380974
546996487 12380973
546996491 12380939
546996428 12380952
546996496 12380991
546996482 12380985
546996445 12380999
546996436 12380952
546996414 12381010
546996459 12380985
546996478 12381007
546996426 12381006
546996461 12380971
546996407 12380958
546996477 12381012
546996410 12381004
546996408 12381019
546996413 12381014
546996468 12380954
546996424 12380976
546996479 12381014
546996435 12381020
546996480 12380982
546996486 12381014
546996421 12380977
546996442 12380988
546996492 12380936
546996443 12380971
546996447 12381012
546996481 12380938
546996459 12381020
546996471 12380958
546996487 12380984
546996479 12380943
546996477 12380980
546996414 12381019
546996450 12380999
546996466 12380960
546996477 12380990
546996468 12381015
546996411 12380992
546996485 12380990
546996451 12380933
546996433 12380987
546996424 12380982
546996441 12380933
546996493 12380964
546996431 12380945
546996422 12380942
546996480 12380988
546996416 12380974
546996481 12381010
546996473 12381014
546996419 12380939
546996464 12381008
546996429 12381017
546996474 12380936
546996438 12380961
546996473 12380942
546996413 12380988
546996485 12380994
546996483 12381009
546996430 12380983
546996465 12380994
546996494 12381003
546996428 12380990
546996481 12380937
546996441 12381018
546996430 12380949
546996466 12380946
546996492 12381014
546996468 12380956
546996492 12380980
546996467 12380940
546996432 12381002
546996435 12380989
546996468 12380950
546996425 12380945
546996425 12380962
546996411 12380961
546996420 12381022
546996493 12380979
546996447 12380950
546996434 12380982
546996411 12380982
546996479 12380954
546996409 12380938
546996426 12380979
546996481 12380978
546996467 12380981
546996485 12381018
546996460 12380981
546996468 12380997
546996407 12381008
546996472 12380950
546996418 12380971
546996412 12380992
546996408 12380996
546996422 12380990
546996436 12380935
546996428 12380940
546996460 12380995
546996429 12380994
546996454 12380995
546996421 12381007
546996466 12380985
546996471 12380951
546996415 12380995
546996457 12380986
546996413 12380973
546996434 12381011
546996446 12380970
546996438 12381005
546996443 12380998
546996423 12380994
546996425 12380991
546996436 12381007
546996407 12381000
546996461 12381008
546996420 12380962
546996457 12380937
546996441 12380937
546996481 12380990
546996460 12380940
546996463 12381000
546996461 12380979
546996483 12380993
546996436 12381004
546996484 12380947
546996417 12381004
546996449 12380992
546996469 12380946
546996454 12380997
546996469 12380993
546996436 12381019
546996496 12381017
546996474 12380957
546996429 12380998
546996446 12380966
546996469 12380936
546996444 12380942
546996413 12380966
546996410 12380962
546996484 12380946
546996415 12380980
546996449 12381004
546996467 12380949
546996452 12380972
546996414 12381006
546996408 12380999
546996470 12380946
546996414 12380967
546996490 12380956
546996427 12381001
546996447 12380933
546996464 12380971
546996436 12380991
546996462 12380955
546996444 12380957
546996473 12380996
546996419 12380945
546996427 12380935
546996430 12380987
546996428 12380944
546996449 12380971
546996432 12380940
546996447 12380974
546996408 12380968
546996421 12380970
546996479 12380986
546996485 12380980
546996482 12380956
546996480 12381019
546996478 12380963
546996435 12380993
546996484 12380936
546996451 12381004
546996407 12381019
546996495 12380968
546996472 12380938
546996426 12380957
546996474 12381010
546996492 12380963
546996492 12380983
546996456 12380979
546996451 12380965
546996425 12380990
546996418 12380980
546996476 12380936
546996418 12380944
546996492 12380943
546996467 12380944
546996467 12380938
546996465 12380991
546996476 12381014
546996469 12380983
546996457 12381011
546996450 12380964
546996464 12380946
546996433 12380975
546996416 12380984
546996446 12381015
546996481 12380952
546996432 12381003
546996492 12380973
546996493 12380976
546996477 12380981
546996495 12380933
546996417 12380977
546996460 12381000
546996415 12380970
546996463 12380943
546996447 12381004
546996485 12381022
546996449 12380997
546996483 12380974
546996458 12380995
546996448 12380937
546996434 12381000
546996457 12380950
546996420 12380968
546996408 12380983
546996416 12380959
546996417 12381016
546996425 12380968
546996408 12381022
546996458 12380963
546996466 12381022
546996464 12381019
546996409 12380990
546996474 12380940
546996434 12380950
546996477 12380975
546996457 12380942
546996431 12380946
546996465 12380990
546996470 12381020
546996439 12380978
546996447 12381000
546996442 12381012
546996487 12380998
546996425 12380980
546996491 12380980
546996439 12380998
546996418 12380959
546996458 12380946
546996423 12380963
546996456 12381021
546996450 12380951
546996464 12380973
546996436 12380987
546996478 12380950
546996485 12380951
546996466 12380939
546996468 12381016
546996418 12380988
546996416 12380949
546996464 12380960
546996480 12380980
546996432 12380985
546996413 12380980
546996463 12381021
546996456 12381018
546996449 12380935
546996470 12380981
546996447 12380942
546996473 12380997
546996432 12380995
546996451 12380963
546996470 12381001
546996437 12380964
546996475 12380987
546996480 12380934
546996422 12380996
546996482 12381017
546996490 12380974
546996456 12380958
546996442 12381001
546996441 12380963
546996420 12380978
546996465 12380950
546996461 12380962
546996484 12380971
546996444 12380987
546996447 12380939
546996444 12381010
546996489 12380957
546996430 12380950
546996472 12381021
546996425 12381008
546996478 12380968
546996483 12380950
546996491 12380941
546996416 12380995
546996470 12380979
546996490 12380935
546996413 12380938
546996437 12380971
546996438 12381012
546996481 12380934
546996482 12381012
546996430 12380979
546996483 12380995
546996451 12381017
546996481 12380969
546996455 12380955
546996425 12380993
546996483 12380998
546996423 12380984
546996411 12380989
546996464 12380989
546996489 12380937
546996414 12380972
546996407 12380986
546996464 12380988
546996477 12380935
546996491 12380991
546996467 12380936
546996484 12380950
546996414 12380942
546996436 12380963
546996440 12380979
546996481 12380967
546996425 12381002
546996420 12380961
546996426 12380989
546996441 12380955
546996457 12381019
546996483 12381022
546996472 12380989
546996427 12380989
546996474 12380967
546996408 12380993
546996479 12380979
546996488 12380943
546996482 12381001
546996491 12380966
546996496 12380974
546996457 12380936
546996442 12380990
546996488 12381006
546996434 12380983
546996483 12380964
546996434 12380989
546996495 12380942
546996446 12381005
546996430 12380942
546996429 12380936
546996410 12380967
546996493 12381011
546996455 12381022
546996440 12380982
546996418 12380951
546996462 12381002
546996411 12380948
546996443 12381008
546996462 12380998
546996433 12380992
546996453 12380955
546996491 12380961
546996467 12380997
546996444 12380998
546996448 12380966
546996456 12381017
546996487 12380954
546996479 12380941
546996443 12380984
546996415 12380959
546996415 12380951
546996475 12380938
546996416 12380988
546996473 12380935
546996485 12380941
546996486 12380990
546996443 12380934
546996428 12380937
546996412 12381007
546996433 12380981
546996407 12380995
546996479 12380982
546996436 12380956
546996440 12381013
546996478 12380949
546996425 12380998
546996473 12380984
546996417 12380985
546996474 12380933
546996464 12381010
546996492 12381012
546996411 12380965
546996418 12380965
546996495 12380999
546996448 12380954
546996481 12381013
546996462 12380983
546996484 12380956
546996483 12380997
546996431 12380970
546996435 12380951
546996478 12380940
546996457 12380987
546996470 12380954
546996484 12380941
546996443 12380987
546996419 12381004
546996408 12381003
546996415 12380937
546996491 12380985
546996494 12380959
546996474 12380958
546996478 12380971
546996470 12380999
546996412 12381011
546996419 12380936
546996455 12381016
546996439 12381003
546996490 12380999
546996492 12380995
546996464 12380943
546996423 12381001
546996445 12380988
546996408 12380946
546996473 12380940
546996434 12380945
546996455 12381006
546996465 12380949
546996417 12380999
546996482 12380982
546996461 12381014
546996479 12381005
546996410 12380944
546996469 12380934
546996477 12380973
546996436 12380953
546996468 12380978
546996436 12380998
546996436 12380997
546996439 12380941
546996473 12380941
546996476 12380983
546996438 12380993
546996434 12380938
546996463 12380987
546996437 12380943
546996421 12380998
546996418 12381009
546996461 12380986
546996454 12381003
546996476 12380991
546996426 12381022
546996455 12380983
546996440 12380957
546996485 12380949
546996457 12380947
546996417 12380947
546996485 12380945
546996453 12380947
546996473 12381002
546996484 12380983
546996434 12380963
546996437 12380956
546996460 12380989
546996417 12380987
546996427 12381011
546996470 12380978
546996424 12380981
546996421 12380981
546996419 12380934
546996415 12380944
546996465 12380939
546996410 12380976
546996468 12380936
546996442 12380965
546996469 12380942
546996469 12380981
546996430 12380972
546996418 12380961
546996456 12380995
546996491 12380968
546996442 12380961
546996437 12380981
546996429 12381009
546996470 12380964
546996452 12380964
546996410 12380963
546996428 12381011
546996477 12380978
546996478 12380957
546996420 12380966
546996483 12380957
546996459 12380995
546996457 12380945
546996464 12380995
546996416 12380935
546996451 12380968
546996475 12381007
546996464 12380955
546996476 12381011
546996460 12380964
546996464 12381006
546996494 12380939
546996407 12380941
546996470 12380935
546996408 12380950
546996489 12380945
546996414 12380943
546996441 12380967
546996417 12380973
546996480 12381009
546996424 12380935
546996471 12380941
546996466 12380975
546996477 12380948
546996466 12380952
546996454 12381005
546996449 12380934
546996422 12380992
546996461 12381006
546996462 12380977
546996435 12380964
546996462 12381019
546996494 12380998
546996439 12380938
546996434 12380972
546996475 12381013
546996455 12381014
546996459 12380947
546996455 12381020
546996477 12381003
546996484 12380996
546996476 12380968
546996417 12381012
546996427 12380939
546996427 12380936
546996413 12380935
546996473 12380991
546996470 12381005
546996408 12380976
546996424 12380933
546996441 12380998
546996426 12380955
546996493 12380937
546996425 12380977
546996492 12380953
546996415 12380961
546996477 12381021
546996454 12381017
546996462 12380947
546996469 12380952
546996423 12381017
546996449 12380959
546996460 12380985
546996493 12381013
546996449 12380981
546996437 12380951
546996445 12380998
546996480 12380996
546996459 12380972
546996411 12380977
546996484 12380999
546996419 12381019
546996416 12380953
546996475 12380936
546996423 12380953
546996452 12380999
546996413 12380944
546996481 12380953
546996430 12381012
546996418 12381017
546996432 12380986
546996407 12380946
546996494 12380995
546996465 12380936
546996467 12380956
546996422 12380946
546996452 12380944
546996475 12380958
546996466 12380966
546996480 12380938
546996434 12380934
546996426 12380985
546996494 12380936
546996420 12380943
546996455 12380995
546996418 12381005
546996420 12381012
546996451 12380988
546996428 12380963
546996414 12380999
546996471 12381022
546996437 12381016
546996452 12381018
546996423 12380988
546996417 12380959
546996462 12381022
546996429 12380934
546996410 12380991
546996432 12381006
546996473 12380993
546996488 12381016
546996468 12380985
546996465 12381001
546996452 12380955
546996426 12380966
546996468 12380959
546996421 12380959
546996470 12380984
546996478 12380994
546996437 12381014
546996452 12380961
546996447 12381022
546996469 12380938
546996415 12380938
546996477 12381009
546996418 12381019
546996494 12380979
546996420 12381011
546996410 12380956
546996468 12381020
546996409 12381021
546996409 12381017
546996445 12381013
546996438 12380942
546996422 12381020
546996453 12381001
546996410 12380951
546996410 12380964
546996416 12381002
546996492 12381003
546996469 12380960
546996457 12381002
546996467 12380998
546996444 12380954
546996489 12380946
546996448 12380979
546996465 12381015
546996478 12380973
546996423 12380960
546996473 12380989
546996482 12381004
546996460 12380957
546996477 12380951
546996487 12380992
546996419 12380960
546996430 12380967
546996493 12380965
546996451 12380969
546996426 12381017
546996424 12380950
546996496 12381014
546996413 12380986
546996474 12381001
546996409 12380984
546996443 12381000
546996445 12380962
546996461 12380996
546996491 12380983
546996413 12380958
546996458 12380944
546996410 12381006
546996485 12380988
546996482 12380952
546996460 12380991
546996407 12380971
546996488 12381008
546996418 12380996
546996487 12380938
546996452 12380945
546996481 12380981
546996437 12381018
546996451 12380964
546996466 12380978
546996446 12381002
546996418 12380967
546996434 12380940
546996495 12380970
546996416 12380968
546996461 12380942
546996470 12380948
546996423 12380999
546996420 12380998
546996469 12380982
546996463 12380945
546996491 12381008
546996415 12381008
546996495 12380940
546996490 12381014
546996411 12380957
546996479 12380958
546996468 12380989
546996458 12380983
546996494 12380941
546996493 12380935
546996446 12380951
546996454 12380966
546996443 12381006
546996425 12380988
546996418 12380938
546996421 12380971
546996428 12380973
546996474 12380977
546996489 12380963
546996454 12380961
546996472 12380983
546996455 12380941
546996474 12380994
546996490 12380976
546996457 12381014
546996417 12380962
546996465 12381017
546996431 12380963
546996473 12380973
546996416 12381008
546996441 12381009
546996444 12380996
546996478 12380948
546996496 12380993
546996437 12381017
546996452 12380959
546996414 12381020
546996486 12380971
546996450 12380935
546996484 12380934
546996462 12381015
546996488 12381000
546996478 12380991
546996445 12381014
546996409 12380981
546996477 12381016
546996423 12380978
546996471 12380993
546996477 12380970
546996409 12380972
546996409 12381018
546996409 12381000
546996491 12380935
546996486 12381012
546996426 12381000
546996429 12380999
546996486 12380982
546996466 12380953
546996416 12381018
546996478 12380942
546996468 12380968
546996431 12380969
546996492 12380937
546996470 12381004
546996426 12380965
546996487 12380940
546996493 12381007
546996438 12381003
546996482 12380971
546996484 12380949
546996473 12381006
546996449 12380957
546996457 12381009
546996444 12381009
546996464 12380957
546996455 12381002
546996418 12380962
546996441 12380964
546996420 12380988
546996410 12380985
546996435 12380986
546996424 12380958
546996442 12380964
546996438 12380999
546996449 12380952
546996447 12380936
546996427 12380955
546996407 12380966
546996433 12380999
546996418 12381002
546996422 12380979
546996411 12381007
546996446 12380934
546996448 12380971
546996475 12380941
546996480 12380948
546996487 12380970
546996438 12380982
546996415 12380942
546996479 12380969
546996458 12381013
546996426 12380960
546996463 12381016
546996451 12381010
546996448 12380973
546996450 12380996
546996480 12381021
546996477 12380949
546996460 12380965
546996472 12381011
546996459 12381012
546996410 12381000
546996478 12380955
546996418 12380933
546996467 12380933
546996492 12380982
546996450 12380958
546996422 12380947
546996484 12380972
546996427 12380974
546996455 12380952
546996423 12380954
546996413 12381005
546996495 12381021
546996460 12380938
546996430 12381000
546996412 12381012
546996449 12380982
546996465 12381021
546996414 12381003
546996411 12380990
546996411 12380935
546996416 12380976
546996474 12381011
546996464 12380954
546996430 12381020
546996459 12380950
546996416 12380977
546996447 12381007
546996408 12380936
546996448 12380982
546996461 12380949
546996476 12380977
546996452 12381015
546996414 12380951
546996456 12381019
546996418 12380954
546996466 12380941
546996475 12380944
546996410 12380970
546996462 12381004
546996437 12381011
546996453 12380957
546996491 12380940
546996450 12380955
546996470 12380941
546996426 12380978
546996410 12380997
546996467 12380977
546996482 12380961
546996441 12380972
546996453 12381016
546996491 12380946
546996408 12381002
546996460 12380944
546996476 12380944
546996471 12380984
546996479 12380935
546996428 12380975
546996490 12381005
546996412 12381000
546996427 12381008
546996449 12380949
546996418 12380946
546996410 12380998
546996436 12381001
546996473 12380955
546996493 12380983
546996461 12380941
546996461 12380935
546996426 12380962
546996482 12380994
546996435 12380974
546996440 12380976
546996422 12380945
546996440 12381015
546996451 12380937
546996490 12381016
546996453 12380973
546996454 12380976
546996488 12380978
546996465 12380948
546996471 12380986
546996484 12380997
546996413 12380956
546996494 12380933
546996445 12381017
546996407 12380947
546996435 12380938
546996419 12380996
546996446 12380948
546996426 12380949
546996409 12381011
546996417 12381009
546996433 12380946
546996467 12380990
546996492 12380955
546996410 12381020
546996414 12381011
546996476 12380988
546996441 12380992
546996425 12380934
546996423 12380986
546996422 12381003
546996490 12380948
546996444 12380966
546996478 12380934
546996443 12380996
546996421 12381017
546996486 12380969
546996486 12380966
546996459 12380973
546996462 12381012
546996440 12381012
546996452 12380954
546996425 12380996
546996489 12380962
546996494 12380961
546996482 12381011
546996433 12381013
546996441 12381016
546996431 12380940
546996452 12380949
546996471 12380967
546996433 12380979
546996418 12380957
546996411 12380939
546996441 12380962
546996424 12380965
546996444 12380985
546996480 12381018
546996448 12380990
546996445 12380958
546996425 12380963
546996418 12380998
546996483 12380938
546996413 12380949
546996493 12381008
546996474 12381012
546996432 12380964
546996449 12380966
546996438 12380936
546996489 12381008
546996437 12380984
546996459 12380983
546996420 12380952
546996443 12380941
246897193 179959592
