2000
20872394 848649361
588052324 775033376
945685453 846606365
705819673 582147076
926876514 416789520
507063863 313345829
583261277 900224566
880028880 102415089
93293327 868637489
830712610 886869882
520396733 294351171
960756397 429836922
600691982 318693485
440314940 296037484
428846533 290736415
923299656 84889337
919765292 569888876
362515503 585798667
619208618 526723370
511703424 62385357
78046295 979230626
133331492 352108272
597940642 24578718
726768340 385860873
314545522 161287389
770750729 594197877
922710279 130289472
902567077 257538307
73575678 923022949
984875271 583438892
626760510 655837732
565539300 260746809
719484285 784037039
700106580 24154990
71733596 646038351
809279198 258860573
559177082 962028114
983068417 77923566
894913977 467072745
103464415 500637587
834943516 357960488
828693061 174420367
753436283 710629962
130418047 146287688
60574820 538708863
453130669 801546905
705260289 833029539
126351753 596779715
55202529 971174414
487382137 820055792
424102846 164221233
956817167 563551803
541406955 867400073
212312406 395863633
636840272 780404733
695030364 614375555
343596124 833270804
902279638 104808455
805246264 284188919
423443064 220662894
346406489 988222238
118309796 6420201
977784395 327148975
83540081 367711558
785356222 204931338
102598441 623100824
689075539 887286929
522689172 435335080
138329599 182175483
430827997 168035497
127941127 888321906
504920026 682296267
810851357 574335218
778954178 441001132
136317255 657685756
101454252 674272231
462601961 163988186
107336639 545646074
64421906 947769804
761186319 181308607
261582743 984830779
41748871 378925670
622184866 791796249
942635026 568660359
757616381 513109615
972283271 362373344
945226247 534586438
140240792 552361919
531501299 390362454
571142059 27751912
23523757 839653655
731578140 698458816
37017192 324869790
26358746 498187075
544306629 994673010
707010063 225610808
239290495 756635483
820511779 487749609
486220874 349270687
876662770 752752441
810053355 346811491
843807068 640881671
705415471 973905586
795707284 328444228
353165277 477289281
890797815 898359311
802405550 196351193
314865607 304386464
596000735 787068759
737586091 34407034
730019608 484743927
152135473 535045588
323266358 267392373
339941634 822208633
644748522 691296711
226793160 989067228
897741852 238752996
124125302 643866500
652630783 883191774
366558209 739042645
589879149 859432924
313340301 251904746
744794612 747935792
425955969 755374307
758926066 421028741
441749008 948411574
118606163 272489749
766831114 156319741
170882055 23358040
762348272 506107002
690391246 929556608
52907193 237888711
123834625 364298526
449248051 11965327
397434323 257632120
714137277 271230362
414466889 607631410
537957083 426931621
353435503 912693474
89817377 759993755
217717101 953771012
755210459 556304218
935678245 892591122
637004659 499579589
281200492 362407862
340071985 993812109
560422627 728258562
528060158 738552588
848714147 879098829
447159901 144936307
978090942 789833941
636255915 632697142
193609175 523060013
726737765 893602060
120356504 37951968
49526936 557109921
715907269 857302437
990346838 120926839
472735987 447856438
697713291 835012465
673846758 598911619
364580178 760263154
926040315 281809825
654303117 497232497
738743296 860858217
680426754 437517373
413663718 129125254
854315547 641430864
120232092 158937895
625945309 793133995
96334230 930438508
618125567 347159883
991147084 493282827
708856368 945947263
812467978 593941678
540466171 772320995
487214413 306788129
443188078 653551867
478700886 318687805
899078484 114835251
97549265 744802738
443964018 679528354
970187858 417687344
514243902 734029485
394162201 423078915
549777407 965017212
86048469 11469721
183300356 843484712
333799267 593468231
53265795 905216988
216755279 188528398
942440935 816045189
208656941 921334125
865951883 385591887
818977604 226202890
893493985 757229149
593668290 57354371
291932928 956552392
359772352 736299467
702242818 937870928
878190634 41929927
834000132 991390630
967337144 22511788
371353068 834539158
188955870 644929163
554999732 449942353
940724700 872303657
362946125 526367412
959296398 448402714
215568891 927896667
917869890 737610113
694402355 965858559
686038687 811810527
398222761 97890632
368111177 381971311
272767154 198086789
479487599 682811789
881287610 818811346
867891152 400349165
233498004 1557949
577704066 561878380
506726110 489137105
406830742 507487893
871667362 868800052
452265744 109601542
158384453 525404653
500813908 502590382
427079801 711147870
238701169 458619549
127429573 871936610
498566382 810164980
609690597 782328581
373830149 999842260
875572706 884190816
722227137 459013417
876596834 388670044
283564115 532305545
396910093 777500484
936301183 127713281
267837326 375725900
919627007 686370982
935290539 240122814
312471262 467779498
964367786 912262109
999787100 967247813
886478296 525091329
796274337 631470127
567376230 259860761
909014481 920800742
621487098 676281338
908965493 809097089
843103937 968181483
121730261 812516519
558670747 368859078
983428837 159420761
718449425 109930461
203980878 954426445
303870913 13910497
402023263 481197932
867717093 23590092
218042831 330695761
403972678 57052743
736574408 261014886
834466147 274002172
154552286 745989813
697563842 402422125
254991291 900112871
65538384 173267597
527247049 399552648
903287242 961693884
329897276 475488314
804383168 898955589
606874228 6773502
536577189 426563519
841930851 307787007
89254384 648240149
197757453 152022121
424583016 805898305
208199312 433127074
284000691 958631588
50427543 226424920
827810446 879255450
951739855 704193311
775529946 820716909
696877445 455081284
652255503 830297589
172471439 391786272
661843948 754201530
489192542 754014365
20673964 190233585
148655816 756172108
445440951 351318624
47042261 87307615
661284999 88998010
523188175 440445402
991770017 261836030
616882152 985447576
415732000 731040793
930681220 856232033
631954498 153319205
392316221 474943876
85205932 590407489
720344118 180910926
779219122 889174239
828705065 273257621
500945034 364602392
977804395 53009489
839700590 784011013
233312906 204191244
900574755 52363038
46897554 122666975
732899888 918032204
659019731 904600695
89712143 619315876
709483563 757430617
163383354 38326164
652615665 698420979
683349286 871951159
547680756 869247402
198405311 549999392
57393615 194186548
964415708 377278981
503286978 450058132
215284572 372800686
676168461 132880052
213306723 317972842
180844848 456132787
79074689 889231667
380348021 228679975
546049876 333889726
260465595 887732112
890425598 247427067
45390688 946685463
176413717 834304165
699868747 953909291
292655391 783716885
115681838 5396914
585297024 869471326
262354232 552926721
140487421 262097525
322702534 305417713
313275463 829117238
388546834 87438604
683875024 104980706
223245847 831076227
755400373 155847010
718279750 653113053
381161332 719459548
764788368 913220775
196613072 818806700
102808535 753476619
784426126 481028647
551315056 804239869
685415540 379714530
157729236 337249491
737325986 989768353
516388195 109550449
799758646 152432093
919163093 867690156
930063427 786174237
646371148 191331959
124584987 776280040
843251841 461079362
928761178 378023164
564031024 949768071
578589823 831923051
792260350 360140521
213664195 963158806
658791220 317220427
514820624 524987067
235578883 719907172
745099320 978925128
881622819 866504256
841626474 146982988
577238882 24222066
142208271 906785872
199912467 887652528
742626104 290545545
517113588 771456898
785890465 286599462
708166923 415444059
302962990 92602242
134001055 158468098
109328942 763143633
893794239 556343673
186672928 155122147
460282084 778049224
105684083 437912615
920116566 409903428
247884040 48871797
844704341 111165832
963618393 466105387
535111964 754783578
437702974 599140447
912919230 11710843
738105677 402015562
263464416 244499714
368487740 133799588
564446917 790849374
175976015 141193307
214734732 231692703
124539712 212417622
552824348 30705295
152749535 132200044
468505246 700408605
570692749 578242686
945828475 491330943
559309600 195108091
663605178 812042266
958679644 554910713
245081887 387629421
281248718 29723740
670884962 571048408
293681790 132688451
973375168 538867865
360828149 540984537
308056575 407147043
763212136 789900186
114887429 144849651
72668730 387248907
23946326 393830260
997228416 955556004
808488032 693073037
441737568 649057688
435658613 71512364
817242738 357566560
643877853 890497069
19815251 329194677
601245840 980673100
293110450 116387838
44570988 928811144
787392463 648436222
986163446 66335852
310455022 884672908
44492290 190115148
606950506 920975324
447086670 681247506
593277074 426365363
109742842 103239278
136053458 224514590
371639009 314111201
411443183 457495158
194169502 181713006
741024209 52163561
293880110 788601386
239081719 169836087
444216900 266810925
635907184 627486752
447893367 913316472
842295341 470199734
211521175 378471246
811853995 378503573
791374079 149881091
775360845 927077343
380537154 629083227
871292084 951178266
886524322 558163545
57367094 877553242
787678918 683144846
939361201 244500595
113584736 621185386
994558957 367059528
496814973 13747378
720638437 17055156
518870313 628081864
646525574 787096075
304148320 717336156
461324592 453751955
889881701 997303939
669818881 367844271
663267846 232245945
710952507 587384194
894289030 349110066
789336302 328209200
296624774 883785462
731243365 76969537
876789733 395371857
908220594 319728864
448388757 604421859
119385432 504198560
356366153 567297288
144021284 65431077
462435619 537995155
232948794 861071989
256390860 949407274
767536760 115712563
283193070 29600988
386882410 419209108
512692934 233355849
278159600 264201841
978274580 712642843
552798470 559732293
484627991 218288252
409130550 810763704
889930761 479790298
202907813 626003643
892683111 768199456
217664269 232523737
544628774 843119291
778609550 521573922
269770580 994992209
148159968 544882221
662688937 865590085
29765842 600035235
702187834 208104002
350129064 421675981
362888566 323099789
130360740 25235377
597731696 57142174
845627436 124727969
62994244 630743154
647243599 898901060
483162996 256904806
369528622 224837059
263833856 935905165
736779935 400876037
240182193 795982746
36599551 126939659
40042159 101284103
734127759 600944352
473117875 494908150
837858463 513389897
986215346 671982291
514379678 153992588
928277655 423978309
518231670 258852048
743039034 513323729
39184301 890040547
167853034 139835587
100018130 434505430
924363406 795937160
980052432 247914709
204270945 507946010
281753651 295054803
218202881 74237758
837984205 842992663
312580799 88498621
633468184 495715154
409982070 894531799
781300593 469180241
486627334 364714995
478339875 440427873
573183828 811916628
136556398 820478653
521110940 568959982
282528641 464020126
321634855 799817362
205658743 569570597
148315631 332176582
655763402 706354873
543781665 199153007
291884391 989118458
399810704 19377181
87705795 48391612
376639938 521259819
537500815 629378779
509145293 221587299
916914574 393605699
904144625 493728310
914570226 532873773
981251587 468618333
602259886 714067608
647981228 828626631
68995093 457073547
597876054 513073992
238427383 282977218
766414378 955712885
77419974 663281505
219768634 231280758
422876740 673834999
739906941 293841955
673970468 922329064
337058800 938716609
444240876 901096083
834475559 883230901
769698103 184713475
255838402 633118137
56903890 355212124
445512952 163448670
770585535 702465695
763022422 239952439
797131099 852083581
28198924 764904824
477388192 636936068
350919440 622047918
656960046 661801727
186830117 486972830
801908019 16998730
392337010 231799604
474671040 941487248
823159487 509481192
425340662 740382386
486553626 516470273
827186907 724588465
109319764 759666396
271373412 752556613
199737665 484919330
827583023 475038307
201362989 744653569
278701787 848924016
989596319 210828039
475631326 600476044
262339528 389564853
222618871 838073804
648054427 363268707
601081947 44961107
575139563 387611531
734286155 432971377
943155316 467519568
864532279 118814059
195638623 334355281
800699481 130223011
298294774 830779862
816694996 794454854
352957557 204729029
665907738 560948979
96005580 323868087
624553558 523243552
592061442 696848053
509845422 19805699
442222121 433688046
152513329 83076772
651852159 538654424
567440947 437530
790240992 199535547
650898600 290669329
105759843 323391592
104229756 525607521
969352077 42237423
437734567 783307113
994898920 82391267
796881421 119556247
534207744 730502630
828981080 70065161
204537824 604700189
901767714 357404906
105039843 955932530
214906321 629139259
878029825 253790336
843325706 181368792
212764632 150460191
995123267 329839021
844895907 710387059
834335362 123790634
80415628 831588043
940002421 538415806
411282810 333776537
417084885 30554601
894220555 63371875
636344901 230571981
71961339 248370204
537125491 96785008
631890320 216254324
662496388 488679576
976036126 690330358
565353220 275677892
252158102 218950641
196937231 714883220
686418499 509824423
157836071 63295207
655389791 116387864
167777255 834525126
596560606 177404047
186108915 416483340
211133941 317527896
200574079 718405242
422795964 296766155
839070341 256656229
920653968 882571228
209063664 964769482
137584454 365570414
857873400 456807734
55347418 521514312
806585473 632433490
766522997 734744282
509472740 919594431
493888197 676180288
338009515 499550919
585809196 410954309
586190793 832630334
449513311 936726294
955020583 61085888
616981987 13124618
742529719 318939981
127565406 889951272
441006073 211572165
488718901 875544053
247742565 979616892
652676870 750488101
290894831 113289017
806716343 249237180
331366725 619279029
620025744 46967437
426942401 655648659
51001024 126366813
443701639 69870543
997895717 984773591
732322389 883411554
674166265 232822694
869839201 958769031
78094808 159248497
854708136 197614433
224232077 826509445
971708209 125019332
903685363 405069009
902477114 233515157
507122416 442176738
441020110 992127520
734019056 155366722
547113692 619290210
643093323 164513153
673364297 891922549
292686433 912622226
403148700 340487617
711692595 275715647
124871010 285137348
740310102 370660253
437397361 743105299
75131005 548668870
217041790 64486950
693427367 906276921
187298699 637846810
274619719 305557034
399909750 340306623
308243956 760672890
263959650 759052770
124019779 864725208
954869699 818407644
616758989 631266371
462692951 242650113
252641318 479149781
938515876 31167251
778243419 368232965
256595359 396506583
40161617 715407821
523301296 258870222
690805233 309103293
987177929 145607222
219386284 297325860
556533978 78812412
574097365 265093104
585023968 451721921
842513119 709107084
63720624 868507024
638946864 797994805
796996745 909569330
893593324 39195570
205977807 525737385
790827402 249194308
243138489 950728814
171741324 49986592
739908949 711925931
855502461 255275626
934881471 939244412
920478298 236045963
215958356 155717062
59000891 84002515
686640939 814222989
991075600 785077408
705208133 369634370
261547664 31144198
639870407 511575733
881639697 202562914
740377519 436306136
361773530 361638134
16352794 853514234
358771217 555822203
91696548 945969145
110623260 724210748
313127256 252562819
95807914 346573302
299319558 930553980
90237630 997460294
626341457 224178689
914796453 105308842
301656628 884030623
463354528 46177766
698614340 859637865
98327576 923320955
713393329 53147958
75749810 765206613
529355343 362707610
186182653 724057892
608008836 39495399
932339404 614518389
934664204 513076852
262018244 527067610
869115720 443825073
590787217 434429338
396929451 912579773
489647249 899802866
262459417 117016903
614874344 322301310
781531408 320105330
943018571 409183716
413091223 402365856
910734484 239799311
333015646 314320727
13574354 318693434
355142030 973652435
231358935 13553491
924891499 308879301
746836956 380982086
730405082 499277077
956909342 613866184
594834713 543155908
929835818 449642903
442852184 959108328
400053156 867849460
495882152 266702635
313859880 419774552
101969321 398713025
772972602 242105115
4141500 749113482
262241705 949927898
407649909 688897785
392628117 62531187
463651208 200104769
643167502 382808901
583239979 544327490
81266370 284325077
665612412 498733842
540555919 98611405
973163763 191751728
510472423 502782664
566243974 806630000
788517845 404155220
637999505 278945449
276950485 471653654
646643115 499557736
401412849 54118954
278706192 740490815
316357386 822997116
178600282 810383657
236665805 268454374
493129201 104336935
532799916 313453307
105136723 198099893
910140772 872417229
840102401 836159078
364229923 8175511
138934702 205063417
241223916 891007168
654641959 442543002
389316340 364982959
578453591 187578892
115169231 313874102
311898890 451545314
380537434 178656825
1497540 916423168
522401304 316010730
949148468 764320232
650133627 471705945
172632016 361317521
867536440 490878533
729886181 253629643
872236861 745163348
656289482 664323696
415323567 196341118
755848110 733485383
595579348 62922075
473099380 18273568
104795609 160821281
680019310 471508305
414607417 38765145
887807550 100607491
72547096 679356999
662410665 535649635
201201877 279003037
90564020 820629460
668457158 618002231
250583147 126224615
958267456 690694635
754958652 494524426
29190108 251341709
135765228 789479420
502725544 732803200
108281449 543164256
45980145 380060977
264274479 705797279
76515641 399394764
737066924 74371420
419384371 748336299
482637808 566978644
67113119 328912390
413355695 454066188
885238090 708379872
432992260 523846898
878775138 900522505
18862977 149145063
472729999 236606396
400658183 191182616
338322277 99959248
40616870 378346757
735391280 123554745
613709713 440201526
794271161 227352574
776478392 762836726
173169755 90986431
281276683 601447375
142227796 650499851
715769716 763929786
883810586 401602543
431567326 321054261
690464537 619759377
228060759 951350072
702109839 102861236
573608615 740197752
924807427 232354
415485023 593221717
692197539 924125838
54098644 656139021
478109036 85921778
684757897 524188820
822657376 49529886
39646379 783262662
505881683 575523457
308318137 996864046
99853399 205943486
78823333 467284657
838275769 495333141
82427834 37684712
576157469 409841511
152950825 859135730
24630309 438630814
781209673 752885075
735278337 977012981
703563397 465836622
17061342 773355443
391376640 223632233
446444242 466576892
454743981 594678753
881663007 160972884
33120330 63796254
318815461 428692771
645036041 488056466
844534356 353119649
524161290 406759042
477540484 722877778
557623498 651560804
599450320 197724021
933472578 482854827
297563648 336312185
943243041 881640186
990145555 641996413
440560367 16394061
198826672 913531226
810059290 588285555
684125812 237187290
145878183 517358348
88591199 110217749
79493603 653332053
568796099 456899310
454511824 673633194
627754435 650846645
568618131 750033417
747725118 967479949
376473145 581450651
972981398 571689949
223634650 943502554
722771478 879378802
969820579 712041355
3353925 277834347
564091425 597633812
101128871 488786730
930118623 257754292
236713991 977047226
90570035 438982327
489600596 907015866
361638915 472211660
330319428 701887624
477801678 102214303
245673215 727637938
835545526 202291622
804806222 848446879
125431906 399205060
119396862 393052232
676634330 486953559
142107707 647623087
320249226 786136300
228200094 523959406
219309044 648822092
744931183 949385900
619953932 336755817
333801215 570868725
488152295 712787597
348929606 171298269
716553824 929632892
897608752 244638830
765020391 290965846
515461276 116541189
248236926 844110619
461315374 468511910
635769865 812832720
346008097 781498033
903602258 132888659
576458033 38636865
27167359 326245889
464683776 777805156
298590713 58796528
733987599 11524883
785500436 576291729
354542371 428288442
289690438 387251153
560241513 963548780
459597112 502728823
775862724 773613486
9312953 865810076
713672744 845830912
266363370 787690542
926510404 558616382
309607086 706714467
143746826 184846556
611932964 210248754
701090136 138301696
648207350 709732377
474335723 991616251
643694832 811041461
748605978 641840487
12534462 997743482
74634287 612893231
381512320 819351313
433147610 517096439
103980638 896739475
47757510 241563838
921773911 898548063
134188242 926791825
295239167 905022877
506805009 927283828
78322205 183245867
939600510 507139668
495079939 56660471
180213401 350576690
296302513 231116850
413302969 407324319
911085652 843664350
246726329 450573542
638650246 583207573
545880159 651015046
657463274 677527038
998124511 58124894
765947385 552446467
412082153 401307532
198316997 762798543
824893009 546161060
202104932 673077039
296348426 227799475
204551184 106674700
92361202 312514649
382730108 47565972
815237097 159896039
847288398 214736178
534001145 469565651
958604082 812590206
855284316 649538890
353520775 125348163
271581242 69482382
805987233 64250469
951145896 580654217
98554700 355308981
635386114 914900148
412537826 804221465
362393400 168659843
99340312 510394055
80211437 67882496
978308798 383316617
760884432 732925382
449362689 917096557
190098210 595439132
811422785 207134584
312861519 454765326
518078025 221981845
752499574 158646298
840673955 486367342
183764499 970067567
234963778 736904931
681456498 307585140
211164983 286845607
241823942 584527707
436669239 763236401
48664872 86451146
614715103 782132802
36851001 986324369
27366750 436971255
920609532 138927556
63070938 861036952
528547474 392462184
584806062 209301860
270791910 151427002
535345370 258356344
223468500 924064769
253225388 658204405
834598946 163602008
869184140 203424620
196052682 333684056
233046000 702080328
974016436 430084792
196443105 231111042
169059363 394221930
576571144 421816804
998588645 672883627
825386201 554707935
564267600 642633989
969700394 467680522
159686075 107707941
639868732 228404357
62745578 708806407
263844646 434671774
295877977 999081634
532446482 694311997
865220323 664647058
898764365 268995347
421128522 145137625
876155690 104490252
759936225 901561133
85873757 652780349
275573135 940720509
836040893 46019834
847328582 342763086
58878654 776419883
764399748 178306974
307685632 428228967
986022982 256572902
637385923 902218302
277420874 685869053
361588737 781996008
454171571 747232732
490747383 150652037
19294046 845533227
647721058 780832167
738632111 732283729
337085479 792936310
544780194 510250782
811864209 519782906
300904038 688506379
523347238 350684605
47933931 576218208
951961923 282013913
407010423 727673723
64814660 587085100
433872102 782726905
940098116 525405605
915704728 924108404
690911252 151725225
824045985 71665093
177969419 896408692
50389031 32151290
976872779 347225961
442008301 611135742
396317350 991986584
359735947 603857646
534323681 149081837
571215796 757108343
880359444 237654108
229078517 900958298
389773887 506722797
480430189 442614730
2156029 158535575
658850561 26012677
807017973 574381593
415463182 717727041
134794587 412131456
6612320 402303200
976014558 981900500
792116333 975947872
567942479 301562561
674958084 613826091
241046340 60756872
146558028 653874867
42066142 56067158
589047691 157992087
419820113 672389559
373479992 159699281
863045994 857215491
997489152 289202822
145151930 548541206
827875317 700962040
980273718 100950857
252573652 117821950
987877470 818469233
300830072 463676539
837741341 108891133
233744180 992599177
679072440 338497995
338940460 166582941
963004239 163551277
397268478 135579293
224742992 170747613
876518169 446512471
896783083 149287777
857443659 796922195
403949324 614165216
653205394 332736981
383694233 770669425
849187996 437007335
548560004 787047640
607554859 226802296
964711598 324643359
679355224 831384605
781873028 926223349
966919011 896449964
941732958 601497959
587296550 767957923
928210763 121790425
278330109 957737704
680503402 635317541
106432666 73619503
540535292 908533560
720296863 934323688
478846753 145596716
258008965 427760038
228862956 787692060
850826184 107036109
866998928 331297953
655139307 709086598
71935804 256798800
263990830 874019000
825865183 114760044
817793900 801749519
956717386 23923062
239390584 747446377
688816421 614851796
771037815 254288361
332758048 684683605
610965606 772502044
872168430 924092347
3341668 319707100
326794797 149889069
958601950 802068215
230977522 205430261
602498029 553115232
537999654 801476488
582335369 200065020
584952501 829949484
770497272 177135281
197819861 956905838
176966375 115939633
709146143 843797263
280010661 24556329
570519868 419640863
627581743 58363645
849999849 425698345
585135800 857839192
298090250 647743894
638779108 91893353
470570518 64291091
194129332 525002511
637631280 35085744
626686400 325238982
280927505 350010542
335551337 806884415
950248045 859570606
977305190 50260034
113235308 971692608
820251756 609166927
191231080 965846827
844427313 36957990
885750195 991552082
520977290 620614729
127180529 398409592
472937003 781708915
665761336 496821239
484023791 756959082
966197506 354086645
143696483 283186204
480057145 65348804
547597068 406357605
389752632 279311960
910741302 655663969
744698743 231160790
94411127 681816143
804135020 921034459
314620238 888845758
462386781 61997602
206196768 148498050
770556341 888200437
160324143 880413814
362403645 68120910
387636845 662978939
810939083 90902000
793815205 398127199
93515724 360222242
538602135 741901410
283559544 762675721
831723776 507490916
701134424 513097867
517729498 979276690
597672017 982555993
711514401 10648413
210931320 930339439
292410364 74700094
678051733 745652016
36799407 249530370
795398455 209782565
705212488 159243019
135997580 542903895
561044650 518187605
115079264 707622212
561551616 652479123
794304126 355466616
63908046 918098584
102779877 9641910
739992336 418372948
325902208 323670309
124855518 596171565
825310089 740828980
633838475 350383571
957339574 563494299
705884478 966565512
741928130 388873825
234480221 832720036
101415743 727920845
694460553 616003692
854992125 374972006
296928051 595554573
81652659 23363792
492043969 265309522
179017512 258143351
72787843 989783683
269664464 333409889
813388324 126975763
488940090 7801184
341923203 635940156
315440884 918524465
67168723 625258621
963366937 362855796
958486856 711362978
817667171 103598510
52303289 956380156
613951754 119790075
863919063 916528598
383552572 656164725
331659958 436476547
626250004 111751437
478113397 951849408
297858958 865142969
733954912 91868812
740300390 786513938
213868782 762463204
794808821 953242832
221714747 1403672
702009826 131622151
348113085 231482634
141152055 165643656
773642441 643094995
772826583 467553614
2993331 722534109
806549342 778706155
819445930 587667001
628373764 342601698
890127874 425450294
741515043 650054462
454130184 606109706
127988859 26765633
715976438 218771046
74068936 940269247
262904709 803166954
130610783 847168546
768085414 440526344
459997521 674555394
281503614 472721913
254105563 439926220
106349603 822871264
124701004 419578738
980374285 28377739
42884626 203301521
255624584 317655364
332075308 576727907
117163611 998913764
428346516 24370241
46890632 694983125
664865720 932557539
526201098 902229228
570667226 63965080
441310709 852297911
20440760 252781013
177959070 265306811
545767776 336972960
271161566 665801261
75093227 883548891
529303796 647771213
791289489 975191772
699261516 14431351
189374645 816959903
30969940 212880713
624898131 79794322
347075666 560305011
707587431 643830976
855345323 368410913
627492487 579252217
648124390 826887283
953792192 832496999
349289746 204990350
335216557 916914259
297274939 234432754
838615631 809444130
779443930 458781724
876895994 393151985
871258053 811216304
744447047 946008448
413049133 46094239
742082897 162873892
572302101 16753429
471216371 793001299
903794602 538907771
500780281 854816748
876544277 613335272
998274473 962389390
569008630 488061326
754863717 515611864
555553851 884590028
2760444 926682192
306400108 312363551
624383673 674607752
604371855 255077468
288987030 114616824
980508555 362917499
421475340 265568589
650004618 84442160
4151512 519860858
527362096 100920037
155884485 425200164
368469123 374732914
362789912 845808942
845161790 672522638
906402746 939266073
222298132 224289081
503832672 854951111
789844787 267088487
440883822 950560047
889630778 944448968
500781442 819448089
997901825 500798513
846583417 446107099
942507862 591690530
928293794 915906498
126956930 473855380
67838217 1130802
62351824 690361734
822801951 487626289
269800305 893301583
709762010 889931801
854194096 163002370
415845560 933862789
359597803 980422575
923962316 12969330
676335652 717002246
769949909 707902451
362420005 906833561
303726733 531429439
552016172 541455006
936360900 792677084
528020149 940353904
998383633 94297066
461231540 298013358
617628501 645896109
445453268 602600705
445292380 245938341
639423128 170056345
208849702 421100925
738122222 533916356
863654205 582833439
389853114 977663831
866766434 532176112
926127783 739189937
676824816 740513095
394354030 805827970
611464664 421429500
355873605 439558151
702771000 543533201
905487609 357163884
178782010 26946367
218228742 828559635
68617270 170962549
917786213 852070402
106195263 938328900
807439855 978457898
392159854 930333515
334752799 560996121
834747338 892394912
774351842 715352806
717965110 322240744
57948865 288914270
403252274 325047430
627516668 453666892
697391291 407153021
725480849 978804054
164849203 653638353
290598504 808204723
393120185 221284505
524312743 101835940
205872351 175662172
225688911 419053846
571050340 659334410
838079521 103298350
303196151 721856693
25058070 416311315
11534390 676725962
352171175 671521012
873526766 998677405
315943995 799806896
208324712 255057526
871149968 353773054
744208314 235282609
846128906 859268453
176600492 42762581
83647022 57154291
77038433 114420619
884941012 900216858
20157806 260718953
565264539 301633703
141200799 96071604
510488632 494880213
406977028 342683054
358630314 158904148
812631759 397967181
938661478 303170816
571729061 322380963
217116014 82234644
940864962 672551866
992205045 688752446
866329823 913535974
900415407 118084982
989832462 505345470
569183337 85274515
183259985 777362597
48493820 979868830
50768243 393051110
55815218 524934021
591481727 510728900
884111075 664329312
431147821 18924035
53708691 693833096
604132097 9865445
799850936 246161659
606379436 725608075
859477060 521497104
349182386 224757549
437923236 477657153
45730984 163306491
522133042 708042924
23515364 472403745
958460436 419207038
352260175 74635335
47795916 425819609
920599150 227457890
85584435 33982725
767642270 863019003
411324218 381572077
456661294 842164543
57619539 371619375
666502646 432544544
489447555 343164921
551249897 252201354
333818194 67639965
502726895 449288108
694480545 343243134
391621017 844232264
126503330 158761814
71377276 570067521
513658521 784114776
956537883 907511463
340080998 569231237
243156802 128732361
915222413 57277746
121491033 228227397
563108379 562117286
614267285 184900937
874390631 949994837
911871322 305838150
950556494 725996755
522288074 167104510
463177314 162184038
83079487 85967371
149354012 522622849
764575562 91165100
565693099 554081058
859088641 707976687
925803228 176432949
413385725 883861024
659858246 820776485
258552239 811523856
637348932 377827734
781373102 784587380
59355526 27473459
846519547 223995977
302078670 802454630
526971461 797105115
862264715 667573401
750519226 813841724
29821544 592317875
806999485 926551814
264705337 485863476
687125498 825307677
343814214 622676231
725933691 200942903
996264871 960243576
770717729 322505865
697418419 292623369
144382119 744846718
717051419 248206177
211445162 753137784
179418063 446414121
279199195 375962961
402930616 164248726
639448682 164508641
606334390 369999730
194149753 655652006
657047779 336865178
741014366 736464778
35463639 990128828
257358141 217307669
292410235 157591824
218327031 134222740
49941465 934095860
724114570 931591771
893054996 444772976
928784566 953101018
25308397 197959339
99586000 64959264
13880771 716462528
608124363 304403787
724968773 540575602
502162578 3678200
20022123 77108293
505464228 5214148
343308483 235567914
879731107 784414778
813608731 242270436
893466195 614584688
318421349 537077934
439903036 60818530
68993166 588472020
153759784 676557308
613900429 394953947
235213700 479978028
321355834 751262769
568000456 487076237
195350854 468052380
360953411 963568136
114192680 326752323
665178822 422419973
746989978 728636239
838689349 868523313
899010821 443050297
760894409 395704138
508675693 897846689
504852025 791952349
116921036 882246435
549583550 685022906
189491126 886237423
860788717 860242588
936071760 494742630
795557025 846606739
262571891 702271149
887510776 239581803
698751080 800806901
305231634 373028965
417395624 944945267
60219374 780119005
366902685 678410931
199392350 580801289
364992562 391306937
272698301 392213258
264404030 625558100
852705564 981238163
434046794 79162905
239008048 458927009
588973393 541556164
648648324 363620254
456818463 449352454
401763840 388590235
645902736 26640051
376501868 588134159
133907503 491825038
760162912 199005822
476953252 832093102
625950411 815464467
711359063 868796935
900568387 640827354
32271686 530136181
216713185 153185204
807611409 103943257
561515491 566500032
290228206 939877235
432864751 871122144
571465822 215049900
420628339 913002990
359097290 281336199
819954281 356500205
260880814 421431390
798028351 935933719
194183943 901461147
75289724 410613403
620744715 530547801
318348071 189872524
922832409 694838980
866852866 271689928
310118593 69956169
652963223 697829546
660366341 944299852
708059734 665486122
581166083 328125196
431724846 198953951
794634844 384333400
785597438 103055068
136493613 780344751
970578955 989208006
417760457 805879968
800020125 682583345
620237950 242647768
667004872 179065545
35510871 827803299
943205755 333046113
135639251 447128196
286313096 6420972
280693043 243455166
686916242 127472318
108842693 722541844
995229921 980648966
552153519 388294525
960022338 744090412
802974353 666413559
886102072 127806883
324971332 389535080
321214928 14299942
282577985 826111126
834384088 442263269
533684380 33653716
652979762 49220517
276119064 777118912
979428347 510858995
941183776 428397506
480048645 551097598
48416715 63343987
432619181 43948097
498094003 412705239
667728154 793810256
156332387 817971802
916267246 506043617
450993234 950149794
147645430 219273554
400231406 945122985
67402010 423904260
915162877 444207934
781526474 467532679
500089640 719766030
867896313 859242412
445714414 42924159
447994044 343923649
638010251 32442079
607272714 343407500
12166509 473140294
128549397 991196204
437053930 556930084
140828986 670189375
892248852 622237740
767348759 649257553
972507183 588696832
376983636 770731455
494389943 466990316
965591091 699462149
182403470 84700588
156669213 998356285
953510848 790324419
188404655 41915699
421199616 828324991
923608558 213950527
694224576 298397811
548936643 769270712
246101127 737378980
432912902 5812345
810857978 461789652
941829489 897641720
419410776 941231711
303896282 553415039
663815727 419228391
745595904 963812083
322120917 591707026
269492933 211705371
365501324 161000307
905131907 928914059
425732720 623497553
88509031 462476946
57116685 759792309
414053256 333091566
33106758 253623661
138465698 920728759
238294058 844036822
8608592 770260022
684405682 687434621
455190306 440970081
52020522 238810636
782886158 323454889
877857165 931655244
340719695 589030839
79035548 994746993
182692064 912779925
984790708 883940023
882880874 339243394
340546262 632806047
142602926 896368536
374393587 284261281
589573478 511003
194692892 657165886
713464434 758566044
388506851 723936
665061438 114488180
539869020 85664298
269731644 117684958
597970958 864943139
58152191 959344428
284703577 702242105
218102266 137959293
596616436 338951351
6960017 480550360
960048892 882298098
118419906 831204478
957553639 438512580
85484570 966229031
30334811 979518514
488396570 329040867
139387305 98887145
708917470 146746291
946447419 191250491
785518132 55217467
136506519 118131637
272160911 360838923
996331044 612137148
992080064 718749815
483540203 950221035
714279785 685896513
730269608 291042636
93618197 619859609
797061172 792633040
331565940 745569223
137974860 311457609
843460398 575846450
663635986 942794682
49440797 743792988
593342736 468175529
836766087 169801883
338687892 813827617
838287511 946489241
45637483 169476291
33063335 851775567
969508313 608626439
637799756 411375833
806007796 722652894
149791482 352817738
332906661 406613387
105499371 567653585
64927102 666183771
221637179 289530366
734192793 586107170
889835665 615366160
365000589 379721306
593578320 258175362
726430967 856485364
183022674 742887685
652732707 595507718
281947714 92934183
255508681 991089181
298888831 834170960
998844778 274702158
287263875 991014593
893418331 240047635
785830415 771900483
311228741 211216144
380959242 30264677
557860554 309136017
550696205 229637805
141491121 752155376
46917344 229670599
498072807 148428974
146593128 424931764
239904166 31120872
980534806 866122802
393580698 405796147
469429318 801478860
946736402 782789422
957350940 994775583
494183177 952491618
234459991 690564110
673574252 780657522
926136235 445553690
523348395 363463002
968643673 653871764
894510392 750967309
264422944 673259325
298152195 601586987
777835812 449181246
989165793 415742284
62872558 516296831
28116044 165396597
721236519 870213752
700985387 8779380
773462117 144730050
887190869 61141611
373310535 746789144
840451843 570977249
67510902 357737829
81980414 802182248
102963237 630035521
661373997 20248432
860475040 99667720
339961414 671104220
804237361 861926338
644149740 616635983
613139359 313223361
694613551 140960264
441474005 768291461
576842335 33719770
208767927 260447670
859627294 449399349
597245263 177274232
55115835 431756161
431932509 341458710
509200666 96291944
715392307 119716972
125090108 798888792
624952031 323939725
277544414 817945065
61993913 448762761
213431659 788765578
953587396 462146442
901646250 271303379
282703127 301108446
108228648 375678270
283709237 583138744
672232297 149011111
70700418 867428641
230323848 435504289
977061571 90341349
296405845 235425452
100484233 776426827
34322772 549057974
8870650 27516126
407254452 645035162
178236553 479051234
575264880 682709055
675495558 863037091
656641941 743694950
860060966 401568636
795607600 698702855
660290120 640693217
618312295 579838105
238865600 831707310
80990577 942017010
17504836 131915923
167942390 761944882
213995458 319664992
969333613 321959616
714341410 973462762
128920783 138293478
221684562 923194448
802754215 382688256
582109570 845982215
751481104 702189543
499789022 949028425
536136324 174141781
677938815 921980946
217541406 84840015
81651356 740286134
903306267 28849873
899277364 471274663
435610120 218930189
709867610 975402682
760714579 427415982
794888062 532793107
318409428 39517431
348793737 97572342
141744160 921876075
939319602 58745040
491427695 568306186
968927405 451929420
658217287 651988922
80903582 539975818
491202891 757027909
552971559 93505040
415044388 200858057
283569921 578480196
159438450 687092825
848921551 256777081
327786730 26839672
842967990 193811463
159290516 316544126
189319554 939788777
515434536 185488846
419942016 297798162
980252619 335568443
808722602 484483530
27003335 618369161
412512986 990682249
25765736 297202008
332739056 782876027
473630320 939253067
353965403 126813461
697800091 696907390
733026105 487561340
