2000
10284836 512728808
773990230 819239605
287640249 305760991
98789538 60542204
414174374 238600993
868739973 338825954
195666118 636258573
727285327 222175983
104913260 698227442
576058698 618114801
213025200 487232990
290773224 844996577
618473548 883863633
339045151 122814711
56195455 167660888
330948821 152752005
449710184 172742684
200847371 615090809
28815121 453799844
202660518 879798926
54099638 586637515
67069342 62402015
776824542 927902517
269988761 505246958
257482546 948647780
200874731 304023288
529096620 131397752
315240534 6218650
42655357 23459981
247687667 521292157
995507565 2819814
129888932 743055118
303229959 680726037
143289617 924384230
402795757 350575440
708901015 740301357
11763870 224484100
924284657 671668432
293892987 79083439
873397001 413092503
910953903 465796668
766999122 468483023
269172638 671029655
187743102 814813099
481784764 3885955
935892311 730283602
704618548 719643004
914329437 784391285
537228871 624531929
604759248 59183751
482228027 43696176
724089349 82275857
503118514 657136476
555821054 319437425
507526441 772555654
913292850 133168947
124394443 603821377
456801094 213656558
168592202 784894487
281428144 524004214
433273357 204142577
156336699 126623617
44783080 731388115
922682858 821534033
491372692 927166994
517652706 799074068
874613929 642028694
235889252 546001344
832250748 400565787
895794712 823102188
969698335 846038334
169648748 988566927
13776018 681478391
417247161 824346478
8343116 78987615
563296957 565496902
217198122 548622290
963041956 999468458
270242913 468981530
627741119 764654170
565816750 293576393
718953516 982109604
831246727 69163164
526307699 330843770
510338064 296362646
209697437 320994857
802860978 906600872
413055593 648948055
742877595 600611724
474145577 666009116
141933660 74813391
728116494 574185194
294476657 905539379
463424959 308088420
505663500 920398448
480168853 178056384
458282741 242993654
867992860 957335780
752944771 954728249
914209332 148590604
883879555 507674925
641012718 545119216
461850406 827179679
744588961 290037736
336012394 834144822
40181241 687345387
763549896 653753130
320167413 473938812
368167307 181274430
502142602 6506187
450585125 478033425
765614309 564501828
366980682 500727418
821839461 517430025
157711134 703552953
603912396 222368246
12635784 763260313
991863322 948878795
952444780 946298044
456689557 281510769
108192791 106010698
861277374 511604646
352351744 977947053
380771699 752276118
367281196 582297465
12358710 923350249
782473659 943466968
529701799 879417970
438198204 313078519
600922946 587738535
218912623 893444183
659044059 236395988
639553146 116314578
648758816 87969458
539138122 858360980
447036364 790981781
414903500 120383542
43623791 337814410
613843880 999427731
435642142 525955830
141044095 955876878
44819493 356776476
555773950 114632190
343561337 846910678
318210811 425325946
307039836 959944771
770190083 23999749
437500649 631566848
285627140 317075560
836567174 711633867
540857620 66820767
774796873 717630639
493106513 345871989
845150488 81294898
623429222 528539895
414701143 411578146
391636286 468657004
464989172 655524299
920257765 913251638
384502906 794161279
961823969 641089447
292119291 191700266
776770454 694479102
607671818 230298739
346594999 421027434
208994544 443281543
748169953 467314231
668000011 915377538
181461150 917104159
407521027 466390971
771536137 228177027
269870092 638299716
65161674 967353519
359093495 841842553
230315025 491266702
312801746 693365271
563593011 45679047
165724235 922237569
181562288 543804790
967999626 392152406
238997042 657801594
332262796 157041148
933316687 397080849
960954236 432942709
575407547 748772171
452501315 482309288
339068195 248383621
622305695 83010403
2306861 394349099
560668168 443597911
313474899 697857121
347157668 572932371
149454486 677910910
161378745 677561964
990738009 937478694
805843236 803581851
237163408 96602800
173385782 339740648
411144132 647637289
805808288 44442429
345193909 446446249
725569546 164078531
942566389 378907398
913580622 491338365
796279407 927674054
785977303 159887806
994530038 370257191
589251612 334524065
117008150 943511973
368956136 69827049
986466754 814029954
154353166 226623031
586524001 164378205
575201691 440100238
573692833 996279672
401818550 317182958
854289824 197837566
53652714 513398737
186966690 79146877
295020828 372377495
185612837 697897165
990881222 162249843
566090007 43369355
770416180 344606451
27565758 413820338
268388263 697158512
56314218 214355967
368268818 801256825
744998164 186240980
260816052 148020158
990056368 409040372
34583060 131417549
464466184 459282208
700449600 28813834
409072586 129564050
88081770 844005980
178608383 932415860
157851132 978014416
616585913 223314324
491787375 216353770
969724475 915511989
749491927 259375814
677154910 850188377
377841435 978908699
332016623 791467940
506597499 643098274
533374202 178528228
131373738 829478293
777737288 88206939
647414720 151669710
96833088 381235009
168269188 961955090
274338802 741202159
472557340 91818446
177215954 438830843
11980137 716820345
234552649 333536327
106262594 777349871
553955186 842044090
913601121 549523715
856910343 834771006
105099871 405116379
645763975 113987212
257179269 802988999
180249 17782918
805867341 16643422
969522105 510461828
8609889 706755006
697064310 147224604
605681446 683195556
138890153 322111774
149006229 608750222
352420291 548355674
494480315 630085489
175797939 822140230
96903466 675689838
606438957 570055165
578518313 126286518
160310190 188974192
981124391 214547958
879709777 276341358
31764667 520090481
744672891 536800697
959244966 877380821
335811176 658248552
61867146 504344458
689875170 580680955
444034013 841749159
116414678 799291047
313640309 614581662
522885133 210660780
491432764 86227375
781856146 634645608
26954276 399546731
146522665 311907734
668062347 39739769
942816523 309861514
791353179 772571955
566427302 566399827
516585590 777873851
658907031 576084877
955611330 517651917
858183754 117043034
576775400 349753366
475276325 812944494
865437960 608958457
15191889 615609517
757147449 639192611
216673744 732851578
304869814 306516626
505382972 570139813
213611784 780074000
129045195 691614751
664900475 903496149
992029102 409704414
363436649 43734696
625713318 761409141
806832193 983038160
285984541 301462900
630794310 969751993
345351803 241341136
157119016 219543036
644552074 985965558
998211280 241588951
97853627 702445757
635621859 411541617
903593047 928348539
271488758 846934373
122750368 474792918
553292855 709046365
58229762 609124967
89697725 198954751
833467782 208202480
507964526 167533247
433651730 435280947
91062362 398496916
479113220 465934203
552798115 470920995
824533620 649679773
159782145 394504842
804977101 650162399
915982458 180563325
622065241 365629688
225533307 720116640
926652321 844031876
277116020 235963794
195026934 438678011
234382173 155077815
840493529 687068191
522054074 53045138
978402968 809411823
428222278 23524882
709023197 598913322
172946676 653682328
222052108 399642034
805792595 815825892
841447228 252399944
878256441 469726422
352881243 161530793
986023122 13379825
243013141 640081052
495385474 120604425
633964785 516558654
71567534 383872484
532936716 86755580
797451388 668343508
829529092 352025093
419738487 661177558
377708037 733406330
880437452 295173664
120782584 751818567
114404555 292830425
939993664 904949923
900656804 652075852
746993623 494614081
900196283 283128215
744142389 764376493
618879841 379480497
95993267 56268309
14461787 624928253
445428655 185505907
923001181 985428712
726410176 90097506
376295717 784745620
309750802 109494740
190064309 862306556
82703029 84882633
703779593 545176454
782735210 780965051
900387980 155943299
973336798 322788693
71418317 75919672
226415418 796417148
370949913 492804728
773083741 875865808
358468942 461184769
110457807 715728955
755707637 53228568
822781784 215778109
944289656 443976365
666481327 678311414
336972575 376527866
652711546 560110149
988787339 616912273
192705675 289163658
414329699 160636451
689801353 379387833
906934578 172988575
839940116 685717658
854515703 804697690
941158919 559141827
928309530 812232647
447576807 943928971
947099705 340714112
157081531 707503509
406365566 746513446
622045990 957625163
323994112 344553317
906965306 497876806
275257656 166379083
511535154 945786254
192276498 581672210
315353828 18685428
594840610 515309052
477475569 67474555
845493222 991997456
72202612 332054030
853767198 475075720
605794684 648141943
537988461 5207038
250934963 395543400
466228679 145718058
117903950 566253234
766814715 884499413
328174948 306862678
198413672 379877367
623281535 440085125
659907483 926397260
149495266 150185270
513207313 199802428
387558960 733844281
951944273 641691913
817032284 615206667
660022260 936269793
109983591 585131215
136413608 115200312
489203793 518838963
979304054 921917793
378295364 88611226
493281645 622218142
330388077 571390388
969523827 262611258
85898031 264526505
548730572 34248179
896270253 356708976
687712542 610593027
214588624 888429049
953748784 770448661
462420490 665087216
945487139 836118489
990975128 778703392
361390891 855572759
26612680 255154606
976412008 193913728
500953485 942788956
954424782 197459618
655913475 129826638
19381747 288550134
333832691 175998772
626990908 999154943
460569583 600296651
70656218 654827417
949543750 528841029
737873254 858870509
446938749 691444661
376859973 611990590
245397818 661920946
895379813 797101530
24454973 298915357
368034905 785930928
848062521 911965974
202326751 679319088
1076542 934875092
841928900 67273442
982632438 601506853
321162205 488565116
702480293 179212174
512513694 979947484
431942097 893123615
393108991 996497597
872738289 627844262
905894371 563398194
756868820 511688633
384892711 902782084
863656987 420318716
328339147 559507366
655029542 442603299
468334997 538811987
112215305 384709051
233202239 947435991
75093302 750677173
175955 47256024
644254073 861888889
889185995 281678178
600046948 720538073
553566271 437784448
678941760 466167030
676700911 947326523
873577468 635418013
406112406 987118175
689437596 837122205
955496869 621805258
908422188 508146152
227106825 49508522
977561162 480358292
549416096 580397875
908968487 384845167
604645933 710875065
951662109 762995834
114428110 679627696
784441506 898223943
979250423 119509183
271188629 272168396
211316631 376364115
724156520 235466409
439010975 691181419
253020486 652401086
990676490 823256981
776854168 549183433
880782460 501312575
907946518 233760656
713931721 569193036
50646015 550536316
858304961 765404462
579533272 296220272
150079544 950045535
541607545 159415132
206569315 788858991
334371418 502882311
711543870 909695764
611529505 381042462
63966083 931140093
681263057 838494317
52728838 405174749
292811211 185759342
27609661 490634213
741396263 449917991
194200055 359398229
136827091 2383754
935103123 662352310
406559489 909518796
962474960 185767664
248771009 927660949
73001908 974175389
130987266 404593452
826519291 192059992
508796222 137574790
264725805 852031711
394341902 692738037
332519499 710225070
72369647 670258111
756918219 611094349
613991300 503308584
776694221 566956580
166093294 709946209
342317323 468197445
660884702 479432484
551679864 593384697
219750729 643082484
113439594 199202583
390789342 904656216
592257612 646225456
85622310 530540337
879794363 979951200
575098523 664507832
131969737 333570678
849981328 591511573
604159588 576660216
139242100 640719206
861767244 958151470
26523724 601381221
946426819 958889851
900298471 370063807
741703111 717968463
952704701 476313787
427562252 428732459
840080209 546357081
364763881 290723159
525779960 123782759
966700057 371747041
941366408 969779131
774910320 517186209
357797165 736976963
180949061 491208358
378349054 169588540
143356938 754769755
427197773 346566362
708174255 375638889
913916609 471686862
700368578 929832390
899267915 705737550
630826110 831007192
998621053 186862882
956290158 631980932
40004952 778660415
693201521 198848807
56472820 536621161
987424921 525356580
816696374 925035821
150568009 523556336
756553142 190491723
953458949 273637417
534974358 494634096
282009839 670029960
788554207 694550370
356894012 663610126
268574164 162110977
803130980 974073636
251906454 156196304
807558799 746895663
411229759 770188818
464341960 693690376
130454569 278105061
899435885 561557571
879683729 580612941
816200020 702872440
640584175 627157073
834571994 218441907
131504722 185159443
777736235 464764350
479685556 255781442
292336890 916477114
725461617 79855886
807902953 73157416
161390327 431535689
532199590 766013186
538818339 643981400
888790658 242398245
767895953 276949712
906981421 973947022
747058693 979919660
513410702 453388951
77472704 707817180
454807489 661383984
92920075 146716619
346506068 551242118
333473793 461280788
493287703 230414764
547171561 713307944
522764261 479116551
730678139 281870467
731084463 401752534
582573995 145983397
173983305 795285120
9932885 731907813
451106019 242629164
787084907 563790796
297163895 769908156
418482614 447656866
78916560 3616012
115135477 730954740
948222695 405759531
381404430 67825185
373955023 869983576
618317932 789217416
802255983 996204266
158634329 175099107
95089761 713058149
471263696 774727650
281632118 447487459
785124935 22882052
133300312 540994028
687620967 991510696
469418177 659850833
560828433 277093088
32039565 979596682
699304016 908213634
692927136 587662710
417115810 252437951
303127995 130603387
143672381 438361731
975089159 147206574
37816036 223033325
605484448 655235402
760417086 637689219
763064073 353386063
134212713 790397202
363583063 411045095
573249317 170218017
21422421 59792615
724756314 828557130
535409228 537766039
630895926 987927693
22515452 14344627
585560904 916828824
885190117 662829244
165396791 382208483
883666704 664237950
678338530 363879030
600925127 158936784
273359037 230645950
572250733 167878825
600527994 486086728
699965941 989322288
449526687 350283585
607161032 513489963
242592825 4143254
259564267 206870215
702833517 449946027
993848231 573841968
698466212 799696370
723687566 573804419
108349162 712145624
457362344 262815392
212688319 561764055
436926788 64356461
424663941 612584419
102371094 571719836
251456195 931076580
809777987 146719008
39049188 929162196
222701955 243454765
217293255 799895027
267934284 766920999
450279976 492256806
255987043 155290257
143398803 249722902
785930389 309614881
364864279 349631930
850574767 817683196
991059312 964520050
108944352 44632510
549613962 780571195
678426258 33829604
146611887 577808048
421691317 399518496
911593790 397658211
713745552 205730810
816867283 586950199
155054031 408946065
97248755 918818487
996186549 413429639
976471816 574649792
425572967 18977549
943970868 716276677
625902029 769526933
54323499 609624107
162648290 2511084
564893260 879222963
719081708 641884644
922265598 739721155
135557336 866678951
963039089 71445252
537245346 681979551
756388195 550298187
101210004 344582986
324027452 837661140
79403979 177497648
343112196 750339006
787375576 885714019
216777975 383324921
273818520 739309510
42943276 40465511
369221918 769428806
748103171 883443740
290985581 463375489
900257539 899329681
462716216 589272613
880801218 687851178
361606683 574760168
697697863 876681820
253584571 274165726
436854189 543289901
816332067 686239056
539139784 566272454
394045140 577754070
544330809 244326668
868594161 503827647
280144320 969596081
374780251 403722935
847377031 26576086
523156646 477801548
319967366 731518727
147557901 892802995
63447380 705660591
400245510 999073786
66562786 311751005
350019017 197698669
177893550 33084416
125329310 199540874
765560957 447224834
142533910 175752934
138963155 343696367
586122140 615997465
950481013 958984126
668826089 413282000
122992331 217198110
288986056 585646911
785414486 311162623
680341123 678611240
960210051 716177041
384932809 821056819
313615231 758997756
350926626 401716538
271611243 916039737
981386595 464665795
366051210 122569771
732877250 47033964
340161884 736313987
117317102 946271893
591377743 330961336
218834243 550724372
367754657 459254576
748863520 602011347
440836114 756525344
872893861 717807575
207005550 910154627
111969237 66679986
688599621 811566174
532632083 296626811
458088427 694126911
542308331 265009877
224460958 167059669
632645179 206734229
581768453 516600482
614241881 380259970
676923671 353342334
159031501 817165520
676211667 263615653
990348214 469248456
450426840 119892931
72338783 681396168
106122521 642361362
531541253 718462721
665857503 530749860
424935757 610889415
697254459 257632388
757324495 889451200
545438385 959215747
170752326 236261003
803595523 343111559
840465714 631686718
297491193 768586824
411237218 25655965
478485886 173102072
54426812 510022728
648599884 596718063
430458455 178452225
628852748 621539851
636440162 452579011
931746469 304883629
839192982 62874841
233825663 266197732
560020827 448848952
786323543 433196865
73690723 47595006
234513850 366790335
778047098 785453510
449504505 171447378
315112840 302160796
75196265 120340401
412494738 192448159
873302422 645731586
41604796 222450412
412991462 952670225
298629476 800607104
947092021 624202736
316846395 691672330
26935540 201990505
907116205 63804744
450593963 775706601
837143420 151003837
654593558 27855541
555243034 845312471
389020070 645619754
937672994 661850051
714919354 135106776
835429709 584836054
120527077 104582050
378622304 654908735
659035205 246718133
580792782 765175370
162520401 343657793
697342428 94815706
734778995 321183570
815205815 280258354
316093309 363993654
491773760 516580540
195641980 402361709
969524863 554166743
650285432 503361066
630946148 76394209
289063437 262572816
724471371 925333974
33900590 583554714
148516447 228898365
775747038 652661430
243183975 53221087
667241541 718171653
218856027 304825293
819864660 659947558
450615057 156683354
339887147 359534541
890157466 298064894
130234200 993317966
519391307 565564443
290716770 285245122
776384533 744395360
641457120 749559084
370568079 611126538
738580349 901389652
340159665 665481589
401003238 927557239
319918811 366729563
923413023 744002413
329315741 939080957
268362753 263802689
367273968 543127478
981310670 607181316
54930193 104602023
705685045 167589237
430563433 503496927
928756766 64821460
913759062 638875833
308066571 714231312
45845174 453340964
667618578 601909096
713883207 505539497
736390939 152732140
391259451 657224572
610406875 283445571
228991571 96081820
65288079 89740237
33420910 40942435
880535542 660943180
131466709 951483807
586752237 260498923
970810223 450202833
490615468 330546097
196434209 958450483
314230814 758018567
18710193 35810617
186821828 533851306
894216081 678666179
840298101 85834081
416438403 589051651
177927666 550856249
155373966 455011454
316785307 211076272
315655841 633029323
912125983 268655982
982453128 815687909
221149731 39114038
769661698 439983581
522432050 614992100
937503335 406999443
596414615 581586497
662428019 758458776
687674033 340819644
524480119 100118680
68672957 925441436
615054059 885141949
961317539 422600224
306095918 825081437
329742376 778703685
12765691 360325605
480772409 741067978
533323031 659732716
969961485 483923721
557153706 949116154
724602947 746338255
114483332 73459682
103424606 825101675
955145335 403530954
562068176 308359115
144517038 250988357
703540152 821532547
209463056 306569384
415490652 373544558
442631372 709518669
442256976 866332588
828601363 634275627
496675330 12685360
304145421 880218728
899837981 902039101
841873372 804962211
355100009 386084354
587073684 600657546
462123562 192859759
653521196 290388861
59526137 4034067
391829250 105250022
56266133 387314498
983719172 525317166
790061707 997209814
636863515 116734262
264270540 72437816
843763792 632127593
379277152 411867917
42125758 759002302
199309630 182532814
42379594 724958913
775844661 810575585
241339862 442944547
978957758 64118696
137573308 884507183
313043714 75959817
826061067 629393822
540181128 828522585
838501625 351690211
116046542 504745293
665492938 78401763
731065714 958207037
379319128 368232745
203706700 776752760
125105855 120546523
262634802 958810131
130117958 428303901
736401686 925889790
114420806 343811159
778820803 25600460
512969721 381067126
22590271 744469950
323479017 976497279
29952212 188117523
51791529 538688110
614572832 821717051
302341695 45666666
986569052 49747185
235235441 805045006
178929475 698410400
537589489 627564076
908269344 375032462
214274292 200152169
176406729 220047733
930585850 82868731
918810903 227230103
71526370 783345880
912177289 847414676
55964394 104188684
303031715 525555202
732909922 88354746
673930106 62286329
696271750 968407962
205849691 982129792
811646960 774280754
466638584 553622128
769007215 578701669
849750680 150061460
590579171 997012428
59799605 874506234
906607423 365788239
204272546 209461352
360711957 836998545
576201145 64553199
340592085 136685620
204215958 842183074
190651450 699089955
491084537 626308305
530620008 668184508
548772612 606309851
378391580 840901867
167764996 348618228
509971571 726446043
723350685 646575537
877813917 734570129
726976802 243910192
396801917 290290836
48571233 789091464
7200027 309217899
706525578 832324803
745813184 894430285
380579562 33874464
479659743 663010706
714379375 518533560
757588633 171287106
207660110 885285782
239247172 893471851
36217726 421666487
22397729 757324807
407122890 521757814
4509795 492492816
741748508 510580546
608531957 246387465
654366834 192404518
351736507 835888960
710435601 54683479
997468229 717173742
634310536 99847241
504198124 221712841
246023097 129676508
499941464 42709461
727029662 358556807
469863281 969074846
895650957 971430386
215748788 42737817
471540790 620080657
96364005 45877653
936818199 639301356
848938721 781751448
300279678 577737598
601490058 816964942
484809076 830720309
319327002 531695333
824240264 991586960
812540752 155912001
68424089 742113252
659891885 122547048
45209778 782941166
726388374 359259718
691001038 17168900
837440655 335831388
988375608 804480342
862424174 698229276
606831876 799272468
439470449 425282297
406418286 690049490
618957224 490811346
384578668 550839127
445342539 139527506
468267594 667687666
737632731 336155802
511380397 396617935
537969754 311885406
47919100 770142220
540993385 683129250
984758345 440871364
7450218 804312037
25261785 372449715
824099001 663701963
819404553 287126971
159592835 719299678
72540929 159493335
386728984 105571804
119844803 283167118
571057166 299222221
836982820 338040106
490103088 274164708
392227878 381733068
472077289 911889546
443473352 266412822
439718666 896458132
3587984 247247849
7319688 728806983
351214685 781290220
148559785 204019416
284285360 379905490
319419875 146954874
478602983 623596833
732132152 271057425
246567069 133985407
236268355 892590015
377577422 751151086
100136474 428931693
137522366 287555931
540883490 408315074
598721365 899014246
118248085 863295094
328049425 600409822
950182237 14557048
237067080 672599122
599507545 776042013
153005462 732252508
48120901 820050527
881508367 186117957
40492450 880958213
375379665 663628286
600320818 248200616
79262874 280618025
468370900 666188167
175305348 203142049
204374112 242711961
229478699 610275426
360685048 221139917
634712700 569239691
697165745 15874307
748044117 168367930
110536726 115208753
138434794 981393710
545102203 781129656
108199735 993198653
110223154 424355893
526321871 920559852
853083749 188972710
554461447 883400133
584353772 873301615
471774351 410652838
218794104 952231840
948772363 531835721
703803274 591805134
137837843 589467619
674600715 968207995
508625626 456556206
592764614 40430751
648408280 626803157
835433308 946773801
449286672 492396501
741802362 891358168
1596456 897019891
59451499 315629762
506453988 138711517
45489928 592995322
556564609 320359977
463232219 861080109
878477396 297636618
362859484 806522444
916187885 731855025
449636222 406463345
32924705 635340174
637816479 14499207
890201916 191859063
448972176 529618629
35669858 154211970
271476016 621835260
493711235 218892871
48325203 241638870
157748582 572119620
667108795 919752422
183525872 104627610
54835500 570075724
912894714 308209830
63632169 922403915
380025424 275731403
317568575 522326647
889282372 272948241
472238472 814550802
823085920 690496477
726576839 609997020
945924126 982309886
564391979 105379086
694273130 898965767
187234686 201082199
576308104 348911152
168647787 543570767
628012581 405776521
966120477 539504260
442833364 719288122
686977766 734573327
654975807 157850209
520886105 454814217
378336658 682193301
65344423 338785249
672662536 133006125
759520015 476445984
957796705 353203262
652242268 318368524
657562533 702840903
780519191 153989062
481997070 520936057
346459536 775374871
793475593 745844263
569131891 661041936
762041333 217631356
25241761 866209146
623741555 899628792
537258098 268415441
160733360 306871794
697764214 704583765
936791616 971038361
964973481 681873680
684846553 308676230
261838952 805814254
714543709 480033885
802298394 939911504
100198933 819577535
406736999 528794434
808383230 764859759
243640959 906206986
563385952 809964311
539521757 567104925
827611450 3699714
67515036 931559390
976977576 62121325
923368720 554599954
978483525 234699394
298671399 901081504
161088617 185460507
723046421 207567499
584674877 639878692
840808104 860088738
104822866 125075035
324248362 230123065
220155744 373090954
551038446 862766643
707376798 411059803
735444092 440083166
324662754 277967878
65018021 514209119
420580445 540114682
748894442 6609419
81039469 842685024
976771348 825888920
927376620 404670824
519266060 755144366
803961328 165490740
52892028 24705712
653785025 220768141
231993395 663396627
149587338 976216986
566747863 13631202
93230327 486957854
345965660 676637786
412518384 950825271
71074686 316797593
143845913 928020969
852623580 391757284
562796302 133819771
49463793 970584340
406246007 371132759
630126619 703535990
321301818 495732947
438069009 346631828
479643473 820545418
447648231 622212795
468214629 858402787
176746457 764449394
806893677 351635190
653408614 778120697
211231272 536217554
814770114 205735304
775944528 294081720
353749233 477304459
188829097 617999166
244001744 865391695
627776148 692580347
637409790 292122691
810216404 511475210
812961861 671510593
909909110 483640505
15723451 286645788
723808869 588273776
696276631 311502043
36579131 508826599
853350089 641339919
74871975 226327399
724671975 828754460
622145676 601907807
801155623 956506635
385146790 181439228
569615225 571110457
631177876 387954808
426956086 685131117
460459365 977621305
377409723 990048060
747064702 347759211
489760277 559852526
986472065 78751870
225277919 748045824
202259596 462903444
651067918 362337375
73737928 470350059
737817005 935308366
403613850 143583045
408706843 455347163
319104206 718975048
865869030 710396186
519806925 141821949
517596945 213466840
188600580 782408577
845677918 579890286
520319654 188818179
542301801 870443333
220742115 161538833
595325819 866509690
35903378 799782938
588605059 189517076
782102012 765062756
24302332 829572175
33760170 795176034
698285539 59923567
163441444 870158257
649405706 247156931
521362705 851268598
479005516 638560494
435203730 459336380
913392446 608373163
567626593 421456045
508099436 667914582
774860050 841932181
346987843 916823420
448194664 700759823
219800032 554137350
860577988 269856461
367973482 617396289
290849605 442407322
404261506 193601929
451016782 286864840
267355067 360357332
205485282 578367249
990513704 409537873
15736029 371503938
621542369 999888377
836911134 31969644
727266594 300401817
558910874 957730173
713616976 90428074
502482074 215395714
57515139 377900997
598739847 364019052
620345048 921621199
751618152 817255507
939798242 47930683
297087911 570319171
646125202 961506739
744584267 196611963
194646925 117903601
68377065 87341005
945660320 125267435
995607969 719516121
518181766 492106993
416379793 754882945
645275474 678856047
176433781 268654572
169549045 29696588
953459504 522278014
711521644 671018117
599061242 293867873
843269636 553590945
889994470 226629017
195487870 836764080
934803818 666179434
279128296 317661544
166029617 300019727
650862134 590150286
80676044 330393978
870240556 191097433
543870257 679461831
837927979 179473931
878411242 243358948
185368617 176426277
629863543 575305943
274608859 120074321
443539320 906992671
929531945 113936448
749158742 381417919
246936272 460248177
960045477 247403139
351141048 422415677
331410873 120034576
440813928 962966307
29874354 418867950
115666460 237912067
851542796 364015298
996398788 681174983
699772124 747507199
740803171 188350368
757050037 449908099
803878349 994029855
318207388 76699020
159941966 77146834
994576258 430858020
675408020 870090658
373674682 141771539
29236935 815710704
443652863 608623657
635294995 14679446
940946285 114509697
925067764 585284780
67789143 178156232
733019826 364047382
31080434 259058397
449122472 599702254
35734858 882847122
852822473 295287825
394618231 50144030
250761849 893335662
484197955 9546698
430356494 505671180
642097981 287489458
345713085 806960378
864089526 861201041
327206047 814971082
27291357 166898714
769435505 92538381
28912547 362885937
50524479 792595573
988628313 662534830
136879948 124485338
9660574 877524950
427679097 341970960
253416014 188814707
131441590 502566113
39218735 908998695
640376939 620494103
561471280 194754901
532645718 504256033
255236391 70176877
317377915 137312344
509087390 119929965
427589376 307074
704965169 977438341
744707224 579794799
879886305 720889303
413649846 71256537
645686862 295344176
760849411 695989677
419908919 931301256
554783454 44333427
691705216 737589235
437277675 106187579
608022520 313687659
471796766 901700281
616537200 40763222
713272173 862003031
42372717 403149228
516910613 459670168
281544339 977541096
24697935 136576888
58770636 995974250
660490757 927307914
632056030 966643070
384607249 313514386
147337518 292283217
256113485 671304845
234472381 689854071
487845556 591091499
847001975 229833451
948530110 313558630
237144760 357446704
171282477 265083479
273571831 843211050
535557759 95385843
929394932 515134510
649259290 509767505
757999707 190773612
662300712 333766691
232873669 812005812
61893844 547606325
181645827 635116379
150121008 874399894
676949710 561799867
386339664 939030616
433423713 857685746
195245161 434417851
418916832 530446541
930652016 305455575
138689775 781496077
75261558 626133775
33642280 697559734
418897500 309750171
653165230 360181431
862791548 46278245
706658571 847432179
342184109 256286407
287929614 384280093
307679318 70081439
836477142 646223453
561526226 795258731
227507731 741040121
338876013 606549055
281546667 159116552
835009602 162932114
748018099 877726499
417143977 28711806
340786853 124694425
359986159 861182878
72553549 339431211
721673677 671224661
821205552 723247131
749406880 729585858
608524582 815665057
147934886 302120506
771234912 275973690
109712921 133575378
668009578 749502250
173060796 451930987
403199601 144528191
440835765 536444209
752199539 77767235
794413309 326156099
54656104 528730348
408827815 63598150
775138295 751189030
250553178 257176780
742504424 63142609
584290890 128689054
46920731 920618784
736641855 908678004
728557555 45858149
24094620 543258813
184774670 243992090
125823196 345932859
799116776 248556729
308209171 863637177
233951654 220775222
444933190 574509824
643135658 136497189
652623096 171868073
15061650 997641471
902794990 812938110
758212062 355860281
172284312 862815361
220886847 712372043
817221421 589210788
294047770 372152811
305249231 312353560
928123954 712880113
942471295 700364787
102643182 722250156
69099099 937177404
529927950 364780945
904769784 547905466
406366674 883161515
314099334 386290760
853998571 757567553
877753203 471945990
891077048 74069211
607988175 176526299
440058000 116570002
841271546 841835243
969521903 420838526
743789517 788454642
570642227 304956194
591400959 629939546
433924055 164014012
268449655 116701402
627916179 154686283
910583823 157343391
125255336 700824682
374369297 393037693
543399695 362436843
764877652 964694343
882099737 213162726
189330750 889335039
178643292 777960288
963713204 991810815
10974660 253040609
900031088 260907303
87573156 293880506
645028718 679192210
401771937 565968250
589796382 425195299
248162176 37066544
380341849 372274839
893437899 375836167
144563482 878515632
962296626 685780791
69722883 157175816
853019480 922320191
43066582 927403002
239634416 256108162
552679160 284849528
182453124 673031335
13264827 250268942
3638140 410715307
873217674 447516439
716565317 185361478
628432148 274157887
700531988 832383042
192344162 754419197
831038882 569493885
673806571 383713972
960255290 774670921
534047627 7629627
660306889 850060105
971621597 325313777
564844690 697853569
965877700 45599279
752993671 793463903
799402793 914921443
456596062 122068594
867168574 534404261
571031770 271619793
682667912 859594378
139092619 513718670
367881312 75870910
928908682 138298469
408345691 430099734
788540957 6326485
477142272 172720362
650874084 691968550
325358701 980762687
390327960 190537675
962905296 326643665
385174437 444067263
658537233 971537562
305841627 615156084
238814344 946536375
111424037 851700647
429104530 102174904
59665063 622971971
139196022 725647918
254205260 697135799
195040985 603271092
86970698 700884828
628656539 914245254
789222580 895364936
563679825 139005065
426940818 439716672
770623267 125091720
184745661 66538282
852892226 545710095
712537209 351432908
41158371 350209394
601440235 71514005
883406090 483296939
866236136 265263742
731880052 452647985
47580458 29594549
379918185 62986416
748396792 555753264
68593140 505489589
438499271 901266264
363443417 754786221
493674138 661552924
100005443 915767181
301897277 304947997
318440892 36232945
584000643 907676385
592782505 299756460
343842883 305407286
167487083 849672672
291298139 415966465
152081829 149035079
613518328 163597491
391308189 82558932
266087078 286691513
794521559 511636499
705992405 364954768
951545152 130967205
460635016 118472631
305799076 488866230
294098718 690545224
14890925 497349929
195151853 760913751
933471243 553648071
178431171 62166179
828323531 564646617
112239589 824882355
649059457 128265486
522198421 369249997
300208578 449625565
312963032 195392879
988949816 70368332
519131899 886212628
462068372 425481699
704053577 930021541
506773073 464695299
547507950 987765435
638232554 713431554
773741449 636926144
923764424 394582452
78743373 257076697
359335767 856177396
60305969 123561655
214175271 55462004
31211210 434159600
98143228 843138954
285455939 937060209
316504007 670934879
848033522 1578762
120763902 740881250
916466539 137663411
690613361 724524125
939650337 612510042
88378456 125049716
551131752 496583615
280529576 364658404
301268029 489800196
971173961 403756023
401738862 735950511
888121218 637854932
76708763 129871994
38777235 160165274
339632760 361217074
821722041 832100331
408850592 347345770
735885152 820849400
145373754 87721323
680645409 148129758
186485625 101633078
51949514 889898254
134017403 753359888
802230144 247272649
268997551 330079607
137015718 130151710
222206608 640730035
725094559 13187506
661686822 396124991
272904499 630907337
754745184 964113281
966446543 476018701
464429594 732034273
733307067 300857749
606331050 582293907
887430410 262884245
262836124 725110786
262217083 314975824
127707788 269664222
942330309 621365303
550918186 605921047
870251097 660934072
425594425 669168853
504220806 152567509
469335164 734025426
786031895 611159395
123068587 438166591
41933981 994934261
630345923 373842483
380140145 252054145
954385561 856627513
588039111 541273984
256822429 6527633
493154142 664086666
551473458 661644877
530319406 350813464
543756353 26541350
759323658 157956467
92833084 338418173
7794063 87457283
8249789 532024040
223288036 68793584
815119714 693971830
65236215 221600685
123516481 636761012
818468656 416657667
563461525 276305866
945134503 814854575
992010098 798035358
737226649 431930514
748827301 306006635
407188710 618836740
26116942 720129337
195453140 196840702
43643950 487092485
495637931 174471737
892783886 206326501
169365607 2783266
331493631 115330216
958879500 875613652
190179478 596108963
300239213 875308568
538782986 716959327
144607005 981724753
58369015 474908019
461096784 214289388
575223012 707814254
937879464 887722907
223312756 164462607
384166724 279962529
491494470 405582634
537833339 163918883
189863103 433683807
745352877 734577357
910874379 703397103
914653121 743776819
143649650 532099781
416443635 125638554
645680943 374359894
593713428 758661694
217952025 904238737
987884658 70232796
140294371 80893416
887189755 166338249
806799882 50463748
907858665 564942627
999613601 603051907
698414067 633896253
342072987 240170885
575064102 281999383
257498039 737384071
829374381 562250108
239705306 675285699
446458879 712817187
867349428 649225618
396342396 604821333
534744191 693787979
994828906 689010006
443452341 686426418
870594569 464086079
198469522 648533019
889064946 584974739
915923574 83422857
390630622 215874902
97297161 514287343
451024063 490169839
829599347 320372037
376648549 21393158
156619640 660172842
130138252 218988910
957659492 315745996
48764683 445048376
752080968 341277800
643554925 513704475
779145021 322374687
740883617 6286311
451754709 249764309
925464397 584461796
845209279 367044433
197357555 290828021
925840109 457695602
242490641 482566554
273750763 555364760
761092859 747680679
854478095 978665944
743008647 10411257
83623688 697078169
506324361 457629416
579418474 478858272
403355714 793320954
946330032 133550083
923224967 264219554
386964923 517428123
831089331 193026101
1986854 528546837
70452521 319208684
839023127 66193201
285130531 407603511
893417267 199168210
529958087 214499691
790568708 463937055
49684777 949316055
445868191 321074279
532328551 829010719
348996488 467774165
602526454 119239808
731270321 783690972
58809159 430023979
41135215 621772749
916959358 90791073
385395564 232018608
433992915 169096865
457951998 277013220
578847808 623311461
374723696 478626160
826381547 88972218
200155176 148194949
727961493 125164936
303456819 297996704
855161584 470645927
37581170 428825046
127704447 226097529
140509929 972363340
398774599 52929569
234569297 65656710
620527088 987259396
529648962 825419853
581027705 758103219
41975027 11984052
958464227 495741683
704926488 588612922
624019682 311663116
266001565 254283102
430172746 958413405
330968431 315735077
507756952 792142739
889825119 731035900
267125949 923007776
827151329 379806523
855477929 494448976
370736546 96302634
733509540 585237328
893208991 315422173
852380294 14608790
918397092 99532513
698031672 912525054
717982313 111353392
338144676 120553549
810744849 689391859
492624069 602477887
204804145 624810463
176922714 998989993
486115000 599384527
454707089 6856209
992763750 609870395
891414294 919084672
878073886 446709968
524527312 628990397
698152053 924099074
339459761 336893077
316158733 156929880
227077835 305588001
619565310 525335203
116904580 975353694
583461419 483903364
37776523 494756037
259761909 541901158
68516978 916265738
454515854 407286418
38976267 262029568
865036025 868517171
710474977 770275158
10310313 57835118
445111721 560658642
364175623 909590943
131729841 899846919
317453211 354892090
736859918 235728987
960293934 163690593
216940118 982087925
673635719 690270187
778061222 851488299
35866045 825997348
729887957 709244056
265605499 714945947
279038068 287951971
531300905 922776308
710232176 231566975
61758043 676383341
708346757 329466430
