2000
679725122 214120995
599627657 489208300
253985345 789244337
807264771 205137924
68550586 340740868
761304020 677008530
732596612 598947577
360356040 598257784
753053485 714559034
169916892 632488502
649960948 914004345
171697853 132689486
429741882 954806512
826599995 804416834
533384421 707007054
599310280 88955839
275442809 943209125
748197800 642997723
882882387 502594779
681373933 251992528
951143438 881476336
351380254 734134737
238203524 716451591
757373532 727619628
283778754 228711134
268824496 582068168
299805971 160555983
563859735 314638367
195083476 407086392
660648417 664364050
757242817 707070475
88094642 452518283
901535814 347913424
392766298 738548306
382479831 724303290
187424397 392891761
269801630 655485808
737391439 795237911
772691516 116937901
81718324 730797345
125273804 918364640
735351467 661659840
298644377 786815085
662783777 340859515
831243281 719484663
974412316 593224047
932686281 367445184
426790830 306702804
935613409 973171632
317739728 16256026
477988487 445677481
572424828 817489302
255116910 283814421
103280148 511316652
584046390 99128612
403620282 659139528
900820797 53115498
553214287 656967862
776602961 507624990
111906642 661605048
578341916 475492173
400961102 373325910
156351630 67416532
58806955 41890471
266842395 692241773
633192995 897535534
285791043 11012082
399081234 743820459
533403130 807519884
540030432 174833597
90346380 692615830
255584929 133743234
363481501 328385008
88968693 753674654
662333901 366478180
947050436 181800975
734456872 538697346
783865099 161120258
249758004 239771896
999160818 630150823
243309134 585366726
913061250 229987420
670253220 380697425
492002330 308841206
604433016 766451189
315158953 460792845
199379402 483437354
681525886 822360315
936188141 559633549
899156585 833414048
176622070 114079262
75467311 976911500
577541167 290158027
651738187 609112115
216384619 812891516
659140461 340477124
997585356 846658230
884243773 394592245
715755302 816146756
623008477 448765446
637657607 509050257
800313772 851392236
302109490 38500043
30421447 613617652
657408652 938098162
690425960 96957997
565065228 656624985
231473926 478104091
191871937 956027679
597909565 246139389
182981158 398497957
565535210 555750104
342203305 513736355
98418240 271237538
497206011 586157939
943674851 599749056
896435150 925698007
638281958 249037277
548755147 722391658
775640177 855684484
365233356 650739954
256645243 864098580
176869712 921581246
621448395 266624356
996498035 414398954
223950949 235595922
803337192 353047483
993073143 199410893
273705809 13400996
896706998 325736281
360465025 359085490
100589856 911275729
458600564 437104029
436582452 728269460
687342935 477642544
864566117 547855604
264006086 855804169
108200971 394764772
844390897 138707251
508352983 376515535
67768231 250693565
932534171 594726283
519444289 873591933
464626538 771925775
237088983 321012835
600470015 707017355
5466661 952012462
837273025 705029794
468679144 342969177
745645166 356078357
150838708 675131708
40707807 121562099
49111586 249800776
701565181 324090534
189933413 379778389
819547443 295705338
404062615 853511643
502712018 670912041
620212909 159154805
732131807 430039359
891294159 133436970
191655145 458545974
547253001 492780681
573560367 953541095
848611859 974026956
787415653 667552782
933980625 640148819
524984084 212415692
595203361 275588990
299643354 886372546
467774537 73652918
173926212 848274155
999035074 647914678
136332153 345877477
141642504 53466563
885588710 929138371
151967103 723065994
919783252 162525345
934249491 27442943
160097276 197909187
879027309 103483221
453904152 456198238
584453149 483385617
575903051 696632734
556561499 130748663
212918928 494076695
632644746 97070754
914370506 655909535
144930738 397822018
605056163 986740347
27684417 629396689
635186044 80752218
8749331 949011332
250298761 354423869
676629789 572168213
192479787 371381238
924955596 649850762
868125763 131388378
33382965 856700845
789361624 268402690
24297506 1623109
733002358 983975114
457952819 88169136
434542470 922917673
86787971 828348870
800582316 97585820
980453760 304041775
362265051 884598127
499693288 34116838
617870052 6207090
956856311 631915785
384039998 191719998
914523057 444622195
474595184 34303998
549656893 419091642
123833365 572312874
386238217 778120772
206586914 425607287
454524598 939683715
815284486 9375553
805458868 324361799
886420183 230539316
388461939 404973456
718414903 930531891
574112767 112314549
209254104 348784874
481245276 534806774
428554647 490259490
839372818 161027340
358018978 17191273
748396274 346140325
937108949 708551791
256862870 319809645
745637042 668518849
824159852 797293791
172897539 396135166
278848827 382067469
49288049 589062071
694889907 548824897
637350781 783447929
612567310 445604429
347247124 417816887
245144945 985724378
330868128 514236486
328109409 569573581
936274098 178815622
164635995 878373356
407585437 140873289
295059794 318912114
473351174 361733867
396171666 131208713
712230426 687800830
751639742 105929802
750818296 740055775
573635018 222280178
976637939 137238878
507385952 889721403
428115199 984333334
577095204 279699477
682399466 122960285
922328381 959570949
458739562 53109790
858668023 747508031
784213724 169365556
463738390 879128459
947451451 689179659
247310727 649474869
766246891 936321791
802129825 833042757
438449677 367888013
870827232 872236034
676831190 169344261
983717336 211043453
868149511 262909081
8156135 702455975
602161481 488043913
250673715 715096691
788141336 543342997
837387506 503050698
595007830 321858994
753133722 589795823
933042439 523649921
704582659 826311791
477825144 713052803
266091427 454251363
184053432 660536952
216790803 933327816
946391208 864713392
976913218 846637750
241806713 292911006
778131094 295203174
907187426 629545927
228882299 48516941
635849594 627615098
568515129 997035715
374911160 712539117
439874228 31656452
529917747 732169609
311212289 977537762
352753558 859209860
320408701 208498722
618720800 552209957
973759669 151138395
35684084 857184365
805833855 288897168
614883155 774075155
591410154 179579338
751999110 980031168
990140351 645661397
130933201 789120246
726589128 584477217
54072100 564880758
642527999 450670394
333303870 690046779
509292265 808618612
62320359 564525309
56377797 658178021
726638397 935741308
941080289 338576678
247531857 875280702
564143962 715469888
392931086 142240354
437006955 584385524
41122274 711422002
414170757 490014420
829202285 403502374
153737724 864782956
495550675 697088906
896141082 668340582
936085847 979767485
639503703 409663291
557753902 757586851
62060324 945557858
809698848 920453877
310104207 295689550
753805698 417731244
251239756 487756419
81857783 658886926
245351757 896935816
729824639 3485366
429994960 816358664
332726588 773251777
547129631 479776123
871359221 816765225
462619491 586077567
108754504 388105451
603338049 644194975
181640909 966873656
505497108 854782703
443991066 779799054
644355217 996359191
405447765 336741856
948031036 51256224
334621687 39131134
819356063 676976851
881058077 181429820
318450262 939280239
849497785 733815223
771090013 53501070
567474050 395547708
752456955 853218519
171609169 623046309
107702140 726592780
763576456 21646129
411564312 589289615
150344624 167438257
507557797 696607393
85482738 678418372
436880899 81660359
140071953 167848334
961261100 749206052
915490765 714675064
316856077 736350939
899180463 59998579
312714073 334564319
268058163 473158408
813536426 367944535
828947244 775790755
566606374 720217347
221912613 691035357
693826791 810260651
490236197 671010093
806861096 251746497
567458886 778480019
522300143 678748273
760788966 922206723
499577047 922959700
671669358 178581345
583535406 395110657
598233332 130480934
692862876 304257902
414053965 466991018
214297876 772526217
593171990 876536919
13383745 656418929
887651926 49648554
234786859 434430405
759582400 768745286
61410135 234008754
851411600 604529467
770266955 979197545
23777419 75515686
886319034 708165844
509495353 232821086
139850342 949175783
303322925 878156165
384597765 760818624
385072940 69333143
15095317 604486420
355005003 14639113
368278785 780513339
76079067 868021454
663937753 49588263
398302015 527095824
219322832 777456698
701757439 792761506
782828828 566771165
914686087 69610616
780848776 138156640
373943856 729218935
73007417 537985347
975116573 526526201
733374484 620488145
383587446 961601759
52478114 778076665
699203512 927772747
520674864 96788528
213077190 175350643
498250490 27568469
210062593 432751017
60443087 460189925
180948275 805128215
69738741 401479253
797988889 683919015
452280473 988751308
545625584 807345718
700942617 731043525
756297856 776773483
535338452 718463492
606828936 541973865
272901744 334289246
895299972 315577620
862220473 527634584
955449529 810628892
596942157 242857976
672637922 781187157
420543400 476756626
158162458 463417647
951984245 472066979
980988356 586548770
96723264 17427853
11585742 622560260
918240147 365198856
183587770 307970210
834737359 182899122
611179753 257682680
944374132 579158665
785605837 169639071
807446759 648887445
297638128 475436924
460611028 97956248
393561668 282793280
786314001 566289232
409079935 81829514
37007702 569938759
434243117 72357812
774141107 435422438
739292588 159779707
139880152 753755705
69445295 324943952
551186737 161551104
793916825 854699811
412668813 269041554
817553514 518745606
416844005 991912377
307557080 412671563
203771935 74413404
21773577 724943019
775719116 213206387
884163421 684315345
685784030 638479792
936780414 397374261
85573646 495023954
110950334 128041919
466333880 517303751
909961477 289228157
582616509 859622111
547917478 161814103
123075543 294378632
293822463 733205468
404845555 72021173
25787697 920182861
279059937 980462396
883137924 778769280
345267388 166733038
701911943 757706430
756437180 119417708
85786024 318912061
804139 393715200
503938329 507452715
823970832 2496799
726952321 819675078
26143122 124588582
409388013 368273146
286827134 283734197
810052168 868337921
752081044 987033838
420583273 866502313
637750736 285685095
116255955 609890900
148274957 978224530
791991177 454357592
483135264 598488059
918689971 990960503
416652867 958002402
909664570 323868274
509813395 125816810
338345936 660920113
648209320 4746340
55407888 361793109
742926622 813292663
718200224 909085775
141766041 479803453
404881001 794205985
556277113 297996154
482952525 535840100
634027316 68781045
320915956 824349377
853620966 816761460
73134296 153055388
540776640 578054576
46614396 438384302
126131024 899795202
85618241 293639653
859141725 250310727
186441742 198400396
315105339 763511643
541430841 600645875
908602520 266840928
161462096 694852328
949810006 198247243
734982636 187993836
555515804 495619891
533437604 219916363
972979677 90072435
871830017 468914337
15709446 473320703
444914988 204374811
565465329 562730293
733361836 629092268
234995522 285176572
834873037 360527185
748055644 939316400
838566125 254133834
150399316 816322708
889375684 143059085
980076983 395670863
415858384 233844806
513363224 463244812
549459667 175615598
91363922 44270228
126203619 505660976
285375155 884809378
22174347 319951486
684119014 548341386
767084952 887695553
561176160 325566610
205736943 17479710
399057461 637992458
734767555 548029427
392722612 264384379
373040423 738976621
37223691 111847265
982199898 556560170
284354522 433115813
414106006 779465058
719552066 839707360
781830226 276089259
357919776 181917527
689470544 425164444
559310589 983932806
217613094 851687283
846812858 871900638
208599884 73319401
885600913 89761796
228304060 400351933
541393683 367255303
945216646 956967662
832627130 171019302
261261025 829887625
614930328 773603441
37646435 82721661
782447012 400791981
369545165 174007881
305686457 721726942
215497019 141636013
415666892 299053534
535687066 777107300
527361380 881717085
759165835 300919966
737153247 317796632
603055188 642809759
289820839 670768506
718556322 447566585
280421753 653074552
90424960 697454404
524045769 136364534
312854474 396089061
267200221 980022218
951541997 131975758
104235341 612050626
571570400 709397307
813810392 566793054
464560761 461888191
804169992 118092411
894764213 359158919
569135110 346452629
93121072 154121967
851609505 49758461
942677533 14935165
475367347 411406576
365675349 236125253
628306739 775379860
129282139 276412276
146356455 235068376
439367443 161089416
625567086 696974019
3150529 6493950
852324497 381116672
802371299 774807422
879746725 367864502
756025152 402113525
807538606 31924193
349175518 809570329
615575259 803704135
280224796 660855506
413664952 56679389
232508443 930257460
372751219 825681295
609078653 658228490
658980740 856005941
461807646 780135174
867279865 995641135
744298194 99583182
341479802 715619038
703190724 167429979
126744698 343039819
771921851 961051173
119900778 975330957
518306621 138782575
160922343 813314328
585578486 415310594
869461904 227246337
315404016 832374022
115760728 832026850
726979031 65048038
940608243 998808235
485301890 822310483
651528664 702503036
159679279 879855221
189468180 150440995
714090247 124223568
972354801 93645400
677077204 970385578
539597479 641637079
581129889 14918069
793234555 678387243
743814901 926603480
735902668 45674285
144081454 390832868
183906147 607295455
336110160 139124318
795590718 686339439
562932209 433992922
665462930 608673210
563725003 559510126
312457634 55253614
264235571 978671688
350437636 212604886
712471128 644115999
906821371 692693115
479689298 349819523
671399210 195274925
983628991 470848304
510006764 427188444
286539428 265101661
518868433 267486546
149936069 433035436
172768022 269644089
346987484 169760880
462928975 794164149
230900303 478208302
134713135 461700887
564273032 211175952
829670250 346594694
362292250 66874762
667959779 106400827
961137889 350200330
895774269 870068013
412979519 435249054
385905293 986310431
293698576 509204345
917720320 855255391
774834801 232217082
734522460 219462290
613031561 197210718
92462228 764563904
95584349 306759393
737709004 522001087
500203996 267042141
971659286 935908866
508164565 484875164
298901287 983123177
459278479 296981401
652986249 639985480
86376079 291948147
445364466 855412545
818539712 37410148
787208015 433605893
991989390 967121584
645786770 731214571
67335981 117046010
985593886 486415605
848627332 927959124
23856685 806614665
236353387 11923090
875645538 556182253
117842569 414950637
739611438 200308187
962328761 516446578
182681484 314578644
74907107 450864791
571549613 564152453
793877349 234633870
626706811 861263914
873883078 992000263
418324878 175582504
528204553 33213781
927054946 771231333
565148476 56657657
116825990 377206801
829548713 68514621
287987843 512717699
946835332 929756760
572022593 52709919
453724807 87289467
227765008 717496922
80440361 390383229
769170404 362326520
3653681 536183947
209867971 715259656
4469800 932882478
21071284 952154993
544111556 117470849
616437826 801677861
801198878 312365876
739444921 665111929
861953860 177424840
192875484 460185703
136936941 622116687
309507752 699387030
249863645 400620194
785082328 186732259
141540317 28483991
651980356 552726127
553646901 547755079
539399780 152759684
847850467 357778959
439245599 420856865
825395392 610758542
230828410 74238997
964493464 362667901
840287139 769414506
380576053 159855839
402554688 713888156
718576167 219652557
84404006 12779543
783828317 944862789
592445466 542159820
296781341 797160514
392976802 124368773
861943856 207297457
202220508 315501454
386775511 961060753
341488141 670772171
922695975 182719056
862412927 439038922
990363181 579855806
584270867 725514159
668851959 32616244
712652879 365528095
360296928 383593307
641041406 335837030
849247699 815227504
121313475 431957452
388426996 363622239
544958392 599654824
536472540 446322208
74520720 424776258
510669753 959477586
390020469 978185831
908686625 372766897
91403997 609183314
995110361 150162716
404301469 847344635
962745708 15898099
876196710 400028682
689478159 570298356
916533837 874357468
365552557 100729288
50022268 960816769
116729685 20845534
116075336 532594200
534819366 657450606
32113004 898668637
726468163 578688807
106529003 346121316
51649435 90264455
384242446 477726901
570717940 414692797
608884847 887202035
14515426 923691205
225928809 546331862
689120916 594364425
167147227 4498422
557000157 875197435
206710140 592820278
261597349 109340735
800250914 521246410
893999441 50499949
610140361 526263008
702656809 497464085
84259594 561068892
77336093 221482401
740964526 727828229
76528367 488449565
795965748 602228206
129264364 6906761
215119148 747538912
840201955 626716298
606407403 167187150
307933236 670876582
536278269 784393697
853651015 171342997
112562364 672896521
81609454 423184973
352073744 435882932
810687227 685462660
482547237 746727315
279192725 481902141
844559244 139717018
222956201 755007533
775853216 323382951
407062769 617521194
114749611 660515904
626200037 673277296
479322274 285934285
332236454 246649990
288428049 748908118
64046937 936278258
148022672 506904487
703617025 468797501
416548062 384470834
721597822 773895108
342381527 787791069
816498761 668916349
253223932 798477627
837460348 574259826
945478743 200148056
670633459 984859119
785979699 536123645
284373775 95818645
89114932 637639872
505234070 780790733
292608735 275505421
451110591 257483029
631746970 450805585
699284865 391491633
467563345 946586734
655438221 941352901
838955437 511968498
456865792 476935875
198220328 759114196
260292597 900847236
663868219 354229127
24942705 8992527
238602234 69050567
141633269 198582774
365545615 429402564
989087436 944128098
932889370 551945071
268695182 206181320
246485037 658843175
232138267 569753438
333648869 314399327
944902834 233268711
63195588 986630480
763487794 949600107
70882966 319895314
35654507 462787515
128346779 25646231
245491653 15204066
415687679 949842086
248922177 4004292
278541585 847029528
471854478 4043788
225858762 895285863
959806779 842713807
33224744 282502635
115058918 954062235
736020572 842250242
759902089 569424760
96063511 912441238
115815345 856416733
175574744 25335718
452907116 17108471
687299803 621937339
757145051 153693637
690520153 864118415
320296939 382110718
626783324 941878525
705069994 697422007
732028586 865615564
849067598 608591345
647811456 718822262
882068630 117185794
484619981 187528285
307224040 850041379
484249153 831392387
771934782 828892231
902073159 729851826
585481288 455020643
308085122 585599261
554035408 632158924
7928993 207903312
888687725 585553305
94322646 763915546
342807732 917240737
578915438 299390315
227974058 897706273
359065596 636415787
871084953 904629458
996008549 630759041
989353359 574624841
397734008 770864498
872827747 618881390
680142421 39957923
984685205 58131724
128983182 502327158
719897661 175882711
440580532 616042225
502142040 457705647
952415931 204712377
554409646 832156802
345033231 455489462
417530830 787065427
514326249 978342074
876044234 795518898
795644995 698067591
931370848 657493747
774084392 672129681
226246281 78058455
451648305 347769793
459090294 751460963
22534470 417990319
991839609 809892535
121117566 602664376
706394489 6007424
215551653 558771084
937215273 41877023
852813025 80231905
482771391 71874754
784884619 2568114
521859307 477037912
208276456 794602434
401633960 738125256
617337194 615170536
799458884 536181310
717687118 177684717
353093267 228561143
222697283 770758286
7861395 695371277
742532987 42785742
549810365 30058337
270477179 575858987
115145590 752557670
810021180 465181378
610792409 508539918
433687657 456562627
510272557 978599521
278620360 374298492
4787157 497961582
399047517 391636764
98558798 850482455
897491221 893694703
455800362 419835504
594504643 860589462
369051427 197621414
867379662 53771815
57211508 805249632
523756887 567172985
199861801 169525404
890358754 962555727
80512124 820496760
712769614 784107409
314248835 161157994
23898141 711245209
535053530 320424269
298884481 868562560
996084968 398697769
656687109 342322627
442238729 340165439
611024911 409480254
153988660 513158589
274280546 847077022
842777695 176391790
651898457 980306501
745519124 764479416
251112302 626262523
620906539 405329243
886905421 822195355
673155078 22025130
531852517 804710436
299328443 218666310
584677795 52503859
848943602 783780148
525489522 977289733
277148535 763323130
594736632 278219585
963409155 414578249
622410474 573177088
465622463 158620462
54085277 542658994
137409903 768662668
945113672 56659419
688446190 773911059
32641320 713985860
119561040 989319668
667399903 132571523
608496676 921432687
30531004 547175768
332185504 481372273
497702083 709143933
750532063 367564159
902104790 190960348
457592765 416836945
233242110 191905859
482319388 123547555
541880191 564579100
354361118 166279149
896908242 545004567
85318510 943519062
125537741 471931902
644695986 339651327
730907862 482837543
304072096 959022964
543105361 83915931
822622665 747957763
792363377 827348513
221979889 233229387
759510780 353381359
690418547 274158537
561584260 128267631
378803672 177953765
798746300 678486541
863911265 156136867
586765149 122128517
636520646 670236217
364442452 638029367
33240902 161679785
118499898 314863547
592271827 477649186
372648371 104633071
555735177 937955275
443186709 71769062
956051669 272061338
795647847 690271605
656030752 872043876
698164421 910798220
923983796 18492891
801564994 429220526
561176384 37024123
445598365 878811679
245908698 887357965
756705832 550979096
80132852 383421535
87188012 298281456
559430967 859483016
424778967 693681246
125533927 346999570
838124657 208222318
197270858 413404534
235834707 678336710
770193650 481765167
176067197 751952086
937180227 108016540
550471841 979515563
191054403 875874127
39777890 565114729
419247499 146035931
130037517 210993788
946438757 500159300
512054355 593067433
391202323 691203230
294682405 513341940
86661119 343380777
641612825 149947721
864375924 880510270
364647016 208977993
213107688 306179108
788014890 707870543
415339417 884616710
92497895 503975736
544636263 897398766
175517473 50137501
113937182 963092825
188202094 377368597
910956602 960322028
425145348 716862567
305425497 963648141
639586201 1694938
203516039 985095540
855398162 409763494
727347215 498220072
439246219 159363045
613996473 299022630
587982535 72779526
701053640 643005972
361973887 980939045
190075237 250678470
708410671 210893137
289048339 836281129
529802401 759012824
496905107 944266832
568258985 205865371
737196516 48631942
625897728 63489368
58103252 178870875
645048037 119352394
340918384 349445992
903150413 64728201
505319130 524612636
280057937 850926174
983506290 646555819
354920875 208441373
701734271 916463791
262521627 371225790
21050612 526880815
238662764 471940056
304642160 545613356
726826308 768292957
706620105 914824433
763481424 666522504
532061572 277793269
223992753 652597923
844955918 726294999
867470886 896621778
77197362 427231875
849836576 347982049
958196640 655567931
31220540 375834771
289554709 504900753
563351150 109288594
96309428 810684526
540049674 919428653
966117883 689365776
133384125 193452573
176177384 114742642
134639415 294402610
651269400 778546459
187219459 866330499
675585582 24966923
538695402 338876695
131672792 465650288
344331442 757759038
672035195 775189500
122984185 409052028
678504421 877886946
356280486 846616743
483734968 658612157
207635044 551641873
654035464 221031615
965395619 162877332
874956351 290485842
835203398 347804840
648589485 169687629
71253324 359094668
775599581 804220233
274521651 994914336
681089560 198128492
325405875 793738405
3173690 420409489
734080074 185355012
309495643 904052867
726467000 187464363
614419092 151996223
297559509 811522120
589245743 318444528
357803570 458723264
902775048 308643101
384297048 617366354
660938549 103397470
685247162 970380150
16637877 125845739
968644301 300526007
240616232 570408247
2185469 286726841
582479578 29413322
392970250 971695436
975246272 962128572
88698460 778357611
738179143 834603659
685565676 398521188
22316179 836429665
650335545 130623012
612991851 62732301
942781119 701193969
150335965 427152494
659402185 410315421
527106245 97991600
299272857 743266712
17761816 660513474
131966388 154323786
551923594 831770896
287456049 919813589
365046596 863360647
602383907 649362411
3515521 344652104
690211658 117512830
544347791 946243581
447932112 757927763
834120243 13213622
83482901 48757151
665247986 460023478
598671063 201750654
187165955 662739127
928479596 963551071
471125866 55883830
389297981 471508229
104924315 618240098
854325689 902488144
899882709 45950620
395993153 349267733
706750222 424113868
568073086 638986323
794023315 820149116
202100133 6393240
645876578 624374391
850683832 699429767
186596797 120335682
336077772 364849961
139980847 646409652
653830693 960457218
75190121 751392520
895695770 553704292
752055442 232244539
368857179 648056158
977748761 762886122
319215207 28954145
693041379 932675958
834772196 63594781
906670600 903562365
369802768 191329709
278892806 396623735
282123127 54235829
622502898 825710111
623057714 32695798
383833880 127638257
514930695 250377274
283413968 380195602
454394146 434886312
957965137 738353909
353961383 704215096
729488540 941716258
337132119 464344344
773945474 778710085
679471143 851836439
698817140 18581601
715452397 788202526
119790374 498460128
237842927 301957065
959910344 17107582
361533774 730792197
206639020 315090402
327256249 451328783
505807757 283373023
789636226 294807970
112819088 408972025
510938122 880496738
170492452 113050478
517813997 546424510
439450964 510873527
749567259 472092316
44601129 680429642
230269391 832836088
690750339 705035513
829820914 92509391
918079386 924289679
678051398 714657185
772954025 918628620
308934343 245330374
150100881 793562725
134168707 538856072
531929683 520277393
193621276 822901241
731238942 526609163
364140297 603955547
290333873 831087376
293595145 483486484
751869844 668983277
188388375 380466866
106486018 109759017
747930075 565169586
47813430 659109095
125983088 800596901
718088661 336728305
747939773 656487634
706548469 952162529
23721210 359575261
111941768 172593277
613262707 784893011
352039555 709015880
817457511 270507832
725096843 432481563
449523744 339123126
629070707 363378412
238236054 922307427
863891519 633772475
849827073 568159751
864665629 615223379
802068847 450395041
365002320 491169713
371338208 2363839
139013728 152380125
870305488 345191332
828983592 10084561
112084905 376898157
638738803 194150263
557325510 49463675
897133305 213590278
348505036 455227160
221143320 876110880
511819023 671994479
801932037 673358555
136586558 167097207
496711612 239662149
167623566 106089388
288099340 88345770
945678931 380919870
10964333 829650804
533658903 936609206
759043776 456355811
247364849 133224653
883312322 778701826
197779198 310492459
800675882 544200383
462486755 227255767
358124250 222199824
789858255 792576599
266822445 778021672
695123806 948971260
481020151 781039130
419907469 69819261
60758955 59069060
618326929 939216081
322101151 327717913
949476467 516053204
177083928 9029827
466535984 491935173
623718997 854243875
848799780 829070405
714653463 629692039
223737577 336169637
193832412 833062254
44592494 257292650
477927200 381177143
491115453 981211913
345400975 171150423
276682778 726349648
472975275 404240374
250893242 389532738
565550765 438202186
776909333 88143952
901539859 908251364
14892893 176971123
11377440 638380997
975516632 452042510
602146043 128868709
935746423 612724719
725837192 64977604
348484198 115786060
352511997 985565942
218157527 665751806
605708017 555674795
341195788 284858828
975939369 385535461
353388750 998596574
129167272 971971548
486323653 555266911
121302527 349618666
923104654 519822305
971543144 369000233
189714959 734316359
199575321 2731277
449955634 862260978
40851790 52183602
26606623 212988391
242951274 814236780
705561071 131314094
321693848 446847694
809714324 815628900
680817458 307521353
751373096 814363219
662356236 320857654
890055879 171974148
975465559 32906274
48047792 928294736
710883893 125866585
784642407 218386331
282769908 768148830
578966543 620748832
271715060 576547903
335361730 217036570
733238669 870172387
325045334 237865241
732062253 573178762
319052255 292624904
432843167 290699737
383304084 914977662
444176769 572568343
134801670 555425441
531892724 951345013
94542053 493195407
513803793 774983768
545984174 818449406
590491148 4938311
204469249 998277156
226808455 340744284
226137142 477375945
893004792 999847221
990209729 14527846
465384232 264722061
443932748 468785953
492135639 403153042
368928221 223504924
655886943 200669577
102983409 26422810
923383720 566955565
528803651 302365001
868739597 505367135
105930505 172010482
115978419 133059260
484007050 970818082
520882861 588724848
832133384 308303739
967971297 542080087
334864694 676690608
820127324 38665985
441412048 585477908
260910279 696244575
323677276 584662815
595959915 861574180
807060786 318401762
21253253 655274664
939190215 613797049
131322775 371283226
850351908 380653842
971185306 193338415
968628401 8011914
515933551 61790364
74912456 331962251
904468368 894110223
631606276 862982588
542074806 12963972
466263695 763015894
694445090 890100283
486436764 615797799
749726925 973544917
524749189 563564507
556532772 906215316
443510039 24408491
695971525 378695443
116960885 939438554
849922326 738849180
884340342 20912851
353227916 27338220
590172647 152000876
291779137 828984235
812264791 1418950
466555810 967490043
196494746 752233983
828611206 304110840
652583739 177512315
97342261 881431662
222715795 159311247
887533321 288702435
682822643 912764242
806004929 862216006
188416782 623148358
770372027 49893766
901667248 818424301
609065465 361214696
52124988 983033803
788540202 877505675
801168969 270503889
162151459 103029194
870783476 622644984
696248696 822275231
438627561 532857122
862457952 748059587
524561630 38747886
722447311 525065040
90660156 979856568
540779915 215341994
764026807 603015964
40856852 219914096
835986825 779223952
546912364 371340085
155114243 556358174
234411599 566552703
70314881 938064366
325710936 981691313
343762711 800070393
245077361 174559681
762282848 584129034
485103275 38587563
107677708 612770731
656953909 848742379
931318219 806601253
837617290 91349285
57946254 966192451
901889420 979987325
330619489 413880614
766914625 687882778
429681089 31291625
855750676 551760108
476368832 269624146
232684597 821324577
884501026 107500483
1528461 234025381
697685988 839264729
840233383 794038940
743846789 17355268
704656837 893180296
183646682 93698359
506258158 814317475
394684237 528812827
955956117 120611679
886973613 990025786
49061450 370306685
702089587 790224852
387328711 885510399
168093480 1630469
442957392 792335100
323649555 991756038
96061697 492353723
166372307 290854299
200367977 453069784
72147868 535114855
672703667 208667375
470910049 785811069
185570309 267687196
26031129 40953636
494165288 292327979
948065832 241130886
544977636 542981757
641570461 408992091
129672918 828554716
984911117 702983874
291015573 497634059
175647791 90960173
423724254 756352754
352721069 291326536
164209765 970248319
375930920 532628730
534705289 437000486
81189016 94677622
541133760 928543227
348733787 588804260
810432 804127670
521918607 447892834
339047237 953565092
165828893 852527484
849857474 905809093
302117991 409716727
360843259 328477922
37009674 185599773
678783875 357304770
208574907 957647424
677466786 124754068
849830071 266157375
857320750 430637679
296197521 560526217
857824504 360369830
452408566 222128786
828053502 96588284
553939467 792446038
54858230 412497208
741563753 195036989
958779237 366033840
683261142 246343353
749642711 164234343
585307457 391167614
96803780 325383873
597724779 533624710
924432616 108388924
241789817 800399506
242398589 516335207
911174723 410392005
430545451 38805883
140199446 20661482
169680415 387426416
934143969 239136449
30126230 492727977
254455926 929305052
553478586 620505518
279522364 892115895
253109051 736708406
150960139 402168459
93955153 316186573
280843024 397161997
97410657 402999145
720659784 353189601
317060175 422356875
807649729 150798350
100095702 963285450
6710651 463088623
777999484 860419711
60214937 600157518
252904555 405933855
385438065 964160228
754234377 650091639
678658133 159513719
610224273 448901365
361240689 510270365
116202213 421818215
145070019 377563036
317484434 732079518
733006471 447016584
254575942 696355479
353890213 917211008
657930355 822057783
795778896 960729840
283820220 685340914
53209389 750898888
688483599 564544401
72080628 467814836
156164008 151524365
494218101 626685399
849520517 511382911
109221913 225499398
462130772 274105977
371417333 806674681
893950462 761726834
51910610 772176621
954778494 878506937
106291042 442938020
655401169 60744440
661763540 718698978
175320662 236046057
204081819 250500883
44723013 99452442
753049783 456050084
990560819 590651990
382202546 363655892
120784029 263623942
867299198 405378263
691482033 892536696
590362772 776120542
340828070 762583728
173568876 133944364
929418953 640887153
674878092 109627568
734380229 307443994
725556365 438238475
65512146 558670420
485364084 155460983
727735252 771545289
523936433 373796848
933520819 517362434
7360370 600762044
271250611 543352190
437578337 598325185
80541624 323854283
704421266 625547121
700374684 397571847
482787612 447257272
693613252 196909096
845625712 984123246
793311488 952307457
644114061 53646712
637999215 868924759
347637729 460745056
319094394 348475984
84845960 961613727
951943573 27586127
892790094 951758449
946218342 4854180
723761481 416944469
415433549 813440253
316439108 102750192
705468280 252085988
914903948 61484145
786051962 424938102
157648654 416333018
481333017 97382194
404328831 137864256
948695230 882881694
880108869 698757994
692196174 805807865
771947299 851793692
496395593 242858082
988765919 487029869
659724745 14106984
703530594 745084349
277207541 299867998
868870494 511949866
939653192 476228430
693384132 311237380
433608349 306470194
865682504 512271325
292047155 756897205
715712759 226832413
654998320 259383522
631196955 246047337
79429064 947144416
957616629 807576349
129383864 810991811
16723853 571978437
759329391 57916910
983126314 852969782
477743211 627248792
602964405 694678425
989889612 821900426
19740890 622700608
505106620 308029612
803806071 432469495
792486023 350999879
174389103 122141854
44739139 934111254
428384876 443256708
120119414 441145590
479480668 375439392
702215676 459393593
608856683 960663605
217448048 864374156
455852600 532811656
406317875 155841982
801964960 369467976
141306429 699246853
92161900 660825067
332674365 314361983
151406460 749868704
438926751 531970976
583470903 969427508
720335113 106300349
517566413 710320390
918094967 103087045
492507146 591367471
423432490 396182535
69626877 106479441
401948775 971476166
390987697 526722165
83934415 723193761
457335669 344531730
660304134 236586335
574694618 297530268
822511209 236441837
913496481 140885175
254902232 39639344
417063708 391930134
913790372 803116339
221699591 87401895
505074347 465094699
81498346 607587675
476234155 991089037
580044361 165384023
440684355 675577808
466392092 307499808
700391324 470478068
226691703 641150601
648725232 634645535
942371774 217503325
227612458 693384878
89611212 464628797
908529094 640292047
736796625 811962738
508815001 224878274
771360813 58147111
625220867 850645385
942687482 305217224
284500520 960635409
352852087 915790785
129567298 644960195
880846275 510222852
789798417 854007996
794212344 571126800
83920855 527034742
618544256 843715023
757974985 190097252
597070630 388125860
443925581 384924858
270066998 574726084
33059871 660231455
508502591 81160494
156329520 839991997
31947657 129358864
453596511 710920808
438453901 413891885
759673296 29556606
288969830 244451488
950855218 939090548
371526624 946353954
571737254 459165386
864359074 969587287
806271809 468052056
335152382 502492893
548820203 509501416
818065458 339959434
166719906 859210495
541497330 227894917
565393021 274174936
387312189 643634197
278508361 154646977
506831333 13921785
366187497 346405918
351448121 571333363
800134582 931677319
642159025 961929019
693782731 742575053
146880508 817682330
415274969 509125276
479522236 789823020
831513963 929673078
329697495 310050332
312082244 643781308
101370287 958417742
800115103 509369752
629214555 318863690
544875147 171501517
216931659 777179144
741918931 244515070
746396419 760036853
918269350 159337886
520006703 963955676
91931992 294276556
419714982 273957951
858587356 137570359
34845811 69465612
671497898 683098926
143005515 661814245
671756976 349678363
65915208 448219179
13714129 246346085
319678544 505638897
787598564 999879919
949638877 749760066
786048956 507061953
783668835 605446522
665333810 900382693
951664450 574546412
722044376 885266283
319096401 325345324
423715745 468980360
631053732 761126224
215923788 345328032
602541796 386175306
350901477 619354189
511083579 444651631
622119691 184803447
285164149 517258883
375438831 88227953
694649623 55388704
612585766 768762579
645099973 180641473
467280010 491855205
453205332 361354074
25759429 213496966
853701490 397191671
148310791 196937578
505178355 303506828
392943854 714181769
541732090 926289060
369893268 623703225
758798350 196720964
406125046 887540734
314508153 841322051
718864412 414266549
255661082 421968485
290975178 514077950
402468044 344406755
280209516 974230001
1250942 178491119
771324432 542361509
350379425 880584416
106932976 473434131
226320561 137053873
460333545 925535935
114466824 175373423
456647471 14919206
657138442 600767324
427134544 90347061
801613530 208625559
412858913 98720977
725187361 7956960
404218511 705556569
801183070 663815549
795415412 621794681
639202001 873387932
467238234 895790035
701584952 764502205
704179527 42629207
755311329 801984078
780496611 714320222
433597435 89635911
538710032 817428011
31936151 236228390
508168132 472577032
943824007 881539839
601074613 58505935
867241630 475060542
670557978 784907312
614629327 674203988
631956653 861997420
404902768 234922327
955866622 528675586
261057333 737290424
823748130 336523674
977223448 398253253
126918492 729316745
169986221 87575871
752992354 933174371
71649447 727710241
886597508 549631342
727450794 800591612
241507168 760237269
130423626 16661443
277105370 48054929
105741308 157637624
189403047 867705930
589149730 933735610
763951712 411888756
260769236 747102084
614915062 811477250
372070588 917705896
810863335 615394894
687193896 589181357
54123171 62771696
153684255 920263628
244182630 337236693
265310634 214617186
813627106 624002877
161225332 680579260
849564619 718221180
420446707 616820908
72993412 638040933
993600225 912389930
30172294 378681848
525838801 435014100
69960987 23492247
733894357 390214396
157114773 147215795
382578962 587590619
195836601 276959705
110293277 498257189
281664411 439533623
146541377 461312562
336538911 90273314
328844835 888902573
20846570 395446820
813583047 15926006
535190121 568741295
417272670 303881343
581577597 251522358
338537113 487004873
971824272 375856793
721326849 334958642
816240775 697522793
192540412 561055584
782378963 370020558
756618323 41291129
73305545 483048323
369630730 233333468
937397281 332482242
585387142 869404575
344523191 214150921
419026361 762568843
942672012 678022796
62122810 604101119
195597655 2883331
732898062 751434806
566632106 836395357
158489625 79626324
865637204 756130301
543191270 363807152
924887226 476241546
426921576 689949864
36033392 516894438
843628108 529414431
324455678 856442488
