2000
542849514 963228350
992211142 854372919
631664500 543582019
975190613 153425214
814144531 67930401
443058237 745156392
403375799 62466189
865815689 337968018
260653896 5832451
899003716 369847438
994621228 16353450
821783485 585704361
682838603 409637553
590786333 203518925
596846149 628842843
448351641 751654883
102195713 849046665
732504059 736957414
134626612 799656162
516756523 537218031
961542829 178157060
972773679 976505493
891563722 136421033
696913015 729050415
94578238 399513301
330106007 93757862
641739953 319637940
539945077 556012309
884116958 552873064
9409700 298840449
917281534 544058445
311669276 118232784
356554742 700004230
138755382 852401991
113443148 107691758
158280797 932652151
688790840 433939445
540329422 766896894
455372611 299633590
458043069 196794406
626950873 592501519
826625134 946283097
974629473 957199808
202781345 178108073
78621328 322892109
826298251 66969851
433280349 793663789
517353035 902359553
212973405 142622100
903489067 506973678
372261544 303770645
42109496 398399458
822048568 479340935
266532142 943662150
347505236 557631589
290852887 456005728
372128141 836663990
321500022 814887419
623195622 656537987
124816331 796312612
496774537 253256314
289088952 819385693
144117236 555514665
446712592 206264589
671527923 641897231
666111960 478229400
235480508 265227984
710050035 512353602
241481896 364889199
418425032 433921502
873544912 780707897
943241804 602020602
763799296 912126655
614125103 515307792
106427656 367063130
8251005 393394502
287493166 980971426
107469359 831879688
248878474 970792157
472292485 623559108
363976033 145492386
827489035 371152289
80371699 678013329
907616607 323295156
827811361 15534632
995847038 295861962
480983295 11631415
218134863 283242461
518228240 419139964
735023429 727418769
933340855 998759685
278408866 165100572
482980214 425238016
821060126 828994494
422026074 26584983
704229772 188042070
500686124 359450020
202177084 403934059
915274180 109010141
125682691 394763460
786283062 776649938
613918616 30354469
981621185 873458131
707704797 821493827
89923220 588924058
716450598 343828345
596575578 740986904
737103085 358142640
247486624 650800969
752438192 964469713
781539719 479356956
532085261 372250153
292235059 3073159
299481888 453929988
327585480 19189862
398121892 219510111
32824127 652462938
105928665 342485837
218861210 606518845
479979256 412430576
327067680 723119862
366758028 449779229
739114890 810195792
173028487 777589243
343811167 55016335
1624065 959945944
848883006 488143415
553380267 962764067
137457506 800104942
691055694 894947245
93546905 880286896
576580743 950449313
247769791 892681040
269276823 307682227
119233953 88768290
44159626 96019523
408135624 279900647
424607979 799489921
408598869 212377421
179643936 888735831
918842505 692968619
780413486 895966435
799255750 202649713
832486587 348384306
167966766 225698308
141333522 970266380
243437084 329550157
152986893 289059831
578602124 793585059
567918099 454476080
594141967 375451711
219918452 190633091
139443377 642012044
888305929 902005698
737571478 386837689
411391464 704995092
216627338 872222811
233964480 41356263
672761542 359185274
154926389 729685293
409498069 748449546
974609632 826931339
338063862 827958779
458458428 950706273
494615086 83637561
389000008 523605817
965656059 684914820
342885894 188644737
29212993 301421422
378269816 712895562
285542449 995949486
223262643 862508121
172214054 327309192
385361621 418377592
668220519 148239727
593498468 665444698
828060043 442801325
676788086 559736995
372803468 613055044
672017401 310948201
307041322 805125212
797175685 989236091
912708894 815229771
453658033 884416509
904028021 479657021
964373425 625023659
228961281 916277656
521075229 459504603
296025329 316379141
647139801 77205119
813284360 530753051
170790866 8191236
496136480 710971276
977460056 108691306
519107233 49588903
809313639 915113006
43010207 186402682
309810433 936472834
780964343 444586286
417269936 123510506
536172705 328001980
321079877 678721833
152215826 48167057
166340215 494485177
400427093 383449366
371148562 859819461
424166090 148341461
909049409 205962155
350351751 238150003
71359827 382719786
369523334 457922535
687460937 697464643
263648056 662625899
627074025 792974586
586095599 653236607
224821688 768477516
264741444 615958187
977399627 564816571
899907944 152225711
899065467 228083708
237126588 336969277
58976519 497212389
170681150 415065252
305978778 571958187
924036 556272513
20687380 106233216
30737428 456847160
527957223 983756491
112782298 642015001
40779085 890678083
176142571 899757551
461852936 697208971
750461285 245192565
183287223 531559366
960161602 94228241
613161567 704259033
679811900 9195196
241067150 56530964
541165918 184515432
111419682 174406085
157006769 677165963
629519673 116830890
805536341 222303564
628276050 617021866
648832659 253054006
935057995 472714591
150369355 34984108
651553844 67789489
861620141 740455137
723314415 550400607
407745694 183270091
123867414 20928710
750843418 873101451
142152886 545693309
752587027 629038478
206905315 244947999
38585811 972191467
141017819 628705365
739329225 128543864
836505531 347756888
461626227 234133945
251204785 308407332
830332307 631751820
138276010 58656574
460307701 129370153
296855710 326360250
884249614 80440654
815265481 191238889
23943841 923273457
973502202 834075598
898027367 880790690
195888020 637099530
219160490 617912825
853057223 258242532
412680805 73193481
574097152 969116048
712829212 53857227
835629485 373273460
392780175 281919892
837674151 95392512
252947556 273317240
117309909 126407071
796947284 781136009
538671621 654124295
725131253 755922298
649049687 735415616
84015204 711966822
175780897 369372346
570894696 558422400
457654046 58121551
236594588 51982248
374743366 217889145
8986374 816478930
282570512 298587513
633910763 929294906
568445333 367860779
438662069 717986386
902759967 837270845
803135478 170414357
454257126 293136587
728472058 739951455
459881117 292561061
91131078 508250028
100500234 950711956
792444754 764442530
749341911 527343456
803026354 513172431
307652707 841951802
132357551 832956811
284598455 20070367
756091654 988535314
382827015 619231427
215274409 573730538
633423482 837516282
139253848 25362547
474188584 428011886
73728213 428979803
675004344 735569740
761886047 983428522
470504534 905077744
875730497 119567954
516249499 721152165
130181938 524238010
779640229 24548652
449992953 853466370
605450279 783662241
752041413 671019653
181528657 583170799
380465021 956419901
848947047 163321861
807457296 414678699
737454250 607441695
643336811 481817114
174992645 913860052
192944439 692447471
315465620 474153911
58387 357103728
875932740 524920807
681403754 213656433
258878293 510027057
48183517 271251064
823881354 27587843
188577635 606099396
660991436 609268614
847588736 894344914
690392728 820783249
515207813 66101320
532082524 371549021
386256490 290614230
384434304 652777571
354086457 758810804
212883934 194011325
748669199 776558561
878990565 182199076
442496594 338789074
628984679 800983165
361336781 119173538
822962736 966818340
979312614 353402074
914343150 870048690
169975729 224450458
499700785 671752897
229045261 505885095
386967137 340387576
337525573 687386361
735988435 224730868
373158508 384425270
610897173 566265246
363665358 241423947
272338025 622899394
713111112 824175015
463325168 364389701
324235782 974651650
636559022 413240966
449825756 270398176
925867789 411086499
306394908 724843503
231689252 256893562
238843715 600282632
948364973 357524456
448546062 671796745
304326184 567316913
154309169 98529578
657570594 100234943
425361460 204603778
231807478 746709076
214506757 653891305
270806217 405282049
22320034 539046702
323347363 148980035
414949587 326688190
544305015 929260829
453183609 548087622
814237703 261053018
870387720 765640700
282213433 147337251
737108121 310239953
827266461 797865836
217586211 553160323
918109329 926515701
204472124 965928652
318237809 192195105
874272101 813583495
30130256 431198244
68740432 305691357
784820304 70730792
762527232 807202863
243927618 798195263
582197163 176836635
133796504 543731227
987053145 332658548
381001324 853456653
847045554 640351370
641886853 951241189
970454169 136366185
8069859 312672273
919372616 437832067
561727352 193143902
38328389 258398670
782672535 959555597
497114737 966928967
888437693 758033704
251349008 569127574
667147568 741034251
870782561 614760093
68651401 679372605
500683767 811384942
149961169 733434547
977624066 200320217
299033667 750901948
267898123 456154010
858168947 529595099
935427732 903752871
873021283 298731940
256659982 517346332
378678731 291672674
983707051 353635755
714159573 218057896
232419375 152172450
239612476 863495547
28666954 723630277
112865349 279855080
468518745 255041713
516439950 735037651
228799415 567179298
283717067 410408994
679233442 795404224
474563430 461758303
320073615 220441207
937299908 867939645
291481963 189774256
565928083 713567778
284151491 353093663
262536198 477411874
865140681 680426842
342779299 449906715
968326919 435263377
217545699 581157093
82086550 922331434
147151213 191800315
191992823 561060047
189263246 77382993
916886560 42025519
949144938 188662493
960064857 408256914
486293223 222347595
852406877 414524704
185730536 533852228
90742695 788713179
399794195 522787391
429121606 749078797
738401664 373414462
121937380 6215178
150551960 527037102
53638482 99591609
900846546 238689762
562363779 594641416
67421989 225058019
655980539 750747650
671236161 6035660
922858408 497321875
933325862 765031660
133740311 646760359
484645991 960306366
872823986 393180068
752491568 257479296
426137722 923208323
762309626 231413314
324890794 127390545
901921914 910008536
983079039 505896242
18549065 219121980
470471997 87032739
341415767 598665140
428238127 880420845
78949263 707531806
415142398 330382423
750352261 191692988
199617568 505055131
807371545 647251432
485126550 792251036
171046925 516908340
607101293 48427510
440996503 112715258
359202071 58355873
860136030 501561047
19607942 67445232
456996453 76982110
150116817 61504410
213590360 793595157
28815651 169776829
47771010 269573858
183337730 929835293
44563898 724954863
478578976 341089552
312513582 53773024
465645253 350429334
258766425 977943535
349616156 753370516
960540742 863639096
569613867 305320184
534036772 391452659
982633844 731842127
442341669 849895620
204177026 963669049
691196289 228894767
25037563 623065493
135427016 308116917
244198419 411425391
164997415 146969631
111008526 643520679
928749169 956104892
339885255 719536721
445719711 493338667
434598163 90320775
65488291 933369263
221240868 378266614
860526514 506148144
797624474 996751838
557341749 91737139
582957466 677653215
620047627 377485057
690584138 258489104
508992178 843745504
194882175 412945961
111530068 308956573
973062524 445373576
132446284 595212613
828084146 664620884
828323735 737281615
410505647 18554587
820066313 79631934
296223235 941643259
259415099 599335967
578854050 23762638
161018241 715749802
803126803 432772969
261813329 372158629
883506547 784738311
841763465 411253
72425804 554446296
776523532 37870560
464944540 931988021
693986145 339430595
590040067 940694350
338396101 654901922
46805907 325894881
895929837 433611455
982004054 424110185
435135104 268296926
742733143 197452532
437787736 579577991
217142521 253782544
451716818 836833714
115075593 315036401
248112642 612256037
513704823 347797548
772308829 784288980
86296434 177583188
611652566 99728007
17021941 972698538
48273189 238845797
544843569 998314902
862345958 252893254
863187368 535423135
226001220 135640077
539466896 456708887
211407514 264388646
327264963 192235139
242505863 584201769
988958993 799779751
998967115 275335749
403200611 746714152
20902695 706294145
986639782 599149379
544900284 27896639
844701058 964312704
162879735 981318197
395415528 354389581
449206251 208054039
778400338 19281339
851664681 143406239
138331137 245223440
408128476 461117959
852241091 728207136
36039490 124496665
983466580 956932929
356096434 300137490
84178624 352695116
227454891 338143747
265075075 440075600
835487829 538563719
731135212 582105378
895710171 625814149
80112719 294955278
14641177 978682258
826394911 475600732
589844881 221165704
23519540 73879656
935659451 417040984
357891615 879740335
291129854 143415896
925809579 820660386
703511191 937029373
993878975 950406420
106318917 75552901
464050044 602615371
569667801 709066095
106661503 648955811
457109152 915284818
172134505 208609079
232467929 137486897
659028397 234646613
582629211 759077591
445182122 708445931
432913926 988937088
21308750 89631115
731615181 610424854
74526134 435512379
242509229 953602889
590423426 554117353
318654190 992923648
280918203 746369307
403715273 26118327
677498441 451699735
478435412 355470352
237245504 216207971
261778072 853936407
177061226 781289421
831247684 583766800
249866527 508019433
508519496 111435637
80264804 599528380
267785297 514664669
531919795 552581351
846220707 428086549
78743452 742671433
189220880 128075696
28209136 531309673
516341083 179330704
73697473 893113450
714553757 122204149
747099408 574762038
206381120 300197308
465598591 792915190
128922492 701461996
519239742 618046313
251409069 853322067
771609379 112655032
907227013 58058715
214859833 868114206
578288497 750930072
817781217 630423619
147308819 680109218
502954227 761432120
964834772 20344952
94325837 923434552
945337071 573545383
719440728 908930383
723344218 535034793
602506482 553930713
19917381 588489742
780786577 180359850
460988834 230008787
883833791 204277356
596916062 991173036
200068385 500746550
429834726 287647824
821657874 888190069
579704927 668771957
448781787 306424022
491409787 894091471
167396830 44746557
177657249 272974272
746485804 184209334
773073427 78435892
396476120 788898159
37163866 298577900
661730223 844956827
695828726 365354644
126171449 409596274
674440859 841474407
376469892 184104514
806553086 329004455
892714793 654904078
866299586 867312993
247869332 267390332
361602354 152880905
456704727 298047743
511401316 115102196
395430120 578656552
604602289 539570491
702060022 776075330
240862755 578715651
38227464 998532309
188910436 930200861
874320218 706853129
1706836 279305793
80801950 928214129
542577116 251486014
760511438 809509039
775325810 38241454
746416382 69917373
431655755 777607406
31287641 632891319
666724276 763935712
963795233 771336506
162196002 766525663
211043756 400841249
990263625 286532319
225579919 344850640
378973753 81375651
760604846 997280690
23215741 11279269
937530403 934114525
714879310 4465989
142839687 70563769
217921851 446136673
252844984 859124358
135612119 868741179
797749986 429245642
451392075 156637331
122038192 281176407
689796526 580957776
536183850 699789520
397658378 909052986
164580473 763093498
111365362 227914474
52129416 810727262
378104234 220825542
226702850 587784822
927557783 358835834
169602108 646423836
464649468 530126674
326414721 432704946
387522242 135866890
715760270 707677597
25398386 701785010
895864224 325017722
212300807 127215756
822036042 612191047
109746641 949464791
388270005 209684262
809170584 402242139
423701273 404420402
839610184 861279309
858634975 314354766
790250256 464416880
795803921 292928451
764104579 37556221
703857028 248582692
701960116 627143069
589396795 705426383
219922245 290223589
709647625 310245802
257563973 410879545
890001111 907833831
248912794 702099123
246032113 718333973
305784051 780730305
654985010 496554252
873490366 833755210
686048389 775136459
356052141 603948352
537311053 910528017
824043001 531566479
891495505 483027382
657723903 779085822
217535258 635742485
757312975 49847518
847906582 545427615
531118796 505041850
62475148 557607252
581311756 776683732
357951788 704981007
247928971 445410601
738377571 353095979
383569208 761227122
887377586 586680376
492301956 487848938
220531648 849215630
747285560 972040002
316409166 899326107
670112338 850298593
535535994 622312997
172817896 838355866
599263296 426714842
179060062 363741380
585784679 186455414
607932245 396896161
226786350 947782896
778641690 363045009
102000201 398775060
468180750 46455007
626291658 304081401
227401179 354641767
801640944 682455958
544080468 424636549
145324722 810791035
453604679 733569119
573396584 672357671
390357862 793589764
807269741 25630554
185080652 724572452
14798887 503295685
345462051 886763958
776944557 252427269
745233781 564356712
996503526 53753002
519016937 792646056
937976865 739511652
367367939 484780160
733590640 713698283
650355866 932528188
893668395 548995583
7781726 780470789
641439306 855657471
861093865 838166091
577277012 801601666
5051682 275012917
473885699 484780441
308014891 608133691
567279736 200473056
953732185 772643073
166054340 582037931
436196685 605398586
734138275 779793952
733896358 852200911
270810678 154969602
204897515 71868985
383261638 360836587
876706225 759927534
851833535 86136553
951977531 113348680
420826379 44276757
569928071 262723194
331300779 146901576
972621846 893941438
595601063 438178318
260231123 837927470
549578853 48489620
268552969 548086588
290262913 678411378
347195313 991431660
9332906 108370145
414328015 524263109
873730341 6213066
716307773 912316862
198506315 279321067
374285143 967503844
433888005 102176031
455067919 182488620
563036101 734517676
805740261 375485308
453480337 210206957
430484862 11565755
131914169 434168903
389299345 581212489
276584119 103153845
407970157 365655972
692657121 175384520
965670458 757453823
107219021 297500970
788754179 713181894
560506486 423757739
861289181 609166660
454210180 470728172
65712056 179894005
312961057 846378072
978415022 627066271
859629673 550337395
673748528 354405465
226050417 636079516
727045578 246232907
115181701 873619767
671803085 263064981
376181921 578580452
730781754 572632798
742469199 368619532
258766055 153748894
916089867 864570506
816399270 321084958
390290378 70672851
91725339 558105602
287223747 911931387
623023988 550032869
23977734 744970764
830960305 547604113
735090241 591634098
192509416 27660853
963081741 767455961
408756949 338521804
789393257 465203364
111214317 522331109
437484070 374671996
934748009 781016660
403708374 181519314
418676878 210630019
711255181 95293866
376792517 662863389
307157442 110949547
860303702 860995996
532800749 514290119
101031421 53866127
924379348 539061559
236308959 559111056
831850768 998534652
729921017 187973641
922698794 942206988
717777239 664627404
385271733 664014834
844461048 158192445
159234284 793931159
424584954 594051390
380107652 46948544
897714070 989438547
306753949 4569704
531540754 763738627
300878897 485689863
840959659 488437441
406697456 528479893
325550195 894188925
520749473 649733542
376424461 483306359
488795414 63793948
490262886 10088855
172514653 36370674
829375141 768896870
301344138 872496348
238538659 857266095
355684969 794578141
471416620 221347537
173001915 630827770
907664153 887545485
982380306 453192805
353315895 663498636
874831536 224892089
759329098 870801141
776131536 250593306
241406634 77144238
10237806 837049463
552578362 209824919
563749420 720899378
28729203 27345847
955491351 543200764
785751896 242097840
326641125 280988080
413261310 112067162
335662953 571722341
978366094 81097544
612377623 450315294
474560928 602703494
498922324 660236818
172450853 586350809
851954160 933868574
986178518 167983688
155575707 804644980
526872235 491302616
793859429 836167091
790449928 668418965
707023280 310083376
454183520 580574072
810969981 173970045
389399085 20895302
313214113 242334548
272137680 8684199
63541517 421494949
624541057 2175454
286255852 271046841
811218439 952554737
879025910 30204250
833568085 45669854
36482937 747091800
579490121 122838564
917812642 170136056
600750903 243795952
207926160 381905859
898537920 966969628
543926100 969941149
737177176 757473187
164403621 810362823
813093575 92798593
282969110 956833320
592820724 323810521
267662635 626750448
72724934 312497520
597109666 528143987
436895521 570180439
281771364 355761955
308151134 625580242
94355492 723318107
806244924 125705292
780985633 15909506
294016727 114898944
565535457 821724420
515417206 461151936
905197049 312336028
373600495 714806499
90724164 362711681
884187968 157377993
183318450 966764700
758623496 792227777
252232706 338012330
181039845 60000543
267233937 39735849
765480791 398729800
343308178 137105529
380904488 61448032
923397242 712116189
484356285 622712179
911829759 676100077
798279584 828188428
3015701 568461682
693289777 78550168
849653480 999859540
345077083 505140405
524554326 760142549
385080014 558020792
560164154 563602567
329032054 255104169
684903816 143715960
655350822 99535980
323287862 119442860
362592423 770255696
349199350 208680532
926519803 600109152
664076729 898550603
592185418 414659544
410887967 180615210
644332980 449814676
925022265 928688832
699990964 942846467
97533384 351454010
480200897 922669910
891131843 335296899
615188560 558406510
622050163 531125683
12739288 749428911
297248915 534627041
644347107 301098
203230832 678612554
760105125 249462728
163578817 372458109
794952011 750689783
684347401 957933309
182159850 542108229
70280617 866426636
250787120 763102813
789799514 429648503
13985185 152509271
451861625 846074499
868713876 134117345
961149205 124554133
902495983 157839017
630896565 60774148
237669406 963494484
354688815 759464228
654595963 882022730
769348639 709943690
340301291 281144980
341841925 250619448
223429953 847472662
606589552 757809311
614041441 442739855
547088706 745863094
880776490 257861532
681548348 782978653
434934884 882205760
225305668 209833654
827003621 590890234
577932051 119769513
861656531 174873420
339941325 530349489
755713040 9596534
282801488 706411780
936567267 14777844
545176013 790193276
523377939 803044603
181518216 551977454
849127896 547644054
203362309 215988295
888491398 969424030
896964865 883191861
285040501 238933654
406236661 557869624
943012306 195215173
281384329 148743384
573143738 335655977
46426058 229844174
4780865 110851019
870682826 927922429
543380999 608096686
104614635 396265063
885108334 873929340
412879105 976359414
882250128 148963625
833553464 277661534
532345770 560944361
571570665 277610888
749693697 171429164
46172162 356210929
110602115 183973766
791672960 287767432
738572462 940740995
230689708 462644701
355338379 519679334
858417284 991768711
275550708 154971911
92882779 747597968
349597436 164652274
519149802 904837904
492906253 824429696
83603327 393809637
828917283 201887507
640346470 484317974
166753013 346419062
318927142 129738503
653200893 403639115
651123512 811705290
857473660 450630355
999977729 781087787
285332475 332119907
785851870 795776265
961369814 779029029
788273809 734257883
15172115 21932384
957331049 847718267
964117751 158291920
486089662 946045723
508307327 772215563
945028182 115281001
80365419 984519658
514709780 173474396
157437750 601817409
712216683 374602046
494674241 427058342
819365452 581188094
464681705 9723817
393753360 701415346
929519437 142676002
958303507 901717734
974695268 360277787
590906791 363050792
623763417 854855953
649071837 926425008
427509780 893532154
87169626 53270512
782955733 450635903
990139568 110168437
854530394 150061291
911707695 561681096
468307146 262750655
490698411 939166289
882647377 348806831
257580803 923148554
860904590 332676045
441169031 948351970
490308592 562110432
123167732 938938931
285368395 809197316
608705909 62458488
962703309 691524159
445593080 797049606
110631117 526188327
997411520 188650514
33194884 943509826
273705971 40490389
820118667 775918492
100348334 979492164
839373079 593197578
758742296 527578118
131667528 523872362
864407002 525784165
482666195 785328709
536953682 491530554
218062755 672683955
583838190 42523293
201651365 152687442
814669899 54795211
23837549 73426795
468158409 169028399
316993243 362363834
356231616 290380697
263998451 498954547
681691612 851469054
777271715 571290874
480299425 495439799
992330421 542300980
679327211 76354480
359670384 512134613
923395518 583906536
84056401 933091776
702555253 460831955
928969563 774545368
626587872 197498479
588608420 661557860
111740625 101730684
952459535 151894556
419896767 715856344
328461612 695013721
117105067 628541285
965762205 816138674
637626094 151321849
528701321 711762821
85043852 889986442
218312331 978235730
752271408 585828031
291753594 819335361
451219227 211041894
881697611 905612303
764587827 900565936
117899204 178097263
335973978 250324213
187539047 401785871
645071277 621903670
477362317 946284473
151038084 286495322
122647697 761655801
133627744 767556566
715958606 400826290
654918168 194961716
301617961 771379416
774272269 668647356
942322713 541605956
587139504 528239938
374900979 853612987
763139625 51166247
370166706 339052890
988857227 67706265
677326751 970272795
776726042 40612658
114835097 573219766
118103717 585769902
586169177 869865534
341015066 371627711
842768433 179668684
467193110 771926453
983589991 537766220
298940442 964328998
782265424 952980856
518215099 21972328
394425442 594470814
632942886 183837464
304113022 207546507
394067868 806954449
884469882 316578033
953119052 678522976
677026896 435763696
282403547 914740457
61455243 721025219
892786819 500767929
433203949 685676141
262850479 174736714
755318027 354242829
763922397 604402639
843297924 350238431
756793370 934804011
93178036 796769690
528954685 332220704
243625542 869139631
30029651 585617179
27027742 921094420
599664290 984017339
576073185 954027946
455078488 487444529
649754430 634584529
312244904 638464464
534845854 855425084
402865378 716191836
858614638 433666819
868806482 545977724
413408109 136077381
309586128 818249131
891428418 987059903
319035407 690101830
954237618 954968261
678001161 664930954
321517557 772659793
633040477 323403080
197557457 469168740
4156238 431431521
997398879 151890254
245460856 134586860
403047175 987150387
90586585 247048833
161326226 853725294
264331014 112939657
392279460 898841753
98137791 945863943
905831744 736108306
953373476 797350713
87265151 595708246
277943101 512045829
554459097 395879972
90198835 41093701
138641949 382018120
943440161 278403947
661603671 75233424
536693228 254788874
140382197 816069756
408542716 890120002
677796987 513755326
639657339 581202253
419078227 691273468
925813827 982142231
526498465 143570595
207552438 306723369
137374039 337545892
891151436 326349165
17242364 913678476
56458410 952439635
74746838 226250415
234144139 769535699
644456435 115957970
508914211 999824566
822575251 692319092
103835497 47808470
874274457 705497256
157064712 438442861
137172250 967427726
155038700 957910235
613882806 363093468
367731613 381944616
381048854 999986920
906441046 249132939
47792951 642102135
785234252 108203513
139512350 998780789
871717708 891937959
309069274 513797925
329739122 384799908
744314320 74926121
793483391 915443442
668401555 224849763
610697 332141423
176720445 622356350
594855381 271505155
666948148 175625694
335643827 247805545
692082831 624720437
912268366 776955418
904034727 904832585
518587727 978490769
145238587 167954111
99009621 705160114
948445500 856561768
47581267 183380189
316800533 797618496
816303798 700892457
722419192 314958039
403660680 184369583
484082330 626468669
329808688 757621222
417052059 904674205
141761019 594932433
683556729 919135054
885269756 227229143
554485243 866480761
716426468 80980162
691659958 287069121
27633 569249308
833473988 841558640
531931451 415479408
751202166 187693252
985852719 925940085
734947669 106084435
852443565 199221900
953586914 61705155
207958165 666009635
977813296 592578895
830617021 311589298
343022236 229260919
891752603 155488882
302899639 303866860
103066352 207827968
412616477 395602056
782225677 519375353
316565451 23727108
793495363 833585395
624883561 453260627
463005415 454578620
103189091 805334309
599459877 711592459
232551935 8298072
496176907 842545004
369555453 640562795
859222381 86601782
341776869 987132797
747727801 87471822
149477857 434294557
760914475 259771361
565785525 357451080
824661310 889735361
159450851 843519921
178383854 101402344
558401159 65375593
562569102 760337788
729281431 674387743
186948890 174522803
363128407 301549763
754527853 630370219
636399041 796841015
806346360 809613791
203507440 171137346
475139441 830791244
823201430 652916867
832285121 634669876
366414210 719975962
50943908 612095236
31848494 169927995
914824567 11875728
106550028 657969321
250481430 577018244
16903513 541232780
218498593 121270052
527172594 477939715
937959155 328488278
95689273 686932022
572782689 987191931
851490783 302375218
863567269 391847741
476211688 350035543
537922227 496408384
139001128 444236930
718471986 963383984
424822646 860867330
583346727 65005792
913229953 535781391
917444111 496094174
208813972 936744992
958995994 460920032
440101885 117473149
881172351 971347173
830227155 992750438
489191814 779116762
712097837 809108565
67453264 302182237
421302926 724236215
757509601 25225473
340425727 480817257
387839326 299014964
246740807 602544759
322344003 522345985
214559673 462353902
290130669 730153411
662234202 172510014
103327438 91023684
702768716 141226008
424303346 247071653
732375894 562965749
959969337 952587543
945830333 912202191
912651821 917347444
185936189 888895627
390622311 344036059
12336214 978705728
771919960 379159119
655481159 838105263
801134993 39405485
132027761 882200203
406540238 547749991
430233224 559051406
904449449 900322561
999331000 333490495
275160633 728678889
765906302 788972328
93478074 360632134
217860094 908450442
563178508 925832819
884781763 856814695
293603313 137164796
92128420 970418691
384621376 653930959
932047531 997548952
656481798 246095490
495129093 86918932
149894723 104998723
174651542 348830344
606336636 259715982
939364764 727202300
384581909 694800733
722572828 687446250
410284118 43603642
572398988 459149244
1791930 257309943
634915001 766027952
411239763 763929864
766415750 495112032
20511315 707213703
572723161 262467718
451580809 898072170
158420268 35199813
715334369 32484168
796657568 878194466
697919210 980704212
220611052 862955189
298231287 319834820
632518593 58839403
799421769 264730924
638597524 246186850
974252068 552019868
170270075 53678571
518564728 687521853
137793400 957795893
720676592 404034699
537454304 295100338
7827711 856750411
177708929 648255245
826863439 679650112
312648040 75724450
270800818 658192300
565484921 287755809
523084672 812885393
1397905 625714641
325525608 666587240
824119988 746382542
446697833 54844011
983030658 933578731
490458031 139697478
7988473 215234320
138078271 43893547
841396116 815757676
159620851 436811202
751132330 517291596
921011974 196587000
591669864 445417505
705560315 637430837
308121129 777018951
956993267 504342678
616804420 78415498
785463549 49868253
740061682 447622908
841927406 806353479
293024403 56210732
288176154 378590840
823416704 95864136
853546279 834253918
85284263 760825713
200354280 774962930
235028535 515797190
384318827 467985351
808604340 656571277
817625755 289743664
77217137 620773810
781565385 875996833
321765347 260691553
976975240 30308413
501929102 988158873
601769771 71958004
380178932 891225252
187734558 325419660
571616244 130251472
199765667 396269130
852947245 594787266
538602032 39945822
896995441 448147127
487600580 428235376
430274819 418370494
249391739 102552847
691512901 340046718
343631897 101319316
744150447 485525642
139752699 409288477
159535478 548218766
965034343 741128309
434034324 377965104
991017837 800834237
677035524 873905250
70692527 101679475
467722605 278288219
457725282 487570336
586910678 574311302
719610568 618219329
222520475 989450085
806464904 929721006
31258798 840662872
354649786 544537034
909712475 48299863
494897555 276627365
501918667 302449004
297317299 499720001
616547164 244989404
540458989 342678689
62216804 922123248
894438993 880230192
20532576 580518292
119406087 153765669
267176886 688864721
910389582 654754262
320788382 178186367
113515367 589673836
227663867 814816463
216898758 306890993
147343967 891827313
495715751 119909165
975181871 843205136
861557223 514573013
494779923 739621859
249902634 774614716
90881963 548628529
293483457 606948517
350652651 305869348
12506543 206410661
479679176 342380776
17601240 497265801
34576273 663705385
567592423 888631254
888783934 418285393
819851565 936707031
729712420 884639835
656122949 807085637
640265071 368345047
941056643 406961102
496079446 363585401
4019617 364202223
959271541 159202173
760363141 383449084
684771069 368530698
514443029 90963925
541585788 655093681
397006241 965291278
80605487 698411887
411516283 100596925
807858891 962970404
631396529 758234915
536312336 560858847
581956250 523826536
646226753 722085171
170688991 629881468
23057342 674802481
617128102 144986415
637470514 487106873
544287636 678812426
35914821 854472428
579454414 462965218
822133861 787462700
67574395 366756782
787423044 709567898
251644139 159180947
810741753 569133739
921551667 673637196
239782632 760229760
543256028 785813870
383687444 90789985
999973460 677817693
605017914 585387144
565230811 505140769
590334557 531226476
308209368 221249145
158703021 843204927
7347908 773354954
356331714 5475691
8642604 154308660
271369366 883481453
472993473 746801044
958473437 842121214
613420972 109111990
658672099 993737572
972004295 240208655
847621912 894879510
988845231 420364414
258687332 746915387
160575632 711851881
864187549 953761777
159650382 119881484
852508308 250136093
272889714 600998805
809738004 96135047
30527277 718954191
98978239 358321269
370830891 815007493
151376446 210242710
546294387 438250557
524888223 17773473
985524536 336172726
319895839 793727637
182786610 859030547
759109120 561413150
232885198 193468407
221129553 66708987
100992203 605638744
925921881 718857042
147951507 784713196
774277770 862363186
87398414 618280510
577242818 995820217
215637615 912981273
516173910 292260237
625431422 881544242
299863765 473793006
111039896 854050350
483316211 254810519
940731990 255498011
659021610 459689523
169946888 159181257
541290126 899863285
653121153 298944214
296131587 81595265
803164869 973593083
140262108 651356833
487586727 72307692
301108397 278563958
111059937 384472428
993269501 530930102
512205928 22916626
124578604 190619257
444047144 236852710
590736297 844563173
659602866 693173936
7879796 206486843
233271238 439667277
552835914 815201865
624162967 218368995
212391553 912417114
276314160 8205427
534445613 29776676
185634867 319258961
661249788 255920842
257611722 70565498
738030737 903699509
587045600 613644427
163009601 509896596
706413541 430546708
978356828 540060926
665123246 499060211
910522212 43306655
313423863 482756867
449265346 701819053
439083548 874997492
167587093 893849346
46751645 155847278
103179951 394139005
928168965 145763114
461109214 434496456
409042201 934908866
266873054 355110088
20396496 543582287
290559222 150479384
210708911 553089087
282795733 233578950
387307913 8982998
851524243 142003189
713172263 567957412
607101106 55585722
871043481 223393310
952676656 397214801
588330973 393612655
427822122 840267973
763244949 487431825
158756238 370096501
679749088 593857882
947360150 141971723
72125828 128744193
331084369 292724733
693161847 245692696
598495755 592159940
195514152 934495620
538243381 541055838
634940936 157372083
370249807 505795122
121338247 590999627
45606784 205692873
470859025 553536562
85864521 617905351
453376713 213296228
482653279 243054650
575648768 237978795
511390798 112775174
248182942 234102038
550477659 525037441
556198254 859723291
699171265 948441472
792125532 228846577
787362044 313143011
553144221 734417327
948003566 500858817
625597973 340863682
96557154 34166395
777317309 508684868
107469764 167518457
305680355 301895123
175634365 834616673
216046612 810965914
627991045 565317241
432323581 281824086
150115155 904479024
615138206 963667663
174592672 149508055
479399865 130753541
91898198 343596937
480583723 887466326
878636554 214268032
373166798 36593937
835873943 684556930
785727899 297009431
199027086 373338893
716999182 380348544
613046785 25437937
788491799 740744187
172645237 117948200
651875942 421765484
720277096 33459976
116925215 981836461
398367813 212705713
137970338 311230034
66928623 988901193
798849471 75009781
53255755 219431896
54448857 989505255
257529112 158869981
929779299 958334569
150512628 53935578
718235391 481456767
236190870 321644094
709460266 392035084
269101730 361339156
625224093 275858109
929185945 685477204
371919136 480326939
283312490 550039360
289246919 990887356
817832657 503559365
471897918 988636563
538913054 195721536
530953199 709974138
503551007 401039108
187949581 315274375
873051696 756710731
93349956 684313471
648549750 26680959
260885596 389432090
528080334 856597155
875498322 773738760
896092944 623256636
302015468 34351476
659356682 187211895
962876892 401065758
63849944 981389435
853061651 89740329
95429359 50404236
918179635 123526432
852280463 787679158
22416472 748170012
509681052 529050234
516649873 45728167
47689309 631992708
460110915 450112139
119558976 484753332
366912387 385420428
739118412 517976527
811648071 880430543
403600992 259221643
127284990 798905512
150531036 801019326
352141117 961589846
456719495 428939700
137423927 749477254
480911590 835090280
314185566 788183740
990831338 271269889
612035953 212273895
547829387 267786257
85711826 962575694
5171300 210094430
667879663 216885277
189571436 105469869
737398765 780319126
159376787 629970327
979375982 296101998
713663212 162684488
170289322 533580460
779516310 618531758
745755545 948930503
203425286 477071118
300734684 209716146
179250358 688594297
639012340 986475183
765131269 811938185
771237170 857238062
405791417 817136559
589946918 113002858
478901385 17009511
595047384 112863909
596014355 290210757
297729554 39106120
34627316 330934906
573562666 613521725
829840146 273472655
919837425 436980479
510945676 820519389
764812628 221168846
632912024 706181231
411230300 308069250
69064192 198337103
659645868 830032763
107670960 75958194
479250777 771358910
10188842 133516498
455930440 586227856
868889680 648761808
658839765 872840505
800725491 378513074
795879296 923959715
369554071 438178145
986036402 72641465
968712633 335760161
749281714 743177587
270718834 410095761
602793873 567156921
881821782 723542443
456730765 24342713
102215366 202194947
215174204 11786862
437169902 176222690
597935032 873054409
434650892 190685654
398392793 140140104
138995905 398471546
468868708 737509386
18424948 184222462
428137491 110911439
233208223 949544527
648395171 150099419
572425661 970293747
50990003 388927866
533342178 523337847
349659458 773462743
138020875 571824908
183590088 885282866
771242446 962413114
455189986 176214100
246275722 112631144
19727414 611087063
731948920 425210437
9658758 398109653
872875742 463914539
702320455 690344653
738389092 321540035
349092722 833333332
709974293 654837925
112253699 829569652
157022775 820616542
194139007 741503719
576917523 168429752
361945428 273816571
115863966 332294873
465068420 88456055
449928797 23708062
871951086 501204371
191540671 600058880
620859709 332655490
495706786 854324441
507628576 870938225
215117906 124139583
380797424 290712039
712132028 862020705
365995433 964169245
365697125 201274862
636351214 896214601
826986707 671933921
472107948 485606396
723956365 876307782
499129090 965039162
904866630 89174404
884254533 298420399
535143915 271177747
407132898 856566566
159083074 370335442
691015028 648381798
231576266 209024966
267579038 574577016
62309128 22667186
507146193 441164312
842197241 370155815
388313310 134333312
712997713 662002659
881885699 488217248
633797422 909830787
994825997 452697976
630712213 807055910
