400
52475002 700861246
744852396 331807473
595239940 51671475
247535619 716827672
305296338 475538966
336057320 105124091
786992448 882766953
581227877 864908228
906641164 330217320
352853118 165256952
235923256 533277748
99765941 875589610
80383577 505484970
979928202 354876288
637226761 894636586
86567068 450564304
779483272 628286493
1073603 188720082
793757289 70732196
429856142 806059459
226777277 379632916
163935083 260988283
718942465 664400531
670118475 241741523
8922914 525422399
133160668 760977732
232268456 418836695
813624498 758017625
816939703 582643405
988700970 84622375
783648806 540049699
652227785 790507052
537387082 115891503
716028863 835912749
58919791 403472874
409794829 93576009
176428973 148755945
906701617 925317198
357860503 307456906
516052024 640175923
806999295 168039919
700872225 250279300
57844254 487226639
517684608 1653845
984576130 679191769
45542881 992328518
223966558 971149418
776791818 152973804
985662664 260759729
387355918 329353137
875951762 636579915
186406396 770078441
880656766 137410760
288237288 287917488
763091398 94622907
619016373 964740732
135032863 645192478
913942837 700172346
895630261 135308456
234064884 520559334
192106969 956136313
200489224 529153943
190337548 942875795
780497026 23490574
559840212 169571456
208909169 962424036
481434068 951553595
764801574 772763436
249213254 755433661
371021422 202787939
801123467 755518327
773715591 681867812
746660261 138360503
78040131 358806536
249786840 727314158
925223569 217671446
199875152 99144733
905438192 362391025
956578484 310939544
178917468 846295527
235683411 627817289
73560115 681041074
302934079 492765045
157233168 471163375
312465604 46660195
488485715 419155239
250870184 164907330
51801351 758986378
974701483 269838600
571326990 911221111
193201549 901862779
409812730 160863944
56348601 448725519
936770674 71622385
773298553 339675285
1137262 719369039
35327456 926972626
475229664 792976593
709537909 925537836
498553939 523403125
387968035 579226307
838824395 561913780
827835732 948938160
32653988 641996914
892959676 405957691
605182145 528875959
895289819 172144876
498301749 275161770
115862335 971824556
506933263 767048189
702146254 785294864
58372063 373746313
92379145 969335101
160489718 903827977
960027685 117312316
246231257 861352347
673853971 651731205
325276068 151276619
974273424 703112394
844442296 268758166
726812945 506411859
291871708 172337103
909977221 401742768
975415439 205773956
916785406 251001365
902916787 462322271
957029020 237646181
476167459 35345781
339595385 473489926
359752518 508412901
16740378 867633257
690169717 726490499
568315873 509708395
86504880 33589539
258608664 154358905
303830068 37409259
396720785 504926052
377831961 534930090
179976220 283349666
739468931 666479516
965905042 703945267
576028759 898501282
278254277 293557427
607339339 977059503
778710740 759735336
672184210 850917953
243415242 440950747
264132045 49666043
160971885 706632515
56162415 532657881
333667136 617456188
443480856 543135409
697696681 799997147
492804384 894268371
481301218 433373241
710451486 799451001
965841862 718624042
511929294 316036325
819825100 963071531
366192174 423965183
77315897 567007794
695013776 263776153
998631855 659156861
270292946 491354054
674338257 925547756
904268000 645119887
195974852 619533960
212179551 331191970
339996576 259646804
7137624 914969846
506677620 337107335
901648080 57703734
395443557 905907776
659564865 535348875
146792542 540920785
819323669 835333681
438666139 297902636
455137647 477620069
753590927 332233114
520124878 270968435
802809017 643108842
781247837 584813500
725021799 902323774
923341419 77231528
367155772 166354142
274077647 645097474
250438950 886829272
967630434 572367618
80818131 674036866
682036248 67337173
618396896 626116947
30072967 387787395
368623245 704177959
334535562 978649052
559963403 504153449
180614530 100403787
139149124 325900450
419516591 546298065
921953486 45837065
843258799 274416906
153172794 270373679
882938697 12274249
258501414 756104304
344274327 232374076
913723541 77349076
152231305 885246632
339667653 945090974
530217632 78646622
904170848 473236000
991982409 157128834
155812669 190474725
519911000 810133927
851626363 737802250
597490819 609496380
693209697 844256890
805025519 896885114
786670283 791771628
602191038 636038918
562760068 302810298
970226856 289009457
772482861 406939428
387475094 232962961
807887615 974555998
820346139 232890427
726053893 309892273
404510388 75742698
90240049 369424122
246175786 987274039
948702106 876450790
563674259 98731643
229585173 221068297
880288404 156847721
1959772 801676837
508031874 639299251
557258140 915184542
812060879 198906200
359848787 894562777
14944993 651600228
41092029 468583698
835600569 318263514
688033056 863258878
443598141 625589504
284390002 579642106
632994881 467910669
918603801 845315427
394591909 164323221
193327465 247978582
196215709 591184785
129720140 510046515
15632039 117752368
142247887 345378887
336681265 383848067
137299065 84002176
727923521 530406769
752820968 170031217
889277096 365622027
958248449 144696830
956781831 829044475
504794573 433862366
834725506 676170293
793567418 82892631
783883434 335788333
375986210 696173377
979777247 732415998
563862335 644820000
116219944 602879015
552221508 628737839
898239644 426779044
636393450 560682349
619272030 173953277
726931931 145952906
154724651 954830569
773428186 697078360
746656867 824569800
249331431 176010679
147924197 185494764
678397449 424871702
547284385 427735916
581930689 930090684
914238465 532747047
234282427 336355799
124328387 915780694
206035671 122014118
67121724 822441651
368890517 711618646
443352925 214045119
236990028 81767742
880198147 853575190
461297371 357324268
967791672 715000394
762604384 505865278
82048676 48749104
326059319 222727503
173587154 456809704
757524650 958118085
254274714 833424169
954883224 282997845
164069405 540867466
13499092 411855717
538477443 811141813
952627361 466656193
822521999 656398249
215947997 220836430
446634827 296112529
136095478 306994218
565019968 780555368
742158264 61669796
567303676 907542955
378066393 321760215
112658177 273001826
758291261 955359801
173104195 466297418
316398628 244907789
715844795 46831920
670323459 771829146
972016897 506967583
351864481 522634164
245823168 73956023
363949346 679403047
141463803 211199361
349650397 506351289
274954563 921200502
834097630 46683505
496787405 308878979
127403012 547644576
388328996 508796294
975964893 569333011
779398835 502472551
768263838 78039511
182296521 530585846
529261301 48251391
859162587 53985124
987833518 94225855
341933479 196144658
57296848 402341023
453919999 516370251
398318512 638148460
425312873 405850110
469055677 696515107
739031596 421529587
100974706 815216453
405536874 877938697
791662432 170704690
238781222 88223284
983608763 291132889
682492144 98486495
30159974 652544680
643734305 902913640
231527731 922182476
379140557 885670261
265658647 74530762
176238491 528529153
23555269 761985914
979924627 338862264
747685758 333939165
341723580 418688712
995124283 260993967
126187357 275060188
288111307 606034045
291986354 608405674
411258319 448679213
999430814 65511189
776883218 4863526
583747715 761893386
642775909 205917358
16181118 682906130
578910175 584117554
646071554 63275455
158676041 900017006
146754553 321137468
342233999 588259110
479924818 201490755
410945834 452410947
23447792 783151954
175667721 955925910
518464042 556088156
286885056 425631593
942499531 51508861
890859313 25178176
35884784 959026045
681358850 377923482
824180031 43011861
285683533 913655556
55659615 908762519
923728579 176028435
521820684 554702008
384506142 849865848
608173219 335822649
112706160 104969132
249462721 650461507
1933889 297496211
403398311 913714674
820367478 486130550
457601544 279225866
907024021 405210594
893753526 335258148
20509977 480407445
512254703 952456067
171920936 626032693
868631502 386626677
