2000
196662828 693134624
836624343 800596829
452494390 224371719
838248447 883406272
583534936 220933683
168137667 351237563
61372717 301557993
79884034 626176456
19070904 50230965
947264312 170668273
316458490 752605168
194120899 178525261
60832601 332082598
60779689 978204112
792552436 600986787
474017815 555416860
124144663 292160518
295061562 567189544
299294764 480967302
906023376 503423912
756070363 178129255
824480456 573999302
63224375 134910410
485364122 596361171
552719542 770506258
872742975 745346575
745910044 508728268
745449092 497687647
109822101 382045379
34713710 905165126
969384228 401655516
9673968 357726065
291091211 563365595
341487944 970668419
36308526 437547349
342996314 580936489
939454600 912337658
933108143 911420134
613141570 208269015
307629023 745651547
925832433 703998074
243211092 266243187
145571705 507124891
591578877 414198142
706265340 536847036
552963816 646629134
724254860 170161473
315748335 130761649
567228338 543000591
259037773 783921876
332619155 370829072
28534237 537156418
998314140 847866422
612633023 378693462
100693752 42237264
271520399 365245833
1223530 69058383
794817067 860475006
370561869 485425404
768006086 544034299
746116996 613862835
224871960 779170175
323237794 183825864
132459254 848811773
460375154 216067212
346626176 144459154
954361601 179028837
232074578 512331563
838449962 450391540
465840513 463541509
862302558 96513562
46047032 155775212
879609078 477190116
826641318 365991891
463435591 924131625
856597042 882731806
613460390 699008415
438868970 550078780
673788435 107389084
598002605 814416072
139972754 164429305
361969309 253803029
632886139 35333838
280253306 517876002
808519908 381497522
543765215 730485789
318585285 759173305
110676922 402728072
248814731 635721393
153471690 92709648
428115631 252015919
944470328 161980721
651825682 605756917
234511989 144785641
651067347 482768925
770746473 408533642
207067068 386940723
316294258 821431317
380031471 674280201
718128358 108489630
872665020 475170776
143045030 302101932
530948857 529473849
530787850 827091732
62528513 976810988
365104073 211860635
158604320 472559973
49844071 768634623
348761408 491103232
659357979 726236699
466257168 307040523
997943260 871558318
164859014 825815821
839944696 273414712
268464890 616878279
484207988 822967111
414542173 511320894
933722674 532196685
176755316 700182240
961768974 922605532
110814792 675086711
922090640 439878396
964365460 482581327
104272470 667304260
35870666 670097196
923822017 718387111
987923117 94440252
831322582 816915916
248708685 568248383
514450315 62199883
702287486 860577353
720148278 622522767
821799312 866468387
20812591 486252781
254044877 88973985
291457672 862335597
434642014 990553314
354941312 837822943
801161463 945881179
542479548 530655095
612415552 398562789
793363872 318598654
609640821 692474921
160959104 882848570
871395497 131062656
73192419 402465477
570267200 967667850
805500677 149753007
379021281 315195889
985773342 417416333
453458812 574538597
301551521 876841285
623534474 193993858
631745221 445094521
925704279 656493369
901929033 960508243
48596830 803047078
585611345 668069118
789344577 585894214
854225462 603997565
482115204 655941968
44483655 687652680
680608191 621624679
460381034 575586321
642530187 246974449
817035095 991894163
633526978 194811910
183471848 820776776
994692287 280899996
746210220 944411689
823420906 810455995
864381917 813736628
281566269 247005865
532520274 769795831
586220419 186438007
866996149 909776919
522446314 566131365
338260149 919752763
662502507 373631192
49949431 375778632
253225689 843519827
222664066 772807140
913920282 890226099
508831904 903106901
261195911 684891374
889869049 317342382
886536989 181557688
156524368 42722174
164132252 263100603
881943866 979235171
170431426 443172271
216062575 927099423
600480699 904777880
421021058 870092373
425338489 75143002
803667476 996804698
955621193 444349793
368766554 684352560
674315764 648341378
801062693 714105530
749331227 712703299
309644976 405169017
113510565 148186009
422019282 28911474
180894099 652691618
456068627 312121823
876167190 55428118
688548684 360333193
355498493 31101989
396275040 625797392
91288419 698756120
344710187 57774041
276651176 742903705
95253571 108489673
738594566 329758085
369075679 955634152
749625143 22985510
677729120 428659536
871160686 363589516
623381244 957891901
697086064 16054744
127557078 199117945
619815301 810676189
187450705 875259934
258934998 823439286
579083958 937463797
641568484 93204877
601848124 525592765
214984049 841707042
741360878 251476760
981636138 654875469
360092376 702194788
881091517 469437113
575562458 342630396
118697485 958059114
610881455 207119073
115916728 60906360
575555345 474129487
77723965 928927121
169734725 329839866
680840973 928860015
114064933 771674126
413138551 677610703
163445333 861551688
421216667 937913952
413773608 904807197
848759846 729049959
99645837 576714993
678227892 301303776
711717561 168883274
484535356 227513518
289556400 373477602
747077257 958067991
978096299 616264443
24185343 738682157
648304734 267707807
332886461 973384873
593135204 363913026
694719127 946928897
268879207 480574640
325891196 461328546
206333772 413220828
125690431 719189689
776228542 381734369
598509156 409387615
887621690 24510542
759887680 741461240
482903858 924670518
626453370 469504537
418472720 748248237
233206870 859047546
972640775 756147404
234921390 769450151
666233696 602121889
598521398 586779327
650789167 85960090
800406868 158608600
969078936 762302977
649787860 25701612
12010717 645336006
309982407 995544091
540142594 326517632
693241534 120210173
345552410 265213092
127765348 954005445
663057892 502736126
814804987 306553233
994840100 423622853
592702071 15283131
763795390 887026153
445031752 340143483
828568719 505935536
758006059 691647709
296166549 463078267
135134126 494759214
400287999 353452011
688007656 712694277
712593472 854755788
772832853 834213696
962660974 821965244
283872575 363507421
726163063 448397822
586160613 551687489
763982635 56784652
955183700 521511263
183128642 384480968
235575773 238214022
884298087 18874809
588832666 746119109
241329168 845326576
335505233 207619309
90082019 696330656
626237539 31647942
619522614 405504379
509107415 811189930
123306237 715131574
228378470 16713442
167158600 321479748
691344008 434762051
742998588 425678683
637897593 593093783
590806294 319695498
16353159 786227283
419753045 226224566
180463767 815788651
117723699 429920258
116946898 342575299
537991903 529390733
703423154 515491724
961394654 4649105
879167583 621925593
825400814 247819195
508105385 93718008
381246296 288293087
864730496 821305227
372632623 770528953
285681075 980785422
19080560 239215816
179148718 400997876
5935120 849584788
687370196 308235386
56953145 932005311
674501216 218016515
97347209 872598138
952645508 869615782
955257058 505302961
496932652 623155973
255227765 17490030
794344998 468115577
844107987 266592135
315034512 320350333
19389069 559817518
112353869 410780902
989233939 441392880
839319972 759854369
197900041 942159251
614332746 884626971
42529069 310237264
275020090 253652750
893423207 256448124
235213253 748130083
483278532 698279883
560942006 803912360
653558910 881931693
855310288 877048788
816485916 909651433
437592295 907229572
444277327 891979285
286959879 504748004
598277388 144159163
942489363 807418144
69839549 387520802
788213776 145227633
668720709 115112139
844840843 803926354
753554271 205030164
712426779 43943421
565892723 974477788
182646146 260780103
659216532 948528840
105474488 274365747
335642706 896660960
592209804 556509184
733640495 713576046
288236552 769077971
24693294 638828719
52676626 931631820
886529946 67319728
584793792 942068555
759203697 676785479
596970869 977788073
356924246 956178625
510827968 334252808
903502006 516402611
878864481 60642842
369862074 708883267
871002195 379074531
301408693 761755225
918733282 144852400
250402350 117322757
717477628 930969758
659349299 298616131
412119010 898858095
393115036 279718848
821046321 362744157
243007634 726516021
624170822 248549601
564250178 128237677
561746533 570613902
234114395 926463396
277181206 59776076
489705240 238531110
597277541 698636060
961809733 393183868
575616499 745617756
225769039 240853128
951601196 373191791
461669425 696488322
15986498 396960419
160953317 321361257
766761578 269001960
900314168 894139079
402618506 934470629
887075145 518843558
67566548 966262726
473779243 755554936
459011074 682322879
597172975 958720867
248706379 844112543
363837019 880180434
828639357 356267796
540240134 178428084
392927890 137791101
97961901 940173403
825037334 586677859
937592202 971603290
976979080 578203019
335683476 913853570
395827678 987284718
253598280 369539071
279372432 191148231
237225181 731509684
312330290 531887284
588653756 777938187
610593605 922673052
267406826 66811954
994754254 944249339
945702851 986383225
689010864 485369294
938257115 130493480
311682693 48906350
917883389 356395370
417665156 789564258
156391503 263528958
261129091 752428865
936638433 842825470
637021001 954696813
816881991 541488049
253070795 613901144
169749789 740352167
135068769 267120788
448783891 407792652
909397808 454052534
752039023 42311553
555893386 996603548
539539423 209743134
973947235 927513359
467836587 40072962
627645570 226568978
114878871 640646744
688454046 228916858
404279724 211033506
322810721 497683
768681156 950821957
963025221 960625885
661064075 715336553
705105503 294949829
354155391 553181531
463839435 547168553
761571837 302624330
11436218 413962649
13267047 229938923
970851489 554714964
50535270 597689871
803657172 192022211
464553801 87482321
57194511 711521028
162717801 6578643
908184476 772768541
18171276 851058374
288136990 640497984
728309722 610921050
573509184 26723595
720676441 399981729
717564807 788577407
991250373 511653574
56635428 302653471
813914224 131807201
435625070 83734626
41105435 601001915
422734334 250877264
736203488 676577673
195538836 69057894
731409257 353013635
543486137 872730112
296948140 949256731
351734008 462550950
439810596 732047044
827678414 369478365
529721342 578155521
990457734 935887651
198206165 10823318
210430684 947472656
49280176 87289058
244814526 431434748
429088254 794738776
265977989 973140929
687081296 429111317
425830436 958489933
847754166 182765503
155634173 534744438
682018060 434939730
318162973 677008829
262718502 72005857
87817222 907476735
725042091 371330172
161135962 574765187
813130334 546922091
461318457 322724921
768733986 420926539
377610822 147616474
676932006 429853043
220480358 488317561
429797652 887157257
824047047 958805821
371442198 479791445
252367687 497622751
357161579 684500348
805809588 639948500
455909419 984020097
16396260 758971199
517131973 721251482
142035435 680705924
265182677 142917878
268460255 532243550
501392009 48703247
319958764 885227130
135087519 496129551
500639969 555984582
877725499 812145837
505880458 723072706
912687343 520358491
959642209 551685016
246083618 878691791
389311817 701740067
513321203 378286797
881135760 820142606
925515293 316817194
667364208 669343733
81027426 519731837
602001449 497915679
9727571 829725084
14390182 455844570
749282440 806637874
240513171 198951598
217576852 17045166
957741408 661146307
250612192 476547371
874248565 578242228
652875275 614389374
813766715 127172497
336611369 140235416
330571847 857079019
475860914 331440623
663079596 215645097
14478584 192667202
638451893 487874831
87239742 99633844
50802440 5110927
572776447 975934616
676563271 458371201
632829499 916401673
134643510 720902750
819504186 723682407
950823951 259955788
829772088 625019253
800123590 873342412
80715127 195613230
80032124 276615497
148237898 731947867
572554241 927818974
526919219 563321670
791831475 561502455
796423592 238299611
237131990 573298086
811623366 605848008
731790801 266247439
413441425 780003468
363477605 685556751
128580796 335687244
348005334 388525116
905752100 604892304
425683851 733260597
198882437 150635105
35119742 371290183
938573092 629531225
392131199 716046612
70849261 432198548
392252944 28040691
705264328 623714084
441665500 738713315
230507875 558863252
888551612 703283645
620683854 549770607
145303987 948674641
772627439 728934572
810931233 435939078
481471833 355193782
855446719 848322144
655564000 457568068
693466663 63261288
604132615 498192759
378936593 71023076
584160353 214469868
59625644 829432279
28863276 282814161
225015383 993076030
346683274 624960164
393022665 115083356
211322292 393037939
920153519 990138520
953018299 486754091
517429677 964397617
593180140 89394934
113821000 967995672
459627489 320632295
60869623 373172253
56953229 524569737
840403421 788023812
343693355 771020144
982377758 190364832
971420457 696248693
39710195 559931011
690816835 588758141
708099908 757390846
6402972 982870259
940577785 661392689
428256622 24804029
727958690 921710163
126345982 60719700
432209171 254503467
1481153 159571596
810480827 777591241
355365638 326860156
739428806 838354067
607323877 685234429
175619199 597546960
768177656 484037638
205223585 277673091
54294499 680121084
294987322 318695945
458997905 168490406
458402464 483369549
132436560 64025661
259279551 773649788
669936828 352503082
141165852 797935120
433814331 357218667
988247125 414878240
91339895 832744989
305105647 723616909
818864411 2012983
431839524 812921544
674362861 715248648
528638717 114250629
668201432 969303058
876479743 552276509
824076174 931970013
779296336 711044864
306754781 855928021
79063128 112225300
182088998 664083646
80590728 906957805
598630570 374625894
350767250 419745313
121861012 597247471
698530667 205324307
135337195 295384296
150270682 991064187
497491602 169382666
212696331 309101213
226418749 592355904
452013647 722422020
303065797 472547195
724517991 504742812
560085105 52049728
848892841 110524551
659714794 790034153
378213532 771015465
717232048 588782218
176356679 18553399
44943135 630569308
748877910 819826581
668447878 707605104
735011417 845821889
359796540 897737347
78656449 381724129
326178240 621239755
259811532 685413288
77552793 556018455
171523559 774266492
661246353 210733204
630667033 826018370
603270844 774389725
597098856 658578624
144112023 276215373
599553498 588015583
332784323 126343157
668132757 111999005
259597395 759425257
650249130 804826528
281478765 271548706
320205581 866629482
71492458 51615934
826040358 217850947
406125599 136726805
687729572 426893817
889943602 633593110
464795841 311036710
269813398 548436152
895805449 362059179
159636413 434508631
983295789 357980902
947775233 13760642
615307612 38514901
102515022 912909739
60752278 38740874
423846980 289069657
266117273 539957332
487369023 887513433
740204951 784382536
126402550 672216634
626737524 788513066
383785808 876013893
780891535 545518994
450555305 130131411
431477630 697032556
101005885 116467133
150082524 957003646
247947478 515575119
828180591 144018965
971655525 874072613
761760100 31319361
443075292 458809190
263111743 226935355
255712929 872338091
59072860 868407578
322212872 669763496
821250670 133085797
355734253 831460916
931606511 669821831
478365178 648294069
119813159 548715049
639495552 700599869
871436797 416928558
22165024 869695677
501360725 43107766
308362437 809789935
659927665 803615952
513934275 173646982
373430243 387093168
586732405 133165315
104254162 73643048
870021199 641184569
170972159 854575334
961810992 726398573
257324032 91943973
789657823 455600365
710088864 197989724
152643726 830140366
432937317 831007721
284360773 310647664
84930990 930869102
402946618 504469736
812236818 999942044
468754303 877319767
405529649 61112589
932398343 410539489
484531109 280006406
969072445 268827907
564608692 365658970
312572589 347426044
45617388 4323392
999032461 39740704
574570252 955603630
742001373 10301801
243372702 25744432
92328440 637728592
291049087 337053650
982577786 4651088
516230083 600217709
559392379 791441051
898450224 808882213
687223019 415597730
177779242 108693855
670674342 977836044
630221434 814564455
157500434 590123780
613353483 345318136
604813950 886653662
913473315 418922752
427857169 335118383
863682246 348304732
657008196 1551622
480827336 710514903
817552895 537612030
100480756 539171219
343560410 2257497
273516519 879754861
54370244 506626743
636650937 885410883
536018144 567883312
336183537 450621010
455209028 901349869
616591205 445649708
115395264 314157116
890486195 53848902
910582313 919074419
909040162 558804553
93611789 958113652
209698293 817670667
735929867 920953902
290670526 310055205
861625362 900066993
980263762 553579191
532217254 917203894
546813982 623919463
100876819 837045351
74416255 779755783
504381788 183832818
593305169 213308300
680874807 740828711
416786356 166880343
791225232 330746048
330796307 747655311
966973331 763402437
563164826 948012851
179182103 581218385
534983117 271187776
369901410 457350678
972612554 684772486
619711490 469246331
151001508 730006367
310524316 815550496
22379944 467161963
106828164 86200869
729424246 566659802
44982105 658723735
697208727 7934269
225539874 185601679
105789230 985171486
474526327 991918187
719139468 561043528
428380776 916848594
91012936 624332628
45306973 599410831
134818296 826185838
731588987 114441180
981921766 363540539
934160220 111493695
663978280 129439773
639743441 767567593
11789741 265857154
79994991 908311127
605413434 470862678
770094214 181089023
425624345 828529487
374731803 139329891
202896670 869385447
811446509 805089017
18215286 569946177
645971692 267148169
192136626 779533712
347538732 869316052
182640525 26342501
493998086 952183338
862785351 408841413
837158269 863975724
555215689 98987189
440647182 575513716
131920408 76088406
56332890 809913099
142762266 20598754
918285118 257401718
367740997 238807669
301607642 171562638
397377599 119716833
854814751 590749484
840750289 989458177
960444744 294604940
955571071 893893580
626484135 800100747
829464138 342552008
198253854 667086181
480147704 898594945
97091649 777699238
724034693 868216329
655675020 189455071
977469593 989586503
405043330 152340958
299033293 664504323
381364343 80069624
794420787 140321886
826764920 277057489
810723323 634048439
259902622 829676820
152470066 466603044
827475055 573275399
484852677 911822783
433324247 92747029
948391518 348827024
782309923 61263674
708995827 483376644
391617987 12966047
187624260 100528828
624481214 417161136
249781474 894604030
188918397 394511426
999980389 1471691
796213481 9439090
243955206 40700060
755647497 665853168
324626869 102825416
681795990 387549017
387489201 693008303
835107368 459435341
586315211 63644671
73689290 865633434
769586994 263142727
115054347 253889859
752416218 71309352
887421874 222922284
423991143 71688491
612043558 506632238
136087971 317149399
329127273 762761331
701745582 649416181
844157050 997644369
773068024 620156507
908747530 471241660
171401677 853542170
71334575 411310584
978062061 471521882
522420725 720125220
978432562 180775762
547936061 5341374
564870890 585663263
785082139 761045128
193325134 65319939
139754712 667879915
67920886 397564810
284730030 380939625
177686769 884895073
54875553 195465491
653541458 832050086
712240824 701597252
419674178 822497223
276911585 211752589
262875176 259859833
589717206 69380908
299506541 949832921
551561532 515430973
2112100 553878688
606589272 280402720
762414126 42068384
563292094 516514795
470757755 230740178
960254903 58214716
365766859 212318293
138295812 736073659
474210955 75126514
494285718 47105420
297877709 213876898
364560304 363937230
329994766 147745030
279570372 874520174
681000077 32025642
60182647 303216646
660610784 231332565
797207262 588160607
259204418 296487175
909591170 638599885
972255035 786428118
258533823 772046954
652225426 58443052
526564894 622567301
893900485 766511416
378855050 440228833
74961302 94428583
888633916 966655100
40742852 388257526
228578049 359693818
364940401 493554009
739288569 603419110
841802523 981430987
709623211 465898841
540911085 699854521
667414798 58478022
535905070 829378592
663261310 667149151
685510202 435080474
577034836 74352358
314242779 373461026
923204210 542135415
407324400 603310655
36362252 382068882
382154641 84832439
23447546 268926953
251934797 910722432
775026498 231588089
958397446 583520971
688889001 640382447
233963925 292345719
740563861 136424021
952013112 632438834
44198824 109288560
56790652 734500175
447384873 86148487
292041494 66582339
816131472 921056978
485309205 435494320
564061610 515970051
54172374 348903237
442147951 714228790
696061903 318090717
484449752 101855657
106599092 215939201
115576696 35604837
446459601 743963962
561215155 910765763
393537473 336364938
58194896 127874471
650569673 504961087
434667245 862659307
45622522 356521333
907089778 778192539
818342268 44126516
330976629 326814766
702091839 22119839
995441643 409476132
317502585 622481888
945376607 603190830
841428726 988312762
777560984 983752615
973309290 560178707
767466205 363049211
551514714 25896948
399664941 129001917
356941825 346528325
368679073 674590738
723631771 803744367
856702389 684464323
601793419 157888874
129035003 215088777
620430604 114565523
661556157 661440480
642146173 926798982
795638442 663839406
193319747 936872733
796249699 518732573
578785872 734442067
746282881 797854932
633728066 641167861
997975811 212175151
819847199 717529574
479941044 872076779
451666414 817837984
801882892 802419666
541991784 842724750
665861951 691806287
157230836 890448653
255706407 158830901
456641900 227408700
343859930 659859607
317722234 620620378
932477776 364006586
166825137 405491881
377332223 256666382
301263003 50263343
930832763 1477899
611181589 772451416
653750258 673369307
94240321 833404299
540116432 127860321
218128309 15569404
854676662 324629926
446885874 156943259
413621035 779734644
194622406 390469461
15337959 746732066
399609067 710510474
957009373 452960478
138986389 956400067
755595384 978315641
255083721 84160730
194582361 173492193
82098541 699305453
183943363 97103901
92491534 911656135
220910816 853888106
298876468 700953307
991579465 627965268
821399806 501442612
414190755 894172518
58493446 755919500
11923287 322571593
348903795 462486283
723694347 871938583
172237671 244611299
457527643 445983162
692397266 404874742
134371605 370330600
522131348 690562423
991606210 20653964
333776606 251741290
743720703 415083187
250669891 829466411
501983303 248304541
270264770 692538716
246896169 874693029
650280854 771959161
86274812 765677074
326408173 69023510
676744259 937774070
849636744 760075437
520468175 303628539
244806866 771914407
235634682 14297291
62174047 273684660
303772056 895246163
389452975 582967872
95683107 488460345
898663098 849580704
656196478 649514971
46137920 641305078
690800477 196826604
62474330 637512239
743662369 689032512
57366331 91890861
897838096 974991773
716933152 426901048
785855687 47128079
346349547 100748348
279898277 552830637
839139791 505146151
239841568 686815601
73846100 410657901
672996306 445209051
292322764 932053914
621941334 122326100
868226350 486154051
887803335 781511865
601383992 433767835
434642541 613083392
238964660 721151866
495805014 905699100
660101213 311088733
833745419 47582874
444615526 711672798
276175696 399251457
416726138 985575475
246624324 951066389
280371692 486324957
984051035 839645127
784246622 184274309
494649786 10279690
667326757 735353075
68143600 327956820
554194455 467637579
309559900 199156678
385725684 505191501
943672733 528668255
135355608 287780184
175161253 947382383
959910422 702527235
388421499 392496498
784383043 966647794
137856975 743447858
153069597 42761706
982882336 518006998
737730880 521425910
951695337 778679702
722467104 606148702
525877354 742560438
142013369 165559645
62539181 304625516
184845064 448070241
86173764 514641363
141924542 327534550
466034623 787349951
552469915 90291024
202643799 684983645
635549614 429918615
880295128 629165136
685069534 360203680
222877563 445657196
438771721 543968454
850940157 919939792
904353899 822335684
421178485 135519521
472610235 228544514
448250073 527075112
143950254 200614379
217106741 554126417
925084573 542469495
609344560 850248550
322985296 32674533
149490987 912331613
802221869 708920947
517277757 45010321
428945191 865652027
791483066 112777410
211805944 992805783
15552397 370642266
627559893 58176220
485570588 991482784
234962329 923091243
281178021 625550232
661999480 144353686
947311681 136614110
305459157 945889443
800912846 746440349
471471068 943894635
519285959 292011936
418351494 180852157
765336822 929845068
103504723 815112123
434990094 790063959
639711726 798630346
638120489 863033111
860640265 731166658
901387671 723287427
590508331 440333341
724782626 173693396
101835353 371958531
831634981 872069030
713489937 258109930
659353009 802358031
405227448 950884635
206608766 623471305
98894571 184841836
358879963 94938348
918004062 96990674
487935686 565719702
963382304 75166891
127652277 894433168
527694926 167456387
16535893 63384022
71986053 503553552
654852800 257573725
388658192 897848662
673950172 72522959
480964909 746261663
410218415 55978487
145349604 710695558
667007214 695263226
782212671 661963868
152262347 558824590
573134905 37578494
222693790 131090483
802629326 476106322
280978227 987656451
620250562 893876459
452228798 672901389
223412866 35252853
744665362 697536859
312983957 274675460
310937640 383188629
757006370 193877702
785332627 523927550
916388678 929353612
232467056 108171083
329136905 85289565
92202344 311133124
225201385 977695512
591454355 799108934
379536862 211812187
686097079 998001304
352461884 330875514
672458714 417901172
921230989 726451513
665120476 476542520
645274750 888072240
225967642 903189583
118019412 964784047
601341670 634616201
544969863 566513482
893640562 222176400
401404272 649888713
752486923 11663551
419129055 391591466
939496877 212450094
944797639 510121921
63195381 345837867
845576156 943559598
906165259 652542683
279810380 363045464
9496080 774413892
311568993 55020088
225521823 511999935
861066590 975636047
369254057 582835090
68114506 941478366
874964968 159906510
979874394 129298197
737655930 445075863
705104613 280561160
628489447 484892174
799359773 427398883
234853350 940500692
117526746 500051738
637614754 232463587
937899666 257411910
779452620 648710628
464926343 100065366
594641156 364165291
742306487 228690323
969935228 685783593
823826604 698069046
604365777 288398753
818254587 113873912
230153835 660831980
900592897 841326505
911078748 893581767
909216969 265173014
759758184 102493802
569126278 911417414
792447500 820719110
501043185 988280535
717788249 953688218
872084165 392865432
322030969 470476487
319244848 208597035
201255758 407269909
553318487 941554089
334973481 525080247
231873742 378310244
295083296 935087279
155450776 812713690
434600176 310285020
415644224 385505658
754845594 147973104
534255128 803425109
779386301 689284561
503422674 926365710
527481981 548468894
873359292 636126571
908570094 193569195
37526767 15006636
755991880 957387134
457308166 428464820
657733181 154651600
341667784 409027915
58297256 590147811
751885354 89049831
821644276 352866147
332362262 128639385
18441848 359493834
580644789 671075477
152527376 410388422
976181612 141636216
918795335 3095958
963454098 792179807
393633969 766654799
610775138 955037308
365171989 926683613
390825957 603564749
237804829 150169536
59327414 843012957
695214275 808997782
421818241 864314226
455829257 287999119
949212439 371571404
624915399 352293737
223459173 365864917
599316463 749282003
941835002 645849903
981697018 699738321
778055242 209372466
46341732 786051669
387166928 476463861
612277259 919077365
427286735 97505494
53028707 618077015
763608115 237697032
548696167 96647571
859518880 717940752
478009856 175226233
852142938 454512092
697297330 659411495
983142679 110912858
98029673 230917559
920746211 67525232
600285603 262717372
276273775 517919052
956340073 296017237
409495333 993902463
709585296 362693117
339290009 59892689
649967828 990900373
616181493 903941840
673445057 735131265
944902473 451647147
788766011 35800946
702568617 719777065
968749697 427354477
557729150 966147876
149527581 251237372
676757629 912413213
127176810 717717134
80879256 549365170
166657267 270840895
217317804 407567990
595019816 702658900
701148119 37478134
279349678 794328499
438916858 756429938
154604924 797728998
865001795 484681740
723825963 808269826
332378189 100932505
423758764 771665686
179339947 211125314
376821136 274579777
49119588 520974863
551486764 710788379
405174191 30375105
169585115 367178170
755266550 909005738
773228540 954998400
794762766 551951457
705078275 27537764
953400856 642483511
999217099 745487992
554607878 487026255
489801525 140862583
758409451 410535848
763254471 267454425
120166910 43915483
96683276 157116946
515668608 895627424
657047276 903645296
507563963 833900139
876106275 289835227
897283254 151189571
840149948 836564841
769872033 814250534
248081850 597695718
694469530 915624912
494727485 267541538
871373709 209441956
877896299 836493777
133376813 620732874
351750796 90563028
797686191 578877137
593031053 67757872
501544549 486980950
780028224 862164850
912848827 742392606
433235143 344158310
235926239 249140251
557240205 54324466
160279985 816412431
643630374 179893301
50175017 557928474
540106289 808726601
558801991 318367216
978928822 288350925
981204175 954066923
859686907 146791347
874109141 676159654
397121803 728341065
751291702 236251797
637168348 739405837
990165977 68866732
508258490 126630212
713428745 565960813
162096736 929720832
113801929 348584523
361911434 965651559
760749520 57172782
664575469 273657562
10516868 831865210
613274140 802316538
928649400 582582633
825516439 34232526
483887543 892181644
285451748 845665019
978142568 461739806
305723612 262070894
633838196 158198117
696851248 290180031
513516610 574937094
474112007 842074332
637736013 882592061
394941747 130076757
983894596 721364807
738149172 373119475
671582792 155894990
608101089 914755631
112062283 576175672
211795747 539134271
319841399 828568898
789297186 806611968
22390657 625506085
377031024 254183333
834306152 355594152
56200066 291022888
443933361 821426285
960143851 78087088
673073044 319035975
926484177 810540394
869470111 657600470
576657776 17216337
970521419 930738783
446607343 268359290
233046499 350110756
847187081 163699688
387933222 423538346
850925914 961046236
975620981 504256185
31503520 584716345
822361888 682181448
559324260 603215698
505528684 252556347
247667119 450390997
354832374 835943486
37514265 814546984
200077513 886177752
337759724 440555117
734386949 344898971
222534071 397253635
228826923 523143015
540398759 899975813
462831089 721115021
450697612 998059855
53281460 896844408
411097843 235940438
903651991 993723320
122676039 277327114
769985292 326532341
919700446 81402182
161593202 237439678
32300557 627818248
220266166 767300392
586926397 86723969
692815345 904301379
220192935 851905800
258318858 205842210
275570481 767264289
353937845 558230403
655364084 984497386
843489049 60776196
292834105 124897158
393743458 219567404
590921637 717961190
162569838 525525963
437677129 810359089
660423299 568428575
111050288 388184976
845410443 598127040
894611125 353376681
456990687 752421851
223219829 808945409
410687264 411218555
698860637 732836094
126440197 556094848
676137490 362132423
190818741 457953206
655161918 326143142
994788906 739431755
53895615 480616692
729189738 206358703
122015752 343664491
744332629 537592270
664677897 51541013
297019187 515847069
562563929 507202197
834711321 791331462
752075022 883942579
954403866 918033847
718561332 415300089
966901719 725560876
677182981 510726069
386287565 144851546
581851020 346315408
161679177 239075204
441038548 655281636
859993818 974030674
752345161 248219871
161797696 894803514
672227983 69367505
842108729 94183111
856383588 362393345
745274515 136280614
564013298 927894493
746496869 470011157
842812978 515013480
28084706 57167821
731868568 323148112
825008162 598276525
144747950 738073805
155853089 905943574
376562665 312655531
437734878 348660817
469353197 340176117
53508662 634815835
876998377 340419478
479439983 424167857
13148309 673950622
357305728 111525271
777515843 702093288
867154237 833033136
634657669 278663317
91222200 382383113
41800247 341613950
727909915 770040290
144088444 471101233
510210050 991653599
783282545 381710159
97601532 24394140
425750566 130428051
104844349 474260162
537559545 630863982
12933472 37080476
893455559 210953212
93233820 680785778
787639796 732105792
637404480 201383636
70407722 581445531
861209008 218569996
591364292 908036632
859957416 57310032
836926287 55054001
847086220 700183414
87450331 561649019
358121907 862000289
452206876 587437070
703797372 853252642
890045639 927181955
306196149 387300791
831864987 202765540
299952463 605201427
288825094 589628786
153117893 165809348
801842157 358984101
388229319 285942487
924921171 286551718
584086858 861128722
528651614 706263116
995077504 890148617
421961302 347582093
519244651 270997448
772533851 339322564
775757445 491992181
826261049 187040708
706008525 72038603
169861833 901761641
664638125 91379812
90943135 399889069
517810114 675240628
203060811 995323307
149555264 26229800
663695789 628630418
660009160 36467076
211474510 820519948
512359800 417441381
553082380 485351499
580368256 941041363
601403857 608634902
200424000 219213451
117495509 498386915
966218769 872844191
225199644 893362750
903112142 202636891
310003599 248021694
188367375 498900127
921624852 397988585
204960368 362128327
643776496 349962291
663785001 985855620
265675954 413743568
618885455 771306866
282030158 554170620
918825764 336997601
885264517 76528840
5558332 351939425
634173475 951013440
70154271 661399325
385541328 142672036
712760033 247300857
578645345 423613728
455172638 980149188
251903860 32195876
80863 825070358
100678584 786412687
420388837 1364890
253521215 444375415
601071911 937298343
564160345 563740403
995833505 693989688
225403620 221391855
588918401 66425069
643461549 139774072
563368648 635635001
197928078 740141296
966782294 790903128
86988739 300695106
979832453 518657076
122761327 896441474
283537314 120024094
947187332 338004387
680588035 797503452
395001157 905753941
745240980 97979660
406866551 55810507
131480881 347217483
462590972 715575291
940064562 927337382
400818144 776363118
726219597 910755961
80803578 237263158
808433218 355014119
821388023 933397638
230967342 51152092
688169659 428446934
863079651 434842101
566874734 345084693
621746520 113373987
990491030 974139640
998733405 412529638
909380835 477808716
929918528 241062197
452980203 152740818
273877034 798873592
615265493 121327445
598807285 38948991
408509083 569068143
115138444 104366242
644630503 77061975
265514525 11350673
171706687 60515144
780564543 871451255
888591073 459444935
25827917 564699957
545795541 195247454
701776090 422399663
901191957 783782482
250565863 161050518
115560603 701625338
410318587 558462
674844322 770329059
743957914 403397105
312742593 66282298
285286668 443604201
661361250 931065375
505598830 410952475
257983574 56596251
446655535 321248745
849329029 943160780
572735200 995090906
814459226 823880935
629290122 34366658
212350118 653935664
941799641 270451258
772950532 473814670
238855505 74646823
94416489 504861166
704879344 916786605
139422145 411206850
250100279 182543360
345249819 584296507
833009517 760075910
546795034 137666049
857932900 195468626
480819428 137470717
520709978 695702540
907190822 740503452
277949918 985789512
716725602 807486110
62124796 465858597
955122422 772899195
461626376 365676602
411478380 896535955
44644644 337123459
701625090 724872587
775453034 39401516
974775623 648289682
493879803 103689599
553632572 68204034
236619076 345864055
842881310 64331598
799489120 839597763
952114755 667690506
616397931 776454314
829975100 248993813
804392657 733044391
417179305 619049647
888708011 448370881
494863028 220625986
68758211 188910540
750721619 547357769
41762580 851277258
678340225 488737232
271920366 675080344
207419324 794876589
674566921 326303466
618844024 453116318
35445475 58921069
571491893 628053828
299933453 469106250
137420835 609411252
701345863 656818400
99084276 640956962
84169414 276368823
819661248 386213511
968220875 697162160
20340655 352154515
901537126 889794330
27552742 251858910
923335482 177554236
312172453 511880372
450909325 227202009
2670092 243518396
825575537 590201197
857499790 730378675
974703452 499814732
70118925 141220740
956316348 792126064
585243427 671713387
750332365 610204515
660919228 490869446
857676263 376187064
488195090 54567123
389459451 683732214
558257964 379239628
685770094 456828619
464436887 127344172
928289614 688453109
217806075 608959464
961767157 23435896
487928077 911977265
674557640 736402226
510421605 198177798
497397351 665832879
242937596 926797215
916990797 247954870
892267974 704726408
167588738 661938477
229172972 991704995
829161134 293606249
909047231 885591464
42016577 162672693
690002662 530029616
577913162 963758913
86045637 905570139
65239681 51850075
345909726 652225312
513983602 474806626
838254571 43546961
792733137 33828673
599990110 422992009
831295276 714893361
169251325 530137752
795247906 143725900
771739124 997275301
278679991 259024330
461808680 258319175
986857115 480045159
724976519 172961805
74718233 521231414
728503639 766667587
189029926 582571682
352995499 858143471
630015629 179350492
327152791 259976834
203776066 689520546
675452347 459758168
16189860 499060212
773077577 18826811
622833309 577104622
461580744 118401422
610083544 732880647
397301711 140000523
694192500 211399955
537145282 207277936
6487626 804934642
9831570 221186138
947937562 634440047
594381590 474185954
284752899 668986503
389197662 859758713
16516822 470014212
693283766 20137690
289433553 548213807
995020623 909299598
873326804 705549047
634235566 718146665
520333160 80157554
576990917 636605990
352296175 471088426
750804641 717262340
462078931 342908089
541047604 714872343
104486710 66669601
473617424 967652789
939374589 232659621
670566984 215095928
27403690 799570588
506858901 532621068
655304005 830324328
699658160 722651409
379400497 82916328
493662848 134995838
367859667 545312126
272457772 342570337
897137847 361369907
678610964 390527975
884013240 295365487
77769137 697500447
899758925 553185633
921386234 683434405
902192586 719780550
54293048 813259400
374291040 2807435
329092156 892648730
843391551 825840546
597506633 804738161
400799618 318512157
424271184 814403080
252373485 817565163
113081538 876097205
940289633 617999329
533839624 982203587
476477275 180305468
125005219 66820012
134111204 168026234
985315559 863567993
356309450 546979582
828763562 399009116
232435252 409757859
428570386 568029266
529597625 849634040
448659717 310731919
168960430 955613835
110151779 726684754
143485113 118562299
14528786 688406674
878496795 351346287
325226458 110817608
21334046 885743316
116441354 701752863
415657539 899904004
747300557 258893209
799408087 41686134
824543220 535258208
480287919 124905065
458835690 885464025
411748721 4340361
769371308 379360375
993519294 224836157
712256665 93889764
163294079 952593335
573831159 310711532
143760389 913035927
619662413 599924506
200792364 299370904
404842358 20637995
252320289 546005809
7842225 709183848
929173771 748186513
362531219 754955082
988676134 731614696
48751691 196879937
683195608 536295450
615820864 537460421
930122903 426031040
46415308 982814387
195411888 692795326
63782650 237013132
337196289 581347708
874112634 251727790
239791912 973027657
874646755 681200288
401598860 705000203
248414826 595855440
165346540 486152924
380080571 261736180
75415559 38237822
889858720 750914980
