800
9831752 31666638
866867167 148468397
888046067 211338095
873489189 228004081
637903831 886990724
961471412 616148838
825473985 373951966
786460293 30670893
9545969 670006689
458236866 248522136
589141569 363144028
58734125 203536577
52727736 835342120
98738158 291396523
428519359 925930153
750100666 55857328
132955375 959888999
612309473 897851958
420818829 640093265
108483378 2630667
80992715 443421456
895637910 809089608
617085877 473570807
869663563 300336371
570263829 811267160
909206897 30623181
500265044 740665959
709286432 319162282
18766188 267447345
792100001 272643314
435405207 441381437
730060800 226729470
142608840 475025411
398053353 626716437
257691190 384836191
51864603 174566579
112243883 132633360
858043529 796179354
781067257 699442246
389987769 356736368
57387974 251466302
113107145 835382477
937181023 130457878
779581598 250583788
385552246 809354771
596403102 565219954
60644830 134312037
917340916 563945765
254334817 201427055
81130731 771244294
255793218 855688972
432713802 402924105
79477174 12202724
44590352 818907869
633972396 855701362
992167877 433384019
995507973 14440237
900542133 362802998
542160207 272216932
451572699 688786240
537581553 395926822
701885684 361159787
453293189 845362388
247055090 536062560
197761903 726732923
580397288 695859390
13525097 443873452
233018563 116556117
511772604 46053104
316814242 970139231
219229440 307716763
402753831 597082281
251896864 437938167
861812183 905473945
642285482 736779685
478193876 626175188
807587381 509012669
345693178 378657163
924222589 702144081
91512012 827001049
411488573 86426184
203959489 158680570
314849597 494263553
546415697 34760299
379885246 72565664
43288357 893576864
891672683 840812190
473446026 207944238
537554185 879741622
638041108 683976362
210221588 179762169
708333002 351544207
773603904 661061968
428223432 481925640
891451915 702724853
42958564 485314671
958573714 44344241
651302047 283845204
447921077 833116610
446253622 31783660
868789004 147995798
935046580 627006150
316622514 695819144
884132939 483941880
175538072 369158648
511113521 200799178
630892659 156371640
809939239 655925796
216951655 513724944
466900780 235322750
835856270 904434171
4956038 503729409
716242853 957530061
214215418 251015915
396599525 885507821
291784364 525475178
579157303 438428304
476778700 996293455
419123159 178081533
215583539 544310022
511089388 506797773
281146014 119303899
660857350 885169493
876411903 861238062
924985689 279548465
147143496 72548474
637142229 934730864
267662341 738307018
762923120 530166679
608052659 335684034
87036754 150991233
893620789 778977494
261453751 205910902
458253442 469187593
914184701 422053140
619440534 985785757
207513925 320644866
106637954 123554567
112590430 321880383
291274225 77149783
237657555 141120215
595409614 426406325
850423334 956521508
997383451 304369366
754286940 800168717
824904602 277217656
30257081 608252555
524946997 693228754
560376184 665373803
522662392 726086781
347548069 509672037
146448486 849758715
971987437 692613582
896469874 741741583
107324686 277794006
980677407 920359244
182244241 146743646
779393511 840065163
585701096 590841310
841873067 558050814
50882888 848344335
873971812 65868747
270910951 609539214
469276107 743617958
576759802 28314278
318784484 883408639
758480138 399798464
120578298 786620786
59019667 913977724
326164185 89808341
281296071 169234214
323738523 550450744
190692317 790950023
606800407 353910723
443201273 287090763
614870221 850138175
887647203 670821304
659934953 423236954
74725359 649206432
841564251 270323363
867112289 945715758
740918606 363872461
187373752 579811909
55985775 719329548
86703094 500757200
57832474 949644602
187771634 657241659
382807386 239896715
549668420 577238301
793247114 461190919
821067333 324361259
476730967 534126851
659760920 279433884
734440279 442883545
119693859 710538859
252174693 376914855
509691173 906981958
647529492 616663971
725646073 338174097
208960384 657947745
460511274 324582759
267438912 670148138
379013802 995950730
280972657 941139247
659871060 655306092
245484576 524371806
838128699 339297774
448545570 951343077
323555268 45160510
115498207 171724831
127567852 534454089
486942157 768267230
100786901 510637368
359472549 974512985
834122319 999425667
121252998 873203532
444969360 982504728
369080388 298237679
53835931 668744108
949265657 222408902
633585955 302164065
416094698 828502428
315137708 628941155
527159572 712231383
909162259 898019700
808746785 409257501
358884712 84642852
247332109 598807236
97628201 216942633
286847063 627183453
559010291 655535970
413346723 746468364
54127122 514397883
139955581 222261487
297292931 612200893
278054894 593310995
787176600 890156412
532534167 183205709
592166848 266578434
463455296 464547194
517857791 300616013
303369764 647042431
951518813 207747791
571227081 727037623
359938615 460511150
655572351 505250378
946336101 706964083
755368292 759914964
751548546 971730388
665459301 539437536
810557624 454486132
491657464 192111821
939393691 169361589
640769826 744678384
462881305 652531807
771123635 275368371
916069973 411933363
616912501 553540942
723148517 463349490
286224729 420260055
803092661 282041579
915182345 20536308
473262100 298835087
338030248 226027900
380278869 9045690
981529942 330620132
148387656 573156961
885926178 477405940
104900174 980761353
248851036 183259296
83042417 299612230
360053703 184957412
760724514 334857217
676638402 77713830
449076885 191112318
949187861 658671155
293180698 584848507
312877455 809305078
721490161 290017033
923500092 21494670
909302453 134749995
155175517 72740084
40863019 642339325
435246171 519388222
593031184 334921319
884605099 169239585
40805681 171407847
325418834 431450530
3199211 929959393
267934571 922399665
395139485 972287530
202848480 566956854
87536712 959423830
924552609 554046065
658256733 699102387
998896755 506692397
723487159 262308311
750773764 163823938
425116413 250961284
269707531 683728878
907967210 592550253
739633824 588696311
359129450 902829067
198888891 848514156
245418863 22423104
103946897 882141218
418534650 629402459
697928838 339632162
885116139 43817526
895456173 536659697
963345881 147690915
702771223 639012142
293967364 57749614
391931412 827774290
466120577 740329592
534021394 884849526
956936302 501660371
351854086 177802242
401013730 408162264
899880781 288586552
549568083 796996130
365669407 695562562
646316941 262322917
644065034 56124233
228644991 304278422
186059755 710373273
818413029 610138207
945745150 129127812
224925692 952603903
622906224 743587555
527013122 751373182
962187642 668954159
217652957 803368717
833209831 749097663
488709219 692939615
807590396 103981240
310800380 911350797
236842317 328614559
606225649 801975327
575181725 424886080
556308981 189622766
272439980 247908567
40189317 334041408
948321263 554086490
49953720 867891836
609061612 893911453
813991513 550995827
623249200 458771138
960235744 991352410
637388714 277744806
805656971 238522942
507412621 842413750
97685677 905662677
88832307 359829604
122645405 679141918
88956123 848681753
662286704 826000594
992171849 835424956
572186804 431504913
205773265 472418077
331230604 112915327
197565311 203161224
484776505 132375134
30665122 147244762
374691483 130304179
468358099 988385151
77240362 693855172
813877188 346167892
33792884 818333279
192581854 887113162
239242026 68755042
910467797 263984755
596288093 325403318
469423407 545623621
310235436 763714321
412871162 366018675
627275400 35657674
179464649 112728551
107780710 745754843
875738139 987583390
191729419 780841615
590913200 811866672
773586776 462530730
978107612 374704797
877735011 974655865
511620082 131996121
953106254 959940725
343715194 270663205
156945737 920440050
752395820 50255574
70462572 81734839
49567652 531677285
829899880 38540944
728299573 789540575
626667679 873543579
908514946 250296101
817705053 28253307
533563853 461962558
615669277 257429026
285523109 266877636
543227199 185238830
264766622 392005767
612709510 544753765
570557956 190196139
57497703 473132952
862603490 996802091
465208996 383181569
68210506 980233720
217183298 679122823
502653112 211460708
994135279 417921085
890028006 538091020
314326198 383647438
584227934 689684810
766982248 893793461
791174039 541651005
275543234 531803827
291577348 123320828
564862071 7940562
732337705 511225332
400813862 205166252
149754491 916200136
828827802 178597049
472759198 561342713
654134975 247658811
897332721 894890627
675697082 529330699
459637821 773564243
642304815 862648895
229006503 976852503
789613979 691402918
632885670 768095554
276606051 89868321
457150351 938141742
180263840 808062444
325520903 129096748
243491483 458237083
975265113 100955756
17828319 105509363
865824625 974537573
521502200 264915824
688331953 999449627
145772458 940331046
529882393 663470105
194651478 604037764
491465452 529854092
262392359 74053366
290693757 165800785
327334377 794627412
596134551 171102087
928687895 793196260
357985629 86881140
845710170 803746945
364181252 42839896
599296517 897592804
171174080 621194675
71241854 524353858
868613129 469140392
31273029 546591711
816260456 440142052
408655953 502895200
875204547 266244238
204161374 558487650
173618854 584762826
214137253 65569583
690088167 89192697
471375366 842898693
190672408 38626243
396611145 766688288
666252072 542501184
695937259 178751296
641023864 126073809
363471460 738315858
525605700 747790501
996527535 77675183
836644233 949539703
536689971 451648219
287868253 94216378
465744188 684632362
447260839 93864760
847883619 375487353
782896979 807527022
558515501 524773953
407843183 84324001
188582726 936957391
688267280 698455076
71424760 999791753
109058133 905531210
215092026 44861459
847813889 370670940
409671965 357639313
315710231 182670338
400790771 687873253
470156804 521714416
251665688 233864357
923783458 92545462
303824594 383710088
335592592 572436633
813595228 909444469
360318833 519143898
446162941 226765061
352306472 313337600
522049319 261536911
408376099 414740532
292036611 656305677
968495220 16458119
620423837 219326910
590551055 780908152
211387724 664977088
48177467 411638300
14250292 448719713
453980065 951562561
533013155 932636808
777885260 144560512
498255116 828306239
320095165 309795150
92707471 41181637
874953170 850762960
874408738 765314136
930994357 37324496
800638263 760532759
656026705 518683634
430809931 179297271
316496440 943810679
124782429 264253441
307099089 818027759
150354628 452128144
464954500 173630869
674282766 748703487
135330113 568807373
589202289 347641276
838477617 310717409
491783160 964135007
826726980 238046984
575334937 145448077
565932088 400154091
815818790 296841544
785044625 770199778
315112082 929687312
888905396 954293055
364264796 246508650
695654115 284913529
185784783 665186015
801577268 558487275
974887821 252977695
652301781 410304513
283361783 612471357
435894144 765022747
461845956 400492877
529016481 172217717
660137715 268925434
628099004 236168476
968052283 739949694
730655968 251358729
670977975 78915015
435433906 473643416
547731732 187099547
958253905 516086319
511045531 334479736
721748756 892866111
668118717 607048574
111729375 241923394
800261628 853769019
634652803 796024031
907447789 387672526
264814887 913014218
602590225 654385007
814518737 182138055
323456232 240569253
794737322 767478120
892431147 723186479
164155006 381419247
16223635 785976842
594444412 630241492
252148394 943058755
343408569 191676103
537625207 430275581
534369624 118674123
212694030 10078248
626768567 869739719
156960612 23134295
683593689 270702089
981260224 604824471
760535433 571776135
472154427 841754776
786589373 494514351
942393499 589499648
122478281 581075809
518755449 176323045
163606513 489080570
219983476 543372597
618551269 826562332
129073060 61233903
837161665 532089646
901434462 456386299
142141311 524503064
6798993 892891588
291618759 287891211
234296720 505792659
173599030 549008718
202138844 806476513
216192969 40809961
837473101 630431803
88675763 370637027
174960604 481134878
382769685 653700168
558912270 78775812
162874164 775434011
589104249 708749659
43051384 393738595
600538735 704585739
780655709 767955021
346545446 827127133
714563877 315075695
394299240 409720690
388136841 646926200
281034540 558756004
23236372 161575939
184487584 727384543
877009344 126837987
413394646 275984420
416078376 664525624
137966717 848019781
706837297 436564544
235647917 533449187
512771251 186345971
440484901 183154327
330336873 935276403
182217128 354572822
856493640 479890762
248396197 380825219
598770864 33933105
917239833 734264734
267763650 759642567
220144614 405493390
537488296 84171919
118270996 50061462
681948901 90386367
354388578 441660321
169179693 677536978
336446665 661814480
839106682 663944011
475636773 649790352
43822891 743951306
908101662 434851444
625953115 547346940
508826457 218918223
689544604 252070399
861973656 466538719
581899040 372482535
439857979 553516550
368910400 155448126
246637195 246805584
671448137 212394670
766100669 729050043
790469404 574544959
641549341 966311817
139334742 78798809
742748923 69864384
310590111 272346682
811498258 847838453
225098069 886648215
939988397 859980510
516879893 439588219
273325913 676623847
570508112 978099742
994123558 846289522
230474733 892848386
102166522 63997829
935637082 863572154
320074621 746907611
121525235 887782983
315392472 91619099
811851976 997717288
965922268 921363919
183143088 997712097
450657333 272785755
295430448 74651668
352338488 615533173
520664458 46922266
388097201 847895648
416261768 721771094
847336871 957729821
824452761 22961246
851954203 349155329
114301492 718700229
209392463 165169313
827805116 843463869
867368177 694859283
567415332 824051962
225734978 632741170
579360639 905311266
88528686 494090278
930542257 11306640
185814503 406221421
424818810 84455955
465574306 782878026
790127853 650525132
901904456 908867807
748137169 293094833
87298522 552178229
469792655 652204307
145721372 365997269
461764343 944481912
146210937 624651576
710830519 198361301
564394154 845453485
909357302 100520303
965407984 184120482
546637788 493674807
185603793 903896495
916137234 919791192
767510338 112651374
245146987 930856173
766747330 260036211
695775454 964865454
973851848 447763366
404601078 453626809
320518143 500070883
804537487 824679954
920447189 811870148
214930931 654005530
686344182 921145
567494015 621869013
288286914 790017876
767518055 160721778
432402907 861121185
739180798 672257613
425776338 126853867
626695141 309162904
152950424 894920688
239480233 540372918
561105948 742017348
388164722 4535326
282444409 201078887
922158273 717286280
95238030 708111292
203907270 45347783
360739815 67852347
652084346 242831246
948018452 280715053
897297897 145160214
478370517 102457551
151857292 159810414
262076692 644386559
350860502 715451988
250155540 82947383
199675224 32322755
444048620 767823760
83457290 589043933
664920056 914249912
205416409 102626097
41438512 827490623
692740294 943809006
95430000 554537069
36906567 978969391
543474916 111828767
294159604 732071594
790067066 648316149
460649459 3006320
941443927 359019855
325368685 960209414
700006748 456321879
495087272 374719267
590073890 686689313
768674202 838252391
492060122 986362977
836256758 354755924
764638799 459922055
417162400 456340325
5732695 646441690
762047461 236995111
386719053 956435608
731332817 35842290
559507697 847152377
573241165 99674331
24270297 433279263
442374731 899629376
695942801 632453244
224068348 945867650
720353070 553008174
546878849 362388905
775753557 344498730
866710523 706993305
484701309 860115955
141839641 44710697
436943973 2200312
898631232 881056934
421634218 932317071
384702078 875882237
314293627 410668182
138086582 223580861
827885604 954379840
443742402 538457850
169678261 368884721
67281780 114698590
253315313 655509049
865003407 956614115
83608730 579554631
115645214 192901202
