2000
706721028 251457459
706721062 251457427
706721020 251457427
706721028 251457505
706721069 251457501
706721079 251457508
706720999 251457512
706721068 251457460
706721006 251457493
706721018 251457440
706721028 251457497
706721039 251457479
706721033 251457459
706721064 251457492
706721000 251457464
706721031 251457469
706721071 251457496
706720997 251457444
706721025 251457506
706721051 251457436
706721051 251457510
706721013 251457496
706721081 251457489
706721041 251457435
706721072 251457494
706721064 251457488
706721030 251457498
706720997 251457508
706721049 251457492
706721061 251457451
706721060 251457460
706721079 251457513
706721061 251457498
706721055 251457450
706721032 251457476
706721077 251457486
706721051 251457482
706721065 251457465
706721059 251457452
706721022 251457473
706721072 251457452
706721001 251457510
706721028 251457504
706721072 251457462
706721039 251457488
706721057 251457463
706721059 251457459
706721079 251457503
706721004 251457458
706721079 251457428
706721068 251457449
706721052 251457509
706721035 251457471
706721041 251457515
706721034 251457454
706721039 251457437
706721037 251457499
706721039 251457445
706721015 251457469
706721049 251457489
706721007 251457455
706721003 251457485
706721025 251457459
706721075 251457442
706721056 251457435
706721019 251457431
706721040 251457440
706721018 251457468
706721072 251457441
706721006 251457486
706721005 251457494
706721015 251457471
706721047 251457480
706721012 251457453
706721012 251457449
706721014 251457464
706721036 251457443
706721023 251457516
706721031 251457512
706721050 251457470
706721004 251457487
706721047 251457505
706721072 251457480
706721076 251457482
706721036 251457516
706721073 251457478
706721022 251457430
706721045 251457430
706721033 251457455
706721003 251457440
706721052 251457440
706721015 251457504
706721005 251457479
706721066 251457456
706721008 251457485
706721056 251457429
706721075 251457500
706721066 251457511
706721016 251457488
706721072 251457464
706721048 251457504
706721018 251457477
706721073 251457497
706721051 251457455
706721006 251457460
706721008 251457460
706721040 251457444
706721065 251457447
706721018 251457482
706721013 251457513
706721027 251457458
706721062 251457437
706721066 251457464
706721018 251457467
706721080 251457484
706721056 251457451
706720997 251457431
706721064 251457460
706720999 251457429
706721033 251457479
706720996 251457493
706721045 251457444
706721065 251457494
706721050 251457435
706721030 251457468
706721043 251457488
706721063 251457485
706721039 251457494
706721070 251457461
706721080 251457476
706721083 251457457
706721050 251457462
706721083 251457516
706721069 251457476
706721016 251457505
706721026 251457508
706721062 251457493
706721005 251457456
706721041 251457434
706721011 251457464
706721022 251457446
706721001 251457514
706721024 251457467
706721035 251457501
706721067 251457489
706721053 251457477
706721060 251457515
706721080 251457510
706721031 251457509
706721054 251457430
706720997 251457435
706721072 251457473
706721047 251457515
706721002 251457472
706721005 251457432
706721036 251457452
706721025 251457470
706721022 251457513
706721035 251457470
706721008 251457483
706721052 251457503
706721003 251457499
706721048 251457476
706721068 251457428
706721074 251457430
706721024 251457476
706721069 251457495
706721073 251457451
706721016 251457477
706721071 251457435
706721059 251457486
706721066 251457514
706720996 251457440
706721026 251457432
706721062 251457487
706721054 251457493
706721037 251457487
706721003 251457470
706721056 251457493
706721043 251457440
706721006 251457467
706721039 251457478
706721035 251457469
706721052 251457475
706721015 251457502
706721012 251457506
706721081 251457513
706721064 251457432
706721043 251457434
706721006 251457475
706721031 251457471
706721065 251457475
706721017 251457433
706721022 251457428
706721039 251457446
706721077 251457511
706721024 251457495
706721081 251457434
706721009 251457484
706720998 251457460
706721053 251457472
706721069 251457447
706721063 251457495
706721002 251457501
706721014 251457489
706721044 251457459
706721067 251457480
706721070 251457472
706721063 251457432
706721043 251457507
706721053 251457498
706721017 251457437
706721049 251457491
706721081 251457479
706721066 251457444
706721019 251457490
706721017 251457435
706721045 251457461
706721048 251457464
706721073 251457435
706721058 251457429
706721013 251457463
706720997 251457486
706721045 251457496
706721001 251457436
706720999 251457443
706721068 251457462
706721049 251457462
706720997 251457474
706721035 251457474
706721076 251457492
706721077 251457488
706721046 251457473
706721037 251457465
706721040 251457474
706721079 251457463
706721079 251457462
706721063 251457508
706721026 251457483
706720995 251457509
706721022 251457511
706721080 251457471
706721018 251457442
706721042 251457435
706721019 251457516
706721057 251457505
706721047 251457472
706721009 251457499
706721067 251457474
706721020 251457478
706721055 251457516
706721038 251457504
706721020 251457495
706721068 251457516
706721053 251457512
706721043 251457490
706721005 251457441
706721013 251457441
706721032 251457496
706721005 251457460
706721026 251457469
706721002 251457478
706720999 251457496
706721074 251457450
706721045 251457460
706721013 251457510
706721055 251457472
706721022 251457488
706721028 251457500
706721029 251457473
706721059 251457485
706721024 251457458
706721017 251457470
706721030 251457506
706721064 251457442
706721011 251457460
706721030 251457460
706721017 251457451
706721015 251457441
706721057 251457492
706721027 251457436
706721081 251457463
706721036 251457440
706721004 251457483
706721030 251457493
706721038 251457446
706721053 251457464
706721012 251457457
706721047 251457443
706721070 251457473
706721021 251457434
706721083 251457439
706721080 251457427
706721073 251457512
706721073 251457459
706721009 251457467
706721009 251457468
706721054 251457476
706721059 251457468
706721058 251457500
706721082 251457473
706721051 251457481
706721024 251457488
706721059 251457481
706721048 251457467
706721016 251457440
706721084 251457467
706721055 251457461
706721053 251457483
706721018 251457508
706721004 251457439
706721026 251457448
706721083 251457501
706721015 251457472
706721017 251457443
706721010 251457498
706720999 251457440
706721060 251457493
706721050 251457497
706721084 251457485
706721071 251457499
706721042 251457494
706721052 251457436
706721076 251457428
706721038 251457496
706721014 251457484
706721047 251457509
706721076 251457503
706720997 251457485
706721069 251457505
706721004 251457466
706721035 251457481
706721079 251457450
706721036 251457473
706721071 251457457
706721005 251457472
706721056 251457448
706721066 251457437
706721062 251457515
706721007 251457512
706721005 251457428
706721051 251457462
706721058 251457512
706721028 251457516
706721068 251457436
706721061 251457469
706721041 251457474
706721044 251457438
706721038 251457454
706721058 251457440
706721034 251457508
706721044 251457472
706721063 251457472
706721022 251457472
706721049 251457448
706720995 251457434
706721033 251457434
706721009 251457441
706721073 251457484
706721024 251457464
706721027 251457472
706721070 251457431
706721031 251457463
706721070 251457481
706721032 251457499
706720998 251457491
706721074 251457447
706721053 251457433
706721084 251457472
706721078 251457509
706721075 251457488
706720997 251457458
706721066 251457440
706721061 251457427
706721013 251457455
706721059 251457494
706721056 251457496
706721054 251457504
706721035 251457497
706721041 251457465
706721070 251457469
706721072 251457447
706721004 251457471
706721062 251457491
706721025 251457512
706721056 251457492
706721038 251457432
706721071 251457497
706721031 251457507
706721041 251457467
706721013 251457484
706721036 251457439
706721084 251457509
706720999 251457508
706721017 251457516
706721060 251457429
706721034 251457467
706720998 251457433
706721022 251457468
706721002 251457459
706721034 251457450
706721004 251457470
706721069 251457469
706721063 251457506
706721011 251457466
706721035 251457493
706721070 251457466
706721057 251457438
706721054 251457502
706721070 251457514
706721069 251457436
706721042 251457506
706721082 251457479
706721066 251457475
706721018 251457506
706721001 251457440
706721080 251457462
706721039 251457493
706721061 251457431
706721016 251457468
706721048 251457474
706721046 251457510
706721022 251457482
706721013 251457477
706721079 251457499
706721040 251457505
706721054 251457434
706721083 251457476
706721078 251457502
706721048 251457429
706721067 251457442
706721053 251457510
706721022 251457467
706721058 251457494
706721056 251457514
706721083 251457508
706721064 251457464
706721000 251457479
706721009 251457450
706721042 251457489
706721056 251457477
706721035 251457467
706721020 251457489
706721008 251457478
706721080 251457450
706721018 251457513
706721081 251457506
706721009 251457492
706721072 251457446
706721030 251457505
706721037 251457446
706720995 251457451
706721007 251457449
706721084 251457495
706721035 251457506
706721041 251457461
706721013 251457432
706721066 251457516
706721052 251457481
706721001 251457463
706721072 251457461
706721008 251457464
706721045 251457443
706721024 251457462
706721004 251457427
706721068 251457484
706721036 251457484
706721044 251457460
706721074 251457492
706721011 251457442
706720997 251457433
706721020 251457477
706721077 251457428
706721060 251457448
706721065 251457473
706721023 251457490
706721009 251457488
706721058 251457445
706720999 251457504
706721001 251457479
706721049 251457480
706721040 251457465
706721070 251457491
706721066 251457471
706721020 251457503
706721036 251457432
706721023 251457511
706721004 251457430
706721062 251457433
706720996 251457445
706721048 251457472
706721029 251457491
706721019 251457485
706721083 251457479
706721003 251457516
706721005 251457457
706721077 251457468
706721002 251457429
706721007 251457440
706721060 251457490
706721028 251457473
706721070 251457503
706721013 251457488
706721044 251457468
706721009 251457461
706721072 251457493
706721066 251457491
706720996 251457441
706721032 251457504
706721022 251457449
706721012 251457451
706721037 251457437
706721014 251457448
706721060 251457461
706721055 251457433
706721009 251457478
706721048 251457435
706721019 251457460
706721018 251457472
706721003 251457495
706721049 251457461
706721004 251457469
706721046 251457498
706720998 251457434
706721029 251457430
706721059 251457440
706721006 251457473
706721009 251457464
706721010 251457488
706721000 251457449
706721025 251457481
706721051 251457503
706721031 251457434
706721030 251457428
706721043 251457483
706721012 251457470
706721055 251457509
706721075 251457498
706721052 251457455
706721044 251457458
706721010 251457494
706721003 251457508
706721049 251457477
706721034 251457490
706721008 251457512
706720995 251457443
706721024 251457516
706721055 251457456
706721012 251457486
706721058 251457501
706721010 251457489
706721059 251457511
706721020 251457468
706721048 251457456
706721073 251457487
706721063 251457433
706721048 251457431
706721034 251457471
706721032 251457502
706721019 251457452
706721077 251457444
706721057 251457455
706721053 251457469
706721018 251457465
706721033 251457429
706721009 251457503
706720996 251457477
706721036 251457507
706721002 251457445
706721058 251457480
706721002 251457474
706721008 251457488
706721000 251457498
706721063 251457439
706721034 251457477
706721083 251457440
706721074 251457475
706721061 251457432
706721018 251457478
706720997 251457497
706721076 251457448
706721039 251457453
706721062 251457492
706721069 251457461
706721018 251457456
706721080 251457509
706721020 251457511
706721030 251457454
706720995 251457480
706721077 251457512
706721056 251457513
706721034 251457500
706721081 251457515
706721007 251457504
706720996 251457512
706721017 251457460
706721050 251457485
706721011 251457484
706721068 251457492
706721031 251457500
706721030 251457478
706721029 251457444
706721057 251457484
706721042 251457486
706721016 251457473
706721062 251457485
706721068 251457494
706721028 251457515
706721014 251457510
706721008 251457433
706721023 251457508
706721072 251457489
706721006 251457453
706721012 251457503
706721008 251457500
706721046 251457515
706721002 251457505
706721054 251457445
706721058 251457511
706721048 251457501
706721010 251457472
706721067 251457484
706721009 251457483
706721082 251457491
706721043 251457505
706721054 251457484
706721028 251457495
706721069 251457428
706721037 251457441
706721019 251457495
706720996 251457427
706721045 251457447
706721028 251457451
706721024 251457457
706721078 251457477
706721083 251457499
706721069 251457486
706721042 251457431
706721042 251457487
706721077 251457495
706721028 251457476
706721057 251457511
706721062 251457429
706721028 251457448
706721012 251457498
706721063 251457441
706721017 251457503
706721015 251457506
706721024 251457496
706721031 251457485
706721050 251457503
706720995 251457429
706721063 251457464
706721052 251457488
706721058 251457488
706721023 251457459
706721021 251457433
706721024 251457442
706721044 251457470
706721076 251457487
706721016 251457513
706721010 251457480
706721000 251457433
706721082 251457437
706721011 251457492
706721069 251457454
706721082 251457485
706721021 251457481
706721026 251457489
706721019 251457505
706721071 251457470
706721033 251457432
706721071 251457507
706721060 251457463
706721024 251457452
706721065 251457456
706721020 251457505
706721013 251457458
706721048 251457453
706721063 251457475
706721082 251457509
706720999 251457473
706721067 251457495
706721064 251457474
706721011 251457482
706721069 251457465
706721075 251457506
706721072 251457457
706721011 251457470
706721073 251457476
706721005 251457454
706720998 251457502
706721075 251457443
706721026 251457491
706721055 251457434
706721082 251457499
706721075 251457473
706721046 251457436
706720996 251457472
706721050 251457472
706721081 251457470
706721022 251457480
706721083 251457446
706721023 251457465
706720999 251457494
706721079 251457496
706721071 251457450
706721074 251457496
706721049 251457443
706720998 251457489
706721075 251457508
706721031 251457452
706721050 251457465
706721017 251457476
706721041 251457499
706721019 251457436
706721083 251457459
706721069 251457491
706721057 251457478
706721084 251457451
706721071 251457478
706721039 251457464
706721000 251457496
706721076 251457454
706721060 251457434
706721023 251457447
706721068 251457459
706721072 251457448
706721018 251457466
706721057 251457481
706720996 251457455
706721047 251457460
706721016 251457435
706721081 251457482
706721068 251457489
706721075 251457492
706721004 251457476
706721068 251457476
706721026 251457504
706721071 251457429
706721014 251457471
706721005 251457474
706721014 251457514
706721014 251457447
706721011 251457495
706721061 251457505
706721062 251457499
706721022 251457497
706721038 251457456
706721042 251457475
706721005 251457444
706721058 251457471
706721046 251457462
706721029 251457451
706721065 251457455
706721007 251457444
706721059 251457430
706721001 251457443
706721036 251457433
706721007 251457468
706720998 251457498
706721036 251457492
706721058 251457514
706721056 251457503
706721020 251457449
706721045 251457458
706721054 251457503
706721062 251457472
706721065 251457427
706721000 251457450
706721045 251457442
706721010 251457436
706720995 251457504
706721081 251457472
706721068 251457453
706721013 251457452
706721054 251457432
706721074 251457462
706721034 251457453
706721015 251457454
706721074 251457445
706721072 251457509
706721022 251457515
706720997 251457455
706721005 251457433
706721041 251457487
706721033 251457486
706720998 251457508
706721066 251457508
706721037 251457505
706721029 251457483
706721012 251457513
706721064 251457510
706721059 251457500
706721003 251457486
706721052 251457447
706721011 251457454
706720997 251457471
706721007 251457482
706721041 251457430
706721065 251457435
706721067 251457476
706721020 251457466
706721066 251457504
706721006 251457456
706721082 251457441
706721062 251457455
706721031 251457477
706721020 251457429
706721057 251457474
706721021 251457430
706721024 251457479
706721067 251457433
706721013 251457447
706721036 251457457
706721008 251457452
706721010 251457438
706721041 251457510
706721006 251457433
706721057 251457466
706721063 251457471
706721084 251457438
706721074 251457437
706721062 251457456
706721059 251457502
706721041 251457489
706720997 251457430
706721080 251457442
706721068 251457456
706721022 251457454
706721023 251457492
706721069 251457451
706721009 251457512
706720999 251457483
706721039 251457435
706721052 251457451
706721024 251457491
706721071 251457433
706721051 251457515
706721048 251457461
706721049 251457468
706721005 251457505
706721064 251457437
706721027 251457506
706721046 251457514
706721075 251457461
706721063 251457453
706721070 251457509
706721068 251457488
706721058 251457493
706721009 251457489
706721016 251457496
706721081 251457471
706721013 251457436
706721000 251457459
706721060 251457502
706721049 251457496
706721010 251457508
706721035 251457468
706721058 251457492
706721045 251457462
706721013 251457490
706721020 251457497
706721064 251457472
706721005 251457506
706721021 251457460
706721003 251457503
706721023 251457506
706721066 251457449
706721036 251457462
706721003 251457472
706720995 251457453
706721030 251457511
706721076 251457509
706721002 251457516
706721083 251457506
706721080 251457491
706721038 251457429
706721022 251457491
706721046 251457477
706721053 251457443
706721083 251457484
706721068 251457440
706721025 251457485
706721055 251457432
706721049 251457429
706721009 251457504
706721075 251457444
706721074 251457485
706721038 251457483
706721061 251457478
706721021 251457447
706721034 251457444
706721001 251457504
706721021 251457495
706721007 251457511
706721026 251457510
706721037 251457450
706721006 251457505
706721041 251457441
706721042 251457463
706721010 251457486
706721006 251457437
706721007 251457503
706721069 251457431
706721054 251457480
706721058 251457516
706721041 251457491
706721021 251457488
706721077 251457487
706721071 251457495
706721074 251457449
706721083 251457436
706720996 251457506
706721069 251457462
706720998 251457447
706721039 251457502
706721036 251457512
706721013 251457428
706721007 251457494
706721031 251457504
706721030 251457504
706721004 251457429
706721008 251457475
706721059 251457461
706721044 251457462
706721063 251457457
706721025 251457452
706721075 251457515
706721010 251457459
706721052 251457453
706721060 251457455
706721007 251457448
706721040 251457502
706721066 251457486
706721083 251457451
706721049 251457487
706721021 251457477
706721049 251457445
706721053 251457500
706721083 251457474
706721083 251457454
706721078 251457452
706721057 251457477
706721073 251457450
706721081 251457431
706721016 251457482
706721000 251457487
706720996 251457462
706721010 251457502
706721048 251457493
706721029 251457497
706721001 251457451
706721012 251457434
706721061 251457439
706721035 251457516
706720997 251457466
706721049 251457504
706721008 251457481
706721000 251457432
706721057 251457457
706721079 251457465
706721074 251457510
706721057 251457495
706721050 251457427
706721081 251457485
706721072 251457491
706721062 251457449
706721032 251457469
706721033 251457440
706721009 251457485
706721038 251457461
706721051 251457467
706721021 251457456
706721016 251457478
706721030 251457489
706721042 251457509
706721072 251457501
706721036 251457450
706721070 251457511
706721012 251457452
706721060 251457459
706721013 251457486
706721015 251457481
706721046 251457508
706721067 251457431
706721082 251457511
706721077 251457485
706721018 251457485
706720999 251457503
706721062 251457483
706721031 251457467
706721078 251457437
706720997 251457452
706721013 251457468
706721026 251457437
706721082 251457451
706721006 251457448
706721082 251457438
706721041 251457494
706721007 251457431
706721056 251457489
706721079 251457435
706721018 251457460
706721069 251457452
706721079 251457453
706721058 251457437
706721014 251457509
706721048 251457515
706721018 251457483
706721036 251457427
706721023 251457460
706721063 251457437
706721076 251457466
706720996 251457473
706721075 251457489
706721078 251457503
706721052 251457500
706721029 251457427
706721034 251457491
706721027 251457460
706721009 251457509
706721073 251457445
706721019 251457473
706721071 251457467
706721005 251457429
706721042 251457449
706721030 251457445
706720998 251457476
706721033 251457506
706721058 251457486
706721064 251457508
706721017 251457498
706721072 251457483
706721035 251457476
706721054 251457441
706721068 251457441
706721079 251457485
706720996 251457468
706721023 251457435
706721041 251457502
706721061 251457489
706721083 251457478
706721051 251457494
706721059 251457480
706721000 251457434
706721024 251457447
706721022 251457439
706721075 251457432
706721057 251457458
706721022 251457432
706721073 251457504
706721044 251457489
706721034 251457469
706721062 251457435
706721060 251457441
706721014 251457507
706721025 251457483
706721039 251457432
706720995 251457482
706721025 251457505
706720997 251457515
706721004 251457438
706721020 251457485
706721028 251457443
706721068 251457437
706721002 251457477
706721040 251457508
706721007 251457471
706721046 251457467
706721021 251457441
706721033 251457484
706721045 251457435
706721000 251457440
706721029 251457462
706721003 251457431
706721053 251457432
706721031 251457508
706721054 251457454
706721074 251457505
706721080 251457505
706721048 251457487
706721004 251457436
706721078 251457479
706721017 251457461
706721012 251457445
706721035 251457508
706721048 251457505
706721053 251457511
706721069 251457481
706721060 251457481
706721008 251457511
706721054 251457446
706721081 251457505
706721060 251457458
706721013 251457499
706720999 251457453
706721082 251457465
706721020 251457502
706721084 251457443
706721002 251457489
706721080 251457508
706721012 251457478
706721046 251457486
706721006 251457497
706721052 251457502
706721015 251457435
706721014 251457457
706721040 251457435
706721057 251457468
706721026 251457438
706721017 251457453
706721008 251457437
706721024 251457494
706721000 251457511
706721030 251457494
706721028 251457430
706721011 251457444
706721029 251457478
706721022 251457477
706721018 251457454
706721030 251457507
706721073 251457494
706721014 251457511
706721014 251457486
706721032 251457482
706721023 251457466
706721051 251457441
706721000 251457431
706721015 251457478
706721006 251457511
706721017 251457472
706721004 251457509
706721028 251457446
706721076 251457443
706721000 251457444
706721037 251457476
706721008 251457454
706721015 251457480
706721050 251457432
706721061 251457446
706721065 251457495
706721030 251457484
706721027 251457455
706721067 251457494
706721074 251457432
706721074 251457516
706720997 251457453
706721047 251457467
706721035 251457484
706721017 251457468
706721003 251457504
706721037 251457514
706721069 251457444
706720999 251457471
706721007 251457489
706721016 251457472
706721034 251457448
706721073 251457439
706721084 251457501
706720996 251457502
706721041 251457458
706720996 251457459
706721003 251457434
706721028 251457475
706721074 251457493
706721001 251457489
706721014 251457481
706721006 251457508
706721058 251457469
706721050 251457464
706721052 251457505
706720996 251457434
706721009 251457433
706721055 251457454
706720996 251457431
706721072 251457471
706721081 251457495
706721077 251457441
706721054 251457472
706721036 251457486
706721001 251457441
706721033 251457462
706721055 251457477
706721030 251457476
706720999 251457469
706721069 251457490
706721028 251457432
706721067 251457512
706721082 251457443
706721027 251457464
706721021 251457485
706721032 251457510
706721035 251457449
706721069 251457477
706721009 251457452
706721054 251457443
706721055 251457445
706721019 251457434
706721055 251457492
706721021 251457503
706721056 251457478
706721069 251457475
706721077 251457497
706721022 251457452
706721054 251457447
706721080 251457464
706721066 251457448
706721052 251457478
706721079 251457479
706721012 251457489
706721009 251457427
706721020 251457442
706721051 251457456
706721040 251457482
706720997 251457498
706721075 251457499
706721035 251457441
706721006 251457478
706721043 251457514
706721000 251457480
706721039 251457433
706721070 251457436
706721052 251457431
706721053 251457475
706721050 251457512
706721001 251457432
706721028 251457509
706721047 251457486
706721025 251457500
706721083 251457486
706721045 251457468
706721070 251457492
706720999 251457516
706721033 251457512
706721078 251457507
706720998 251457443
706720996 251457460
706721067 251457455
706721068 251457480
706721080 251457445
706721059 251457514
706721067 251457429
706721015 251457436
706721048 251457462
706721053 251457437
706721006 251457454
706721031 251457510
706721018 251457502
706721003 251457427
706721025 251457444
706721055 251457446
706721047 251457434
706721027 251457437
706721007 251457492
706721069 251457484
706720995 251457510
706721062 251457481
706721042 251457465
706721057 251457488
706721000 251457500
706721032 251457455
706721073 251457464
706721077 251457484
706721081 251457443
706721058 251457506
706721084 251457471
706721021 251457435
706721000 251457507
706721062 251457497
706721062 251457474
706721069 251457482
706721072 251457451
706721043 251457449
706721071 251457510
706721023 251457494
706721076 251457514
706721003 251457446
706721048 251457495
706721015 251457515
706721081 251457486
706721068 251457452
706720998 251457442
706721050 251457440
706721067 251457432
706721068 251457479
706721045 251457515
706721017 251457466
706721045 251457476
706721058 251457441
706721038 251457460
706721028 251457452
706721053 251457462
706721067 251457444
706721047 251457475
706720997 251457495
706721029 251457440
706721081 251457516
706721012 251457494
706721014 251457451
706721046 251457445
706721001 251457500
706721008 251457470
706721002 251457451
706721061 251457481
706721065 251457493
706721007 251457485
706721015 251457459
706721068 251457447
706721007 251457507
706721002 251457492
706721044 251457500
706721039 251457430
706721022 251457456
706721078 251457454
706721041 251457509
706721007 251457430
706720995 251457493
706720999 251457493
706721051 251457496
706721032 251457437
706721021 251457497
706720995 251457465
706721077 251457503
706721033 251457501
706721000 251457441
706721070 251457453
706721008 251457427
706721039 251457471
706721050 251457454
706721084 251457511
706721038 251457438
706721040 251457504
706721019 251457508
706721078 251457427
706721012 251457448
706721066 251457467
706721075 251457469
706721062 251457441
706721042 251457496
706721024 251457508
706721058 251457483
706721016 251457428
706721022 251457507
706721024 251457443
706721046 251457485
706721052 251457501
706721004 251457489
706721084 251457436
706721056 251457464
706721031 251457478
706721083 251457449
706721052 251457465
706721077 251457442
706721046 251457487
706721014 251457431
706721018 251457497
706721005 251457437
706721045 251457483
706721072 251457443
706721046 251457494
706721064 251457479
706720996 251457446
706721018 251457470
706721065 251457480
706721029 251457443
706721011 251457480
706721078 251457459
706721069 251457478
706721062 251457480
706721008 251457463
706721062 251457488
706721069 251457472
706720996 251457492
706721061 251457503
706721056 251457473
706721049 251457505
706721076 251457498
706721040 251457453
706721064 251457515
706721020 251457501
706721052 251457441
706721078 251457458
706721018 251457484
706721039 251457500
706721010 251457431
706721004 251457484
706721007 251457460
706721082 251457457
706721018 251457458
706721020 251457464
706721059 251457495
706721006 251457485
706721006 251457470
706721061 251457491
706721003 251457462
706721015 251457461
706721047 251457439
706721068 251457431
706721028 251457450
706721033 251457446
706720995 251457459
706721008 251457448
706721043 251457451
706721027 251457453
706721029 251457468
706721038 251457464
706721027 251457461
706721079 251457459
706721034 251457456
706721037 251457515
706720999 251457513
706721024 251457430
706721025 251457515
706721066 251457482
706721036 251457470
706721054 251457473
706721029 251457441
706721017 251457509
706721021 251457455
706721083 251457473
706721002 251457485
706721073 251457499
706721041 251457432
706721010 251457515
706721081 251457509
706721041 251457439
706721006 251457444
706721054 251457451
706721041 251457464
706721016 251457447
706721065 251457449
706721001 251457481
706721034 251457513
706721029 251457490
706721083 251457465
706721015 251457433
706721031 251457465
706721030 251457466
706721007 251457446
706721024 251457471
706721027 251457427
706721056 251457472
706721072 251457453
706720996 251457498
706721073 251457501
706721077 251457439
706721059 251457466
706721036 251457463
706721066 251457431
706721063 251457484
706721070 251457448
706721063 251457481
706721021 251457427
706721084 251457508
706721041 251457453
706721073 251457509
706721078 251457483
706721006 251457480
706721071 251457486
706720997 251457480
706721060 251457508
706721027 251457446
706720997 251457459
706721022 251457512
706721003 251457461
706721004 251457508
706720996 251457465
706721055 251457483
706721061 251457463
706721016 251457470
706720996 251457432
706721029 251457435
706721056 251457439
706721060 251457479
706721035 251457428
706721051 251457478
706721084 251457492
706721037 251457478
706721052 251457496
706721084 251457464
706720999 251457447
706721064 251457511
706721004 251457456
706720996 251457484
706721010 251457446
706721062 251457448
706721006 251457447
706721060 251457474
706721050 251457479
706720996 251457436
706721015 251457446
706721054 251457468
706721014 251457427
706721055 251457451
706721037 251457460
706720999 251457479
706721062 251457444
706721062 251457510
706720996 251457474
706721077 251457457
706721026 251457515
706721058 251457459
706720997 251457473
706721034 251457493
706721010 251457462
706721022 251457444
706721034 251457458
706721078 251457489
706720996 251457470
706721029 251457450
706721046 251457465
706721080 251457472
706721080 251457452
706721033 251457509
706721053 251457471
706721070 251457447
706720998 251457428
706721059 251457436
706721020 251457457
706721054 251457485
706721042 251457429
706721017 251457458
706721081 251457440
706721051 251457476
706721070 251457441
706721064 251457507
706721056 251457446
706721070 251457493
706721028 251457460
706721053 251457468
706721014 251457494
706721050 251457478
706721081 251457444
706721023 251457433
706721068 251457515
706721009 251457454
706721004 251457441
706721017 251457497
706721042 251457514
706721055 251457459
706721072 251457466
706721010 251457442
706721048 251457470
706721040 251457473
706721005 251457427
706721053 251457444
706721049 251457509
706721010 251457465
706721039 251457449
706721025 251457503
706721001 251457472
706721045 251457514
706721013 251457497
706721009 251457472
706721069 251457442
706721068 251457466
706721067 251457482
706721056 251457490
706721070 251457468
706721044 251457450
706721038 251457492
706721029 251457480
706721064 251457458
706721019 251457433
706720996 251457501
706721051 251457435
706721036 251457465
706721062 251457478
706721079 251457494
706721073 251457453
706721022 251457434
706721045 251457455
706721056 251457466
706721012 251457473
706721009 251457470
706721031 251457461
706721032 251457483
706721020 251457493
706721048 251457444
706721001 251457516
706721055 251457505
706721027 251457489
706721060 251457466
706721076 251457458
706721054 251457469
706721009 251457437
706721074 251457501
706721081 251457490
706721075 251457464
706721054 251457453
706721070 251457433
706721070 251457494
706721068 251457432
706721001 251457503
706721026 251457460
706721011 251457488
706721039 251457431
706721032 251457465
706721001 251457429
706721072 251457495
706721002 251457497
706721028 251457483
706721080 251457492
706720998 251457449
706721039 251457440
706721021 251457474
706721009 251457482
706721046 251457488
706721023 251457448
706721070 251457444
706721039 251457507
706721026 251457485
706721052 251457428
706721012 251457483
706721076 251457474
706721081 251457511
706721007 251457514
706721027 251457447
706721079 251457482
706721076 251457472
706721030 251457427
706720996 251457486
706721041 251457508
706720996 251457488
706721036 251457505
706721081 251457452
706721030 251457483
706721022 251457443
706721068 251457454
706721033 251457493
706721080 251457502
706721070 251457463
706721055 251457476
706721002 251457432
706721063 251457487
706721017 251457491
706721080 251457481
706721077 251457491
706721003 251457514
706721057 251457487
706721078 251457434
706721007 251457497
706721003 251457451
706721043 251457450
706721001 251457460
706721058 251457454
706721061 251457510
706721069 251457480
706721028 251457436
706721051 251457465
706721049 251457437
706720995 251457496
706721063 251457468
706721031 251457496
706721037 251457463
706721037 251457464
706721047 251457432
706721037 251457475
706721016 251457434
706721014 251457467
706721039 251457441
706721074 251457489
706721065 251457511
706721006 251457492
706721079 251457478
706721001 251457430
706721035 251457447
706721018 251457451
706721010 251457432
706721080 251457485
706721078 251457500
706721016 251457495
706721044 251457461
706721068 251457502
706721010 251457511
706721059 251457462
706721034 251457451
706721048 251457488
706721010 251457447
706721029 251457475
706720995 251457515
706721012 251457477
706721067 251457503
706721041 251457446
706721045 251457446
706720996 251457515
706721081 251457457
706721015 251457455
706721012 251457511
706721052 251457438
706721045 251457454
706721048 251457445
706720998 251457441
706721015 251457452
706721058 251457497
706721018 251457437
706721008 251457445
706721019 251457464
706721014 251457444
706721060 251457476
706721065 251457504
706721054 251457448
706721015 251457488
706721064 251457503
706721040 251457445
706721006 251457479
706721008 251457443
706721071 251457477
706721001 251457490
706721075 251457502
706720995 251457502
706721038 251457455
706721017 251457478
706721008 251457509
706721056 251457427
706721042 251457428
706721084 251457493
706721072 251457469
706721062 251457434
706721002 251457457
706721005 251457509
706721078 251457443
706721004 251457501
706721073 251457500
706721020 251457507
706721037 251457485
706721011 251457508
706721076 251457449
706721007 251457500
706721022 251457478
706721080 251457460
706721033 251457464
706721014 251457446
706721075 251457510
706721041 251457429
706721079 251457511
706721083 251457448
706721075 251457514
706721064 251457462
706721032 251457428
706721057 251457436
706721081 251457445
706721043 251457478
706721076 251457511
706721082 251457445
706721018 251457471
706721074 251457511
706721070 251457460
706721059 251457496
706721079 251457445
706721016 251457471
706721039 251457481
706721054 251457483
706721039 251457448
706721001 251457497
706721017 251457448
706721083 251457468
706721079 251457489
706721037 251457428
706721058 251457451
706721058 251457444
706721001 251457455
706721051 251457489
706721010 251457450
706721047 251457455
706721084 251457429
706720999 251457451
706721002 251457441
706721059 251457488
706721023 251457462
706721057 251457440
706721027 251457484
706721056 251457511
706721040 251457512
706721074 251457439
706721042 251457497
706721023 251457502
706721076 251457493
706721039 251457459
706721054 251457466
706721033 251457498
706721001 251457464
706721059 251457445
706721061 251457472
706721046 251457437
706721017 251457512
706721055 251457442
706721030 251457437
706721009 251457466
706721053 251457467
706721074 251457463
706721006 251457488
706721053 251457509
706721038 251457436
706721010 251457437
706721064 251457456
706721055 251457511
706721006 251457465
706721060 251457475
706721000 251457512
706721046 251457495
706721073 251457449
706721054 251457488
706721001 251457483
706721058 251457446
706721059 251457512
706721057 251457447
706721071 251457500
706721020 251457498
706721072 251457468
706721044 251457474
706721082 251457461
706721067 251457477
706721028 251457434
706721083 251457513
706721053 251457461
706721080 251457440
706721014 251457469
706721017 251457456
706721031 251457476
706721013 251457465
706720995 251457503
706721075 251457450
706721068 251457461
706721008 251457480
706721029 251457505
706721028 251457501
706721036 251457501
706721068 251457467
706721008 251457503
706721000 251457442
706721081 251457430
706720996 251457461
706721002 251457431
706721038 251457459
706721069 251457459
706720995 251457428
706721049 251457473
706721073 251457490
706721010 251457487
706721040 251457498
706721008 251457428
706721041 251457492
706721021 251457473
706721034 251457435
706721078 251457476
706721050 251457428
706721044 251457471
706721002 251457454
706721060 251457443
706721028 251457469
706721037 251457469
706721047 251457490
706721047 251457430
706721059 251457457
706721029 251457428
706721014 251457503
706721009 251457514
706721033 251457437
706721045 251457510
706721075 251457501
706721075 251457478
706721016 251457509
706721028 251457461
706721012 251457481
706720999 251457437
706721061 251457499
706721030 251457496
706721017 251457473
706721008 251457458
706721011 251457440
706721040 251457481
706721078 251457482
706721020 251457469
706721076 251457464
706721027 251457443
706721065 251457507
706721050 251457457
706720996 251457481
706721020 251457471
706721047 251457446
706721040 251457483
706721072 251457467
706721076 251457457
706721070 251457465
706721068 251457511
706721065 251457502
706721082 251457472
706721027 251457480
706721031 251457514
706721030 251457514
706721061 251457456
706721081 251457483
706721013 251457512
706721043 251457502
706720997 251457487
706721022 251457501
706721046 251457499
706721031 251457438
706721081 251457503
706721053 251457455
706721079 251457509
706721055 251457489
706721033 251457482
706721024 251457451
706721050 251457489
706721013 251457480
706721041 251457471
706721019 251457506
706721024 251457513
706721021 251457506
706721040 251457458
706721037 251457507
706720998 251457514
706721000 251457481
706721070 251457505
706721022 251457436
706721050 251457499
706721076 251457427
706721059 251457476
706721053 251457450
706721056 251457498
706721025 251457477
706721036 251457509
706721079 251457452
706721032 251457515
706721080 251457496
706721029 251457458
706721023 251457469
706721033 251457468
706721049 251457476
706721043 251457458
706721068 251457475
706721067 251457456
706721068 251457455
706721009 251457513
706721079 251457502
706720997 251457477
706721009 251457444
706721047 251457429
706721023 251457427
706721067 251457496
706721028 251457482
706721015 251457428
706721001 251457508
706721035 251457510
706721075 251457457
706721050 251457469
706721078 251457457
706721023 251457515
706721074 251457471
706721064 251457496
706721080 251457454
706721041 251457505
706721024 251457477
706721018 251457505
706721063 251457510
706721065 251457505
706721047 251457514
706721037 251457473
706721010 251457513
706721061 251457500
706721014 251457442
706721064 251457478
706721047 251457500
706721038 251457441
706721014 251457470
706721026 251457497
706721000 251457492
706721011 251457491
706721082 251457450
706721049 251457493
706721021 251457501
706721079 251457458
706721082 251457452
706721072 251457458
706721049 251457439
706721082 251457440
706720996 251457507
706720998 251457510
706721081 251457467
706721037 251457434
706721044 251457432
706721018 251457443
706721014 251457476
706721046 251457516
706720997 251457494
706721051 251457501
706721029 251457482
706721031 251457448
706721078 251457430
706721017 251457494
706721075 251457477
706721022 251457486
706721063 251457478
706721048 251457469
706721079 251457476
706721001 251457445
706721046 251457476
