1600
523263012 362199650
94927790 154243412
251504941 873435390
838485018 304764672
829308801 917818250
497597502 815628021
509153663 110523725
990667489 461062296
82375187 733629973
856810391 417859101
121040162 673061871
21151179 774045809
525542212 229083194
541217152 714810031
634436394 329759197
812741123 958287127
710607938 892935158
675507807 294413436
771045947 501304432
790188274 414998379
75396304 653719035
197626322 586108125
254930603 532084697
231331376 654381566
485660305 531555121
162654902 982723980
409941258 670082634
884573669 617642522
826380245 196373698
429903982 129713979
413822801 189808361
58492586 408366169
892215493 481998496
737026118 796940973
828341285 192944033
390629249 161407582
951230948 992375688
251367296 791544997
382201263 612071039
486980004 309644619
72251381 969045266
637673408 383968697
629304301 93783141
209609465 770671599
653635318 730994776
76974869 346512836
853567522 811191077
795330098 712393707
747381627 773669503
745751683 411827198
962572686 302300033
40826565 148801518
186247351 861347945
890118072 9156650
335576653 790918993
527915822 506231792
773651380 245623819
159245377 377844066
919284809 503660804
927609497 833263102
465338628 958958918
721186850 419845616
359947933 120726400
146056758 363886077
640489276 337194922
631822955 445719376
162378344 129098737
498710608 570939424
619270640 971573755
710873831 74049692
394882507 54283795
694895095 117972843
994601520 300227327
172043557 87614806
351735075 347436737
29908222 147615715
495212189 271935594
111082061 147203952
642859701 751905378
654443714 298385845
286394528 888038385
95376382 797244095
610619466 337094785
737520730 608716889
678051006 113283152
135188376 481912710
225066920 105275148
692347432 190844906
795019037 389988512
508999542 225589975
902401930 38684063
348299772 405752694
731021504 85330555
162142352 201966347
536150704 903390798
374446835 14359024
80049830 186328719
964045717 522430177
496461354 82024517
575807010 928308823
485003758 372646337
552438596 943393445
663233099 54244235
259209789 811184184
709920162 460527560
1447843 457251801
882087022 571877043
367921252 767893543
840433261 673028215
500049560 592573220
483005756 6798298
286363514 624843412
941521275 899790990
579091162 696570596
875583534 269579231
760538975 846597986
967740125 931846381
349633974 961032158
570223288 205772505
858947186 851499579
860695117 696637008
2483302 286398287
564096500 395753898
578613564 781283413
541491434 254762985
344648354 529904551
80228429 339324609
780822716 341072049
466459022 123537964
260212838 273922237
946359791 786799014
243510483 375009004
20494193 474494785
914169946 3108693
355888402 652350862
766480762 978301821
158925564 427881021
518826756 359146629
383585720 473999328
255863184 98260193
225956615 717988853
334959451 17338337
481680198 890742120
513422307 129196393
592096417 964629396
575838163 712666989
264716460 470320805
410946166 103532065
517707416 752504817
330959308 583093541
184209056 722449217
870668044 679944070
519425227 350153845
1682762 135957302
673426554 210171012
765354718 318503743
483960918 533730908
195619962 399062504
777872902 932508359
338491411 499440251
609737100 529954584
822574049 509729723
931259119 301787441
280104797 956378131
788453172 148554208
40124602 164126647
23018836 638995734
43777863 24310577
416840858 722817651
643798059 805485726
457164335 845440613
733285202 750714346
771206474 476511318
734750802 621828682
253106864 780392414
540539810 492667588
239428372 246672318
927906634 862315961
298884996 120143328
924018105 618101444
282548609 423466658
659185800 140587679
240616292 955024265
56663599 534224050
674715984 260282002
942601998 697249483
699155189 3417141
687176942 79507669
25571632 188456550
674492474 638456037
580125004 930920869
750878759 693060708
755901970 502511515
166145905 958767653
309470690 851552695
44950956 456843627
794447514 118876913
217412645 106846183
362692130 193393493
835967563 189165186
684037648 586688689
642463618 860835255
154718614 846525158
936947194 610642274
470583577 398062299
702303354 520687881
915531601 369501175
952130004 580874066
721013044 872017918
128160927 199845740
888570026 579085136
410492659 431175982
413695977 752043093
647203140 778685160
67047840 586520204
951575379 834035382
635607560 643261675
288234466 479047956
479317974 785327144
52782195 371989464
166298661 621561030
976780109 798858358
619863817 836149950
68783748 347297263
697636596 34055787
541659703 814325082
960668328 387898983
923286495 191171285
476116250 302672834
492424436 544013687
790935554 116092518
407294553 200654778
831442062 620504033
333991573 444552857
813976105 628473446
436910681 371426321
236885396 841696013
631445248 771237966
197207249 337318318
997499088 262969230
613763812 483708049
223868319 744151859
416294788 394634315
106400605 548175445
510585407 479346396
116876682 548600131
78614372 748240503
304926081 98991642
76449078 108134338
187557155 405389910
844691492 723059984
874455187 381793941
641893223 509426162
984667861 196881150
906296448 855012199
146893387 625160232
168903400 175130817
542086974 750363212
319745780 191977413
982723418 116394321
496587205 13341328
636684021 1179549
879128256 988633726
132081521 398403986
642321869 41248621
428961156 629643874
814669040 622210080
905404906 522614139
293103710 221659786
699494257 694229114
742565487 158169964
759610546 408961622
512860051 98105531
826551490 486819759
560843210 550041195
163391422 522257475
562772177 370384172
636783948 97166315
183070679 437287815
351231819 588403635
123014320 826907316
312611483 779100851
156404209 572441907
643364775 988531058
703979471 756725080
247094568 357805462
659920301 20447855
33678307 422082232
925989555 923518596
93149678 223092668
138659234 807978534
915645783 728433273
793978561 900392622
327546895 740103007
905984501 862477953
37251311 699375388
11421907 889865549
906996598 784712232
900174261 795205241
266521106 125800141
737479356 884212999
34274538 696621415
745546106 145643098
828060935 846709824
515013835 54055997
784982667 91189658
329381603 423722730
375328080 609806706
148858127 174823508
568173504 13979409
955753226 556033844
891058385 232968024
293245734 341196054
621086653 789539253
390790866 862562403
240586758 368893545
643220464 645342639
184029535 460563790
211703848 299800521
814371047 42936537
228724977 430208065
187423518 10675684
155998605 641355480
347792152 825979146
146851316 254922008
370229208 747715657
699216708 228524988
589554036 57421784
51996847 41249682
941953577 65247524
2064385 148854770
423562025 748877200
104749179 212499161
248147292 731212987
918278124 18257203
611825005 315545676
805137541 389630428
250658479 619702441
609542455 174670075
396994362 904468252
844525452 797866007
436382152 790790201
765653994 585903644
73359298 279596063
912959185 632104494
221751541 826543657
321764276 629459668
334399888 199585898
924546667 79061736
43325851 910618354
443625083 25780395
711608075 543920044
146669090 303165750
295464998 494086871
851474554 447019980
665358722 320933010
823163744 130111841
20370039 904812569
312965607 99071148
589467011 583542696
531796361 373318540
524949868 633687682
991158566 407804811
960872813 704448287
669634675 774024435
190057814 505503338
673090005 465861300
152780992 575547520
253403795 149993866
984909774 718693416
148545227 371775307
88511699 8061774
145868153 717043247
893642394 727323647
569336272 30580321
847873790 472291980
369477582 226549749
162632994 670627812
274896454 203024279
935703116 488444404
748237258 459547417
610378084 901866175
428098093 404700690
976593080 855267507
111215430 941803301
620163086 879286665
618967313 669319465
423439977 697584648
253441411 879574853
767013241 570269908
70698053 516132781
821108239 890706919
766886710 237795951
126588192 606730043
831490938 174058456
2753320 263658742
473010230 723679891
611603337 300932665
854468320 748126582
212235955 49588031
161938446 60672152
497741941 948187078
234563516 784284357
48702376 407753084
456769373 447696073
412232551 460729414
804087676 156495207
291702227 21556646
876940479 699521418
588210242 299666885
732931636 886193912
763990725 134239231
342803268 743942012
968730115 523940904
931755607 315524257
814077878 634993318
967419457 332697179
24119303 358884594
711579208 656719246
338904370 555229059
832368381 207917762
898424299 273984638
799265642 408220678
284300464 945755293
904410748 5497857
679860446 601222241
508465578 490419499
427044935 891133038
65559902 364580317
294810522 201307539
234869641 714422517
331579880 14219779
239740530 421888784
578409634 454685343
803296426 73884151
560558935 266502792
849452813 224947769
710421916 124835164
456876873 594789124
869252730 477038318
447539406 22499286
525124068 804718008
68194775 92704873
518586729 595026350
309882451 694614163
265044211 823138038
736375635 78755422
713337816 505308914
446133330 830855260
251579208 473496279
487047314 486713456
329723806 447550214
530075547 855350114
590916254 881228200
114635582 957701121
418698991 519532089
438793684 57958899
379931658 279193450
151934883 827763446
541036354 150587538
605333593 257926915
343116392 45544002
423814839 619514649
665805518 199158935
769804833 290816488
713109597 405707064
84269082 594296051
216538618 872977889
196715948 277745825
247324 243360765
289441212 132427136
265734433 729395096
366926793 369302014
734378233 193249143
125748391 122246712
376239168 581957893
769330259 452131863
498434784 922650114
432602790 71275214
302121002 268291384
991350372 106418164
195270582 645767595
52272794 349761065
509775940 497069426
803725527 797845405
755104484 829663309
680719420 654221719
245787451 387131457
939951791 4765871
705721788 547537710
245265003 853272221
524736858 17435080
681442587 578843817
575451313 890555749
557446934 966001393
764039440 53082484
159259263 172426423
617130451 249131966
596270654 492565104
250022064 852903247
280131052 149610415
867883195 804660053
447127090 405412560
151334677 458753220
987811946 117005362
382961188 154906897
192611220 714479426
932598629 493493835
511559748 358712326
993011910 273119137
708500359 438283736
648330762 245517186
354851588 502728228
142703564 701473770
311630177 535574799
737504556 482848077
6206618 996311066
488719572 282479084
810690479 349127500
143955624 506606438
530529103 890256695
284409062 977627124
162966145 285386739
974699141 980834266
665366594 28604219
329243451 643134548
226621202 606637871
151829682 339933767
841771071 844933073
802197795 194430013
132828268 234513605
295063481 154756562
784049390 270075411
382707436 551941389
514327988 831316534
968612334 617527229
290649078 13586941
135660057 161920985
383178311 980009873
528064817 373890706
585034639 64086824
606850949 721287596
229950972 783287149
702224527 689274395
208660199 900035297
993611612 839005616
69598357 753497058
482172546 186722607
773001352 940431131
716403463 424095124
721412616 137980594
328491088 440301122
981931249 537109980
981326844 507289902
539789639 171340081
989413499 524131768
781347653 154141502
451220708 81994198
616040548 101639489
214029180 689788913
552626657 326652016
955569662 394497175
747554299 771138964
231156328 534057090
560314177 679996020
835821315 352161559
450191378 596824983
870910190 709943421
868059504 194281131
479106994 491192114
361532626 356671341
687596023 890606542
237578534 528156472
870330750 225747942
225288683 630280590
795350959 703286241
428816300 134631745
622199560 267407103
562317549 713068328
934614578 397330555
714855251 805226245
348895529 388703577
905797375 170046123
611752694 141943414
241820177 229010194
720748412 337676986
843388446 379609783
398547231 710306136
620508288 305634274
15800083 217939105
267705612 79748324
998471667 696236209
607431938 806133164
565870057 791204275
703018169 478275956
743945497 927976629
416499169 745405480
987260108 495517457
137973063 423658857
146401545 360687584
947972535 505932952
260857857 108635911
48228979 290668315
317769100 359276904
507426492 88743690
45838614 757429171
145013414 615443081
69665267 650097211
627356599 606730685
884437100 30247789
165358849 248861155
924683768 616623388
988405794 522288562
541317801 583973670
101231310 281760251
792507756 232680808
383091579 54688078
31955382 443462550
744850201 851855612
841704979 296914277
404493416 535955671
924002909 287588128
734461206 972580703
649247436 886418263
622341477 580920253
950333351 619903978
693580833 533335138
102754619 542697399
308707911 382248149
810341297 714874552
127380606 544634309
817531466 817544283
140350111 873985889
209676285 290159725
298056940 770101896
950544205 205493819
52189499 462880354
836978523 470076455
117917478 755007758
180739944 364697223
503912540 617571577
254705050 750814703
408818577 99103260
544062366 11599240
750521229 175162412
914103710 968788605
357222333 425603244
234690384 865444338
840410459 768361554
513973499 543631910
872013521 641058709
460402441 721195996
813437927 611436725
765603832 163359571
686454519 254766941
581704126 392671372
563014946 169501682
685027037 152483081
512467251 337608784
964736065 542340020
393928553 39535529
21086126 713381604
782408551 829692945
840979079 346919755
847202068 984096154
869671839 977750189
968899603 844573596
881700616 927703353
960700507 86556720
271609296 773982619
872039182 486849590
816236321 556868899
532585817 343127388
181000071 381879140
67184839 758325030
636332316 140595822
28803766 730427061
982752610 952614579
827229593 461007666
754690987 881185056
445715500 77915649
789516914 111880830
891779368 299107359
32552659 301742986
171193488 669967176
127669800 630179941
866297290 759426143
753339381 822742150
527602342 565305304
924808437 712541106
821055567 596920667
506326939 627365461
548291239 427432868
840713808 109294507
431878924 399881722
404374052 617154639
589595273 28012611
365274903 689552740
926043099 610423858
219780023 986789177
67253350 249624022
774013174 946794151
714940697 695251228
702007249 726581581
145315186 413280451
495920305 886775406
7925033 408594651
217061608 900807926
772585940 82802287
109557990 863687297
78087066 487601045
19929052 172225831
819483757 94841985
726040473 662403818
28862257 400398281
657283275 963019011
967671540 742218477
514438829 410375836
28363719 187767968
818690453 803982063
237322836 841334556
373685534 339331444
647010386 875214127
684178431 971771710
421424670 910168181
752613479 933583836
556231973 762022475
789629743 793491488
766626767 243013453
698462553 984800810
193883619 663491907
302966391 175542971
662739123 638362239
835997641 125896474
4017694 557835148
304182090 673408288
581170254 836782021
418355350 163303640
258706839 924468585
378365837 357765297
319475388 59213000
842899616 48641603
84178395 401675618
847446684 791197024
598168332 938771163
838719113 989862670
210380406 376196644
838176992 578780009
603315590 811584004
284614718 93320032
608493202 808917790
398797466 548054485
465921212 459524604
793646712 819022630
392113913 949640633
699933526 136552563
653244041 740649014
665666961 256209766
177885202 349521731
222858994 698511632
334368407 935770833
731947345 277419353
246583164 780245103
101156539 696483489
853808237 669071320
244088416 78397386
331391256 208284410
663814152 505831501
693282704 79680283
768138707 782118123
486577000 97351882
249685905 786306914
475548338 146335025
750646800 602380818
275376493 193553433
982999427 622320191
511454086 109730114
490464130 533999951
252175585 668057582
239650215 660372561
182865899 556523502
259517224 43618185
947986274 352593138
947155839 718811216
321093612 46797186
786521714 712269480
345909987 460883406
270661920 435683204
299594431 2672036
757617487 671668818
184491531 287883598
778922145 924649950
348262353 550047931
365696288 543370453
933286156 672152482
243421500 171956644
979400713 934300316
742493523 911751841
71247807 740330715
418606132 374193724
658217762 304982254
720901027 197886730
907941187 203172574
385519366 353233546
762550914 597117399
791974277 541641405
682226184 590100053
553391638 13060754
902487694 120896824
675638714 188427913
388424818 477527058
400874320 678874553
440324701 205526236
328376917 855021020
802630735 971665146
530727058 310029488
292328968 305327591
732437195 316768130
470679253 580939547
227810793 901925766
796639651 238271572
114546653 307280962
69814398 203775311
716644303 313048758
784663491 81393287
852401665 323447022
187571723 366477699
95577083 142702891
817326033 488223854
382386572 932762619
262314846 163359025
830208265 635744626
798446910 513228683
572562161 706285540
797059639 274577413
312324526 4147815
611843639 878992772
928905325 292629955
679897235 26566406
675113576 476270694
686762674 96794384
995223450 119540806
24757489 500540699
759403488 811529830
755416828 210320590
533163508 765229464
103221713 807201812
863225285 999399605
152213617 321640674
96875144 123621254
63450575 661622076
550934030 385088852
870991007 964668415
984664377 889415296
185542678 564201919
706680855 408537601
21969103 96575724
171414716 413216174
333493529 603784771
31436585 11143809
339623128 400775275
130580914 966582791
313500673 821962722
762298210 613253330
187220888 428741610
227333899 647759347
81629126 127155343
546366358 108913546
774723105 672021303
571748068 298651396
841377675 647192690
609099358 962115737
346059574 949098677
63165273 35051105
930007057 337526258
470327102 726967867
946678273 150800849
407660420 350224622
465559139 690815753
585006203 871391648
176365077 996765404
898049544 31928995
959297185 652817345
765753320 352820507
32398772 60292084
344349187 775120933
165207648 450207669
407852168 985208517
218442416 293459671
209132667 28073916
347552895 153140534
332579467 353179471
388910623 943759558
830771168 213132486
896029164 605114169
104773779 370867127
682431872 608258414
861318101 1285962
477993011 649092167
720940806 300149665
210335394 864206387
572240001 748833182
13432244 526556650
476019990 424458831
583286913 239766814
498894210 435820726
708238836 621223560
734679405 192929790
96095234 653048195
32169453 531560602
550465762 153494161
564574290 967506984
900452501 181379989
89695760 762082317
179150430 390488948
564124909 10739824
693857226 182648921
291011567 586725811
619920908 321286234
362322269 436855628
499518419 775429063
995646903 493907553
208655064 915318019
319141953 237712608
486561248 202018077
762290494 287814695
680849427 568403445
523653798 215412356
939045056 74615873
794079802 436433699
267852220 346415209
469147601 55510585
706020958 241256820
738799296 751571202
906790966 938485298
455410862 870381781
793312979 502978638
63756756 21064307
660157551 89415157
247468186 885557785
920060420 374541037
184485662 611568830
751801152 748386683
922102015 222126756
610444044 48871525
193740569 943457914
619031089 967147976
509823721 175913298
432161403 324629010
265231829 48519408
487269124 619456633
801149709 70497288
487922005 551837662
819008563 494565684
768501956 450983703
861914282 129727618
72057746 409010621
571133064 721108529
379272368 532510760
656163987 534938223
728284235 99250176
305957512 242886544
690613630 152073563
472378986 669239633
712910015 381729594
694887761 723809912
715798500 24168948
489009712 682100118
970146331 430753351
273404936 579747659
768601758 751172706
819262662 799932322
515903059 570900676
4921863 291225520
650261723 314277161
971306317 739299278
69918574 346472709
656092287 46914332
496950137 422407594
332165456 516512599
569754192 640703985
489556169 414263755
646055650 333172868
218001621 173464248
895137536 953316667
343409394 648172040
106489818 864862329
582777618 162093366
798221552 726710454
870500107 847428688
706970590 42789129
134239797 882344878
286518420 493760774
512168880 253860008
251905245 501721334
27081538 564073920
666921821 112652822
861819482 992425522
273371507 211012354
762480312 110283461
631803645 401732457
849662698 901207230
7607376 936458778
410665135 746168794
301732118 185103608
779101006 240380800
397237384 630411313
88625471 854887711
511341684 81639508
835120376 377001552
628113494 890522882
607666501 906591221
533199284 383456286
44643450 512548865
557377707 402239452
58889002 944863856
85737676 926745156
911281396 86907932
912214906 212618177
986215786 226574605
962867468 891248895
508910630 621594407
781550624 109836346
187145278 287911476
757631929 551679485
385274659 755293927
656397650 903528289
581922918 645220013
93727839 63587776
196156422 39751219
915610600 612817251
75843287 441147728
123681030 197830360
271035061 626734653
156392523 878852771
842292869 999290532
923572406 155011204
329966736 119432916
45291209 579563465
336417934 679810277
210882521 126141050
612864285 414517275
567143216 206738690
807836830 614974285
920935975 483723269
972007344 727778867
768857575 987987145
97942249 705164636
535920216 333260724
384244716 501262391
240027352 981192561
762987094 490901947
773018085 267674713
559424220 182432611
363636459 106816474
174310695 146061856
188761882 920172728
316704490 617877838
999289795 8788447
238327803 280624529
844219907 512740614
791796132 685186332
942153482 221975327
895501337 76839181
647588018 746716845
467151860 435165620
185256292 566570409
724767271 907890446
817647075 507920717
115138482 281697467
492926618 975411880
429133524 312134445
351509056 86237065
542297152 641248984
995605725 944407425
208604481 692642945
433041275 78950640
42818089 134191130
476279601 399533031
509463619 480853975
666541243 692724481
376583848 214146928
73549051 671846004
215602735 884634932
409211026 216256921
444694652 676890596
536325301 828881558
603103242 928986449
821310797 162551624
973971665 696466004
818610899 451237119
216256489 551301621
967411004 463344666
797315236 837538686
634752269 87800079
653087287 184648214
764210980 272522674
688695432 724469626
275092860 433914395
222485944 492918743
739561373 181335370
89118900 116419138
578947001 331128094
440185232 500986572
689645015 947280445
54246971 705095551
639416767 649257560
332316539 44369153
863867989 175113410
975096851 789899057
288575585 113447963
309565080 598357844
292203172 464590957
345702312 565283092
868606069 234458864
162249894 47050209
241519255 111164950
957215205 83862750
628523192 371287124
647191055 913232531
172814856 931954764
643564766 552978178
535142213 34237404
950425301 82298509
606639097 932928107
550454511 46976724
65120783 616820186
400086295 145412874
615073261 894323499
243581796 61785378
209290794 508669444
189472572 224758726
25079750 299599151
730413472 224378946
161207672 712168813
944825970 181643230
391772914 855289056
387134271 563792059
775766251 491372345
597445182 22967789
504734730 682774475
901189532 955857903
774282416 447265716
408029011 881232738
795727639 654838773
603337154 653511273
402775699 535742168
473454772 867528786
71515365 209476137
338721173 963757026
625841424 842507927
81302171 747976765
904759938 396982317
757138997 293121924
25528737 805109370
666964351 726696341
694840889 734868876
627335936 345709833
182088160 324824765
665483882 864665170
721190175 161507728
12027263 421696404
209829690 286174193
248129489 530016887
6340406 280050893
938081669 291255297
408829912 509442238
654982571 308161143
54942820 779777727
831084442 841298733
414136581 528122520
371188970 324123082
784373673 638984058
121945830 753221186
729853487 373806217
203471527 705260907
411369574 142373112
222767097 292103362
341805069 667387218
147653370 828823180
654977531 174956389
335840523 354605648
188220799 218918128
736175964 980564938
836905392 478477188
143736252 11300571
828815081 489962098
556484695 257791204
863320624 468317986
805645213 51246131
121875078 663906372
279832661 127076400
81510460 380632221
694935328 530333361
910478186 911110479
694969899 865860619
598425797 357187763
885887414 779507317
533426862 663316874
276900618 317584278
933884852 597478200
106477365 550866481
907464844 956599083
425651076 761392288
613989988 732022329
993956077 860891963
956029007 532357672
760486582 517926146
735691818 929579285
947537082 351024876
897907161 753444309
532534892 88262317
489504313 775805406
745326720 481567085
369250699 689246983
149267927 319514394
640966621 25334971
520395890 893592342
240792859 880090610
25347036 161852047
952282235 523695533
661532756 829922258
718737951 550441728
899132713 772376312
145285355 181910649
765381006 101766215
653056146 272072019
422195223 739994489
584756923 44477413
546451935 389724623
90894951 438825776
173188569 379239662
143567570 848235974
67203205 742953059
415288393 564232950
223278991 183121206
944341150 365488047
237894838 554045534
969713883 261576664
536683981 805292491
716190072 366848789
512355983 690269770
396402055 389717552
820967430 770262747
203096115 788720815
208585363 965286461
139929591 526395772
202267179 621022649
193100038 357696440
919084233 410978620
394558711 545531913
467879669 503718877
824612604 338615216
98906903 414861697
777362033 808700130
557717294 755937413
498761858 838332414
185955118 184420547
665606800 182900517
494647221 192470334
559450641 488496287
742154181 563908226
595066442 885437649
899029987 150713722
478812613 959383498
548545732 110045650
608186131 317043247
776232957 404325670
1938091 111522165
438803770 466360394
167692529 235552966
330519532 322897838
893504746 409044407
384668063 787921905
511839469 455555638
726227637 663944278
620217062 165671172
874439615 227584329
598213773 473207016
548396132 854847834
790582205 223492191
292567274 829979117
986843065 918406433
441258308 338064083
582183228 997895335
375822318 921281336
850046846 853949410
662382207 489860329
171140600 75942829
760514307 335835165
185748316 743883158
603627316 297550398
648856910 892586837
77924734 63422821
130071103 689340942
662561061 574459212
146215562 134649262
904523757 240743665
772632363 456137974
657166186 133257966
880725912 30151384
785523305 977030248
586177379 457234728
159777317 112919995
84254424 277424821
96407809 128902598
33800801 414623469
487090637 59542236
991490740 63597761
491741862 863166495
453306434 617943568
441469462 590988209
434599714 663823380
263601367 28609065
180028000 931164660
102142209 822813060
424894132 643701192
406460233 994412215
875151852 914754590
281073702 845589794
718028793 560067896
684656546 316042724
129218025 633468640
550755179 422659850
946586575 956985381
290639985 523853860
103130168 473061379
195364770 867669880
396110476 774240307
526951895 440464419
765807901 616163812
753820004 664926312
936847455 999465983
585575034 383266883
650348250 193495013
146973681 84674476
760404215 750630406
21437343 292220776
215164722 207098550
506605820 592461939
830122608 646251293
943335096 443049219
905772841 66148256
198165064 392497840
999253484 890374382
229375073 518810256
983578270 870335511
407586150 452521056
903497840 301158098
197692875 867659387
736411482 448327801
753845582 846152849
222503195 214211433
231707729 681423100
866686422 422220159
826897200 207340632
139629425 63783475
618829166 143250371
280916819 777387780
815178461 675356299
268099859 544922810
487755974 471489823
640039228 483503385
570911241 583591992
224287982 280111353
510276285 877994429
322088752 124427796
425438569 127279888
536135676 869983578
172262474 43401033
543248202 891914112
4458775 350439651
164277595 811629191
497471738 774020572
891731838 784883277
331452291 435131596
523885752 174718295
626371833 224624832
299808105 233702876
856993838 869234304
921662749 730837012
422835349 288217380
593551570 429268506
511266726 136498038
280692032 508566973
73958422 422432954
945923677 367492383
364112252 743258332
690643545 266116132
454703502 814412228
634032122 616196629
151803394 255523568
439092145 900654340
90050020 592172344
802719588 798007834
70626011 638075597
437078849 277630539
703315259 537793618
516904707 744118189
507146546 844333632
553873861 905272219
528759467 574258008
546418894 321933851
827191187 953274273
264768670 757414721
160009544 247306429
421201880 41658780
581436151 655576740
275510867 628099881
386649832 775005478
503564435 183822854
543389356 226522708
952869973 505670468
501230278 781945250
700925930 203132784
983259971 690516811
55777652 450998056
524023408 946949214
638863836 200798845
200298592 738353491
932778359 26678222
737102803 533250510
6548628 102222154
860624248 852461215
395673686 924695746
515600000 165983475
398078327 284998611
664350106 263233897
464242244 205841644
943440694 372093889
834078727 58289182
566872050 831745901
970708101 213885609
494418042 887732480
685407599 631229412
977469282 369804219
170004919 402441837
58856322 409307801
418862306 466606809
979388083 670640116
265496723 29890833
121189043 157700307
328750436 438385780
147318234 139147824
911537173 404126951
446707014 566336975
354249998 806782176
109693377 226752695
642945896 728524969
209803537 992468518
330651609 584460551
206189559 952954376
301099560 327026154
768698415 845396723
913548444 929956693
991594276 977746783
910190527 262741202
83551844 740754557
934547786 553993439
910744590 955741869
386544226 678654707
414032104 201588733
572753725 610365978
848044707 490853107
951127553 23049410
752933224 711079011
413385617 190909009
128126209 47430693
353805870 140038825
450644861 478747687
481464023 769585147
137931175 999593184
96663828 862171155
422307360 151515550
725203635 453798826
194351316 807694530
969061406 13377209
227324402 111793912
683513713 364211039
130084275 352429465
545570439 673070150
986693375 349542030
937644092 773285076
33374979 104468442
696855540 147827270
806338672 122645443
739139915 384164752
642686072 694878292
815722018 684265433
737398942 447084300
187432113 27718951
842093959 110416413
560325496 493069572
626014922 245327923
933263745 855544703
857360368 523120786
170317571 907886204
263891125 875090185
295574931 208328834
470021848 696051026
5338159 409481278
290670038 498079232
467194564 459237348
31084200 344052504
392679455 557931871
838932101 648479990
252348299 461986608
550177437 125387218
515114706 173533883
136384512 464174440
628363906 40079336
493050177 353786274
281643066 840345550
243692181 635754207
653877145 408781179
887746712 647837370
357777516 345277645
166665233 327206009
248751421 49203025
75294806 211132787
570728761 725035665
801026095 652813689
836327228 188921871
573374303 361235039
135557920 296068854
616897381 115083799
874883786 808771796
477038252 566389303
323085673 87803331
554097452 794884054
519068245 503972947
903910067 693393585
46791853 329150551
420584840 283844957
395290963 93867243
452080993 326959530
512272576 719461677
135057369 70321990
808522392 629920127
547087189 150978412
71491935 542484919
79006134 577338586
484813459 229887251
354855365 553699513
694952036 935800099
831516664 718574844
765079117 197298775
538298330 715219876
607784123 872969932
134412810 429721644
165149283 874931452
30395351 127639773
333836138 293166802
431557805 550787915
510861498 563606363
853344205 910527022
979134681 461703638
666255635 71395151
873365835 239753562
168932863 368948197
556786162 811263812
364871601 104427110
868243444 890494264
360855265 578550762
939877901 369677462
432961674 30076214
26587686 727731920
137800713 415669022
801499855 340317136
337607447 806986402
683803266 552907927
516910036 219400642
478251134 70965124
266611599 345519553
673867468 486251871
412026911 209409688
111578234 981551381
615367545 667701695
276673627 51565614
28809136 852228073
170752575 651107412
221245821 12105672
466186716 974479127
982351836 821894931
402065295 764951649
11841154 923003292
658899453 993514610
932678768 923966406
201032979 853055109
393318715 322769722
892171456 770821672
120513138 835736484
77940860 316684601
126142122 43722895
946544684 155799217
460546774 598126685
221700992 296997097
770100880 957398997
626953708 309469290
797682130 876652390
