100 0 1000000000
22571 18397
77443 42295
95571 15133
26312 6085
21554 82485
73475 31148
95957 14005
79990 65764
11511 86382
97153 61844
11226 29036
75709 5728
88657 53771
51322 96182
66186 89938
14470 9470
81931 44518
56384 48823
80389 80825
60002 107
57858 17674
33370 7009
76594 14749
86738 6547
81013 81568
13845 40729
15804 42011
18629 82121
2642 65514
60883 21394
65980 26279
98223 71486
2727 35065
68302 81170
98422 41215
23952 49993
86310 52830
20330 52739
62040 8599
33643 13327
71773 60418
86587 76622
53078 84334
66226 71794
13895 5815
92049 24388
3286 43446
5257 37050
21415 98595
69810 32749
42234 72398
35117 7234
45703 58843
46716 39551
80166 54769
55594 70794
36123 95150
69627 63656
19291 28301
61664 98036
81660 14490
95469 10304
3076 80511
52046 64915
84643 56869
87101 14732
235 15569
91363 63501
67479 61543
22143 9003
75505 68547
45844 29006
79771 77569
1567 97260
55214 77026
17014 87460
79837 67841
25288 43337
39911 29156
13290 49539
60312 55843
94181 26985
80628 61296
92464 50972
76319 99819
64819 78458
6601 71393
25134 65779
48299 14023
72019 21963
77198 77727
46421 44380
26883 3470
97490 46638
67742 65562
35565 13343
48508 43575
37209 29690
9198 27653
68311 99536
