100 0 1000000000
5866 84251
27208 92097
93952 58553
71552 84251
73320 99650
9164 31467
93264 55549
90354 70710
67129 38918
39006 91282
57392 97926
69091 15256
43781 81368
56438 54993
55802 70057
35130 5627
86806 20093
93402 14185
50864 26122
78654 53162
45607 42602
93518 86769
86586 73124
95378 50862
28670 15331
13729 25535
34789 84897
3330 22117
6159 57063
77107 40150
94971 68062
32045 98169
50565 62021
7980 77325
72051 1585
95539 25376
50689 14449
9853 3795
49308 34996
19957 15832
20821 48820
10788 60641
35182 89278
83233 9263
24350 20523
9647 12455
55589 68794
68677 61763
53620 57901
8134 89800
71029 40355
99554 96536
51704 47269
45800 88738
37922 91119
43816 96826
48967 54485
24562 13355
95370 94652
68816 43177
29766 45455
88567 93725
81570 72467
12775 485
92478 14246
77476 87396
78300 24411
88020 8982
2351 62742
54394 93827
51964 59128
95334 62225
87701 9110
32381 46755
5512 1536
1283 99588
29681 67951
13139 89637
59455 42403
40561 59816
84854 39746
68088 30603
70153 49081
57600 5765
53056 59684
77852 70658
95628 33139
88489 21720
8031 86503
94535 44912
73013 50303
37388 36081
93348 24629
54415 29610
23356 50357
59701 27781
70220 77690
60510 11791
51719 70375
21083 24416
