100 0 1000000000
5219 88222
74431 24621
16672 31143
21720 17753
28390 71880
36345 90757
94785 54972
46750 37341
95062 3809
37970 13031
690 31344
48167 36969
4339 88363
7304 53539
70113 36636
38533 45543
67797 69499
49135 65017
69933 46012
51318 1915
76343 81743
22247 30465
32471 44498
47506 65817
15052 5412
52600 75062
80625 19424
72149 95682
55334 43166
24882 90206
17340 54224
78675 16723
3166 84267
29120 66854
73470 57354
81224 22859
11360 61203
73196 80404
15992 5224
83032 77645
15645 43470
1078 35165
70528 28636
16485 11825
53038 2331
43610 92244
86835 96210
57428 92485
9483 41369
84873 42789
87587 12221
40423 74159
21517 10808
24743 33527
92019 41114
38100 44813
1636 31944
33487 31820
1660 68734
74224 58989
70995 23580
90231 92186
95618 84468
63491 32191
12079 14613
57370 90332
93643 13550
68086 61484
20432 55845
57002 12096
19725 69271
89714 58714
91203 49171
42740 23411
3063 68817
27346 80327
11587 93774
50233 28480
24996 55540
8858 68143
47478 34007
85395 21639
21003 48040
6170 50352
34070 14093
37984 81974
82613 55034
76421 93250
35648 83263
32653 90151
36369 32370
90967 5796
39422 47928
63043 20975
7185 53751
49244 58721
20122 97306
36849 60353
25931 61317
27849 79890
