100 0 1000000000
5113 24957
6824 44481
84383 23318
69494 27778
75077 86640
88036 12763
34195 8805
73827 20321
19849 69142
22181 11509
98765 56095
27744 87432
30509 38454
90705 93243
63056 68867
19875 85805
98033 58132
24507 92567
63679 76174
14024 76644
23275 54476
20434 96559
96030 64104
59351 67142
75771 21849
78353 48222
82362 94861
98266 40935
2715 70315
86762 93005
22003 64493
41814 77439
45790 30340
19217 31463
27815 86992
4720 71867
83891 89300
46948 67156
24198 5773
37433 56338
91948 52416
23656 36962
14269 90782
4341 58708
98292 17225
65316 3242
22404 26739
22363 1609
41076 37235
21436 92377
64469 55392
54202 14773
6170 7965
43110 49187
4393 47743
32650 48763
99328 84543
40451 139
81046 70371
66907 95054
36099 24373
96745 46226
52679 1389
14918 74098
76622 48154
54630 85294
60811 41385
45244 78549
57645 35137
70388 91674
36500 53514
94850 4194
31839 61210
32443 10374
15300 70837
70785 83983
23776 56252
60496 21868
86421 34653
21393 32245
15968 12188
29627 20894
49999 18213
30042 31538
63993 84890
45602 19410
76865 26163
31292 13426
69173 96528
24979 66026
48651 53727
25651 14688
46509 83793
2686 47169
91177 68233
94494 97925
47974 55371
79095 34522
47572 81387
65808 13311
