100 0 200
52924 61895
20774 91714
47704 79073
47042 27810
82415 6298
6694 4659
13416 10603
47785 30709
66583 66927
98262 9846
28555 33352
36279 12756
15223 3365
34677 59669
37501 22757
69658 50317
34847 72295
3048 89032
7150 57279
9459 72930
20177 70672
77726 9923
71957 93323
36153 98282
6103 48345
8328 53760
66183 78495
54334 52871
76544 4293
53402 48552
54319 45348
46176 47055
94176 81240
22352 73536
8005 66868
47724 91368
42710 4205
16998 99167
70748 73494
3441 56222
65067 49715
7501 67647
48961 90423
10485 99549
78817 24300
7450 62810
98714 60019
89576 61504
77292 42442
99991 24585
83244 80969
82013 5548
52609 50328
71348 802
12683 69319
78521 56562
53426 73679
45880 50095
35844 95796
6427 55068
13419 1083
6215 98061
18690 55141
81074 9398
18865 12624
33210 514
58939 5420
78544 2568
46887 52904
72169 42885
57787 34696
9333 57249
34244 23350
28315 17319
78808 65490
47275 73065
63307 36546
11108 29145
74364 70872
10763 57504
62586 22149
73806 77037
58841 24997
77587 57453
96362 10543
42452 75530
81574 82207
67564 13000
79108 26396
10464 47294
76609 28288
43570 68962
80119 78769
94238 71678
44170 50957
41436 50364
66099 11287
78413 52038
92887 46440
54639 93072
