100 0 2000
94712 63991
52646 2706
58039 5767
67788 46418
96391 25918
621 83721
64837 49402
71166 59682
12191 9105
30763 66557
26576 96325
92687 12275
43670 82492
2962 98894
94937 86334
34849 25028
43777 12724
59106 58784
76150 45377
99039 91108
43240 3764
86037 65859
74223 21974
88758 81241
78395 93611
83471 75244
38837 14813
4993 53395
30512 52026
36834 36224
49852 480
87800 88055
85256 46622
33896 70391
16220 83106
81040 71154
8342 4490
37429 89285
75346 1319
8285 36351
10048 98577
767 45125
25190 61390
37884 88651
49693 27626
27865 79529
17347 97653
24865 4157
54395 85072
8299 61874
96648 6134
82942 86161
20679 2292
42730 16621
32806 78306
56658 42091
53476 69533
97073 99175
8549 70771
31010 3203
5407 45967
66493 84352
73278 5800
41637 52425
59585 9657
69739 26396
55787 85373
67232 60328
77161 76342
7421 2152
20624 82728
92608 78338
95124 28207
94861 91319
63041 53911
59063 20806
92260 85304
32725 24912
37148 44764
79936 70891
46180 73389
74067 63112
40563 16899
34905 22466
55612 59518
37908 88568
29983 48462
33384 46191
9360 8688
86103 78501
60465 37897
17633 86442
8400 10499
68768 41590
84462 31297
84381 1252
6805 79167
88337 38252
84798 57870
68663 3226
