100 0 20000
21575 92491
20278 2139
78350 68852
83203 97679
92383 59731
96956 3475
57300 62217
49994 54139
69431 90770
76071 26605
26323 74288
28127 89031
35243 25657
77267 99818
50498 65136
22627 86572
98709 31809
95692 45004
263 53923
76501 92734
58450 42245
5067 1659
14054 89354
14378 38113
45106 79698
84335 44879
3957 27486
4190 2249
13675 95775
31784 62712
11996 14531
35688 49876
80012 11110
15230 96107
48165 30911
34334 61039
76506 54425
14955 99131
29443 71110
56503 2459
68055 92158
69338 59323
89073 71232
54666 14613
59179 99630
92601 14886
75482 48025
47355 2745
25880 25688
30539 3610
84700 47555
93065 92525
11066 46433
69563 2982
20355 28378
26006 23514
97565 79401
14041 76780
49559 77275
18802 64925
35304 74623
48106 77367
94834 77231
27633 73359
88013 20080
44782 81176
87615 5341
62539 38016
70223 75546
54488 59679
12143 96220
68465 77531
84033 95459
50187 40421
4775 10458
12516 47717
24192 73376
98559 61025
27697 29126
70392 21855
81805 12170
80231 75760
84790 95338
38252 33842
56559 95912
7103 87
2143 32102
7230 58402
3891 57292
92667 78842
78706 58762
73964 62709
34398 50009
1530 27642
55985 38493
92173 52182
37609 75052
99821 66926
44279 32250
70860 4903
