100 0 9000
92228 0
53766 0
73535 0
80668 0
48411 0
91147 0
21916 0
96273 0
49036 0
27450 0
14315 0
30887 0
34991 0
70324 0
41616 0
92906 0
16805 0
6755 0
96973 0
86536 0
63453 0
95241 0
70741 0
14213 0
38175 0
40287 0
99963 0
65473 0
9404 0
82807 0
23380 0
18862 0
84595 0
36567 0
31547 0
40420 0
50543 0
25815 0
50356 0
30201 0
31538 0
88494 0
47363 0
42255 0
65845 0
90246 0
86675 0
39652 0
25059 0
83372 0
93536 0
2738 0
43061 0
60268 0
50316 0
10486 0
26005 0
34857 0
40299 0
72858 0
48373 0
69836 0
21948 0
61067 0
12866 0
93028 0
27953 0
89679 0
64117 0
93250 0
27504 0
90672 0
48537 0
8786 0
77351 0
79709 0
41271 0
44723 0
99422 0
62468 0
50380 0
46494 0
50638 0
66508 0
87208 0
30880 0
97023 0
12309 0
30251 0
34311 0
35620 0
59153 0
34168 0
58357 0
97233 0
60638 0
3969 0
88579 0
80257 0
13083 0
