100 0 1000000000
47087 47087
38216 38216
12233 12233
27250 27250
27085 27085
68446 68446
9258 9258
89786 89786
34810 34810
10881 10881
51281 51281
21572 21572
12010 12010
12247 12247
54722 54722
67032 67032
78426 78426
25389 25389
83481 83481
64448 64448
60599 60599
89919 89919
73379 73379
1999 1999
42076 42076
34273 34273
66138 66138
93818 93818
85764 85764
84941 84941
16180 16180
16907 16907
8759 8759
16612 16612
34314 34314
64004 64004
93566 93566
22625 22625
94516 94516
88415 88415
83168 83168
28344 28344
22675 22675
34308 34308
34109 34109
10835 10835
55422 55422
77144 77144
10704 10704
79902 79902
57796 57796
58689 58689
70706 70706
55793 55793
63184 63184
47200 47200
66721 66721
89490 89490
45118 45118
70215 70215
7844 7844
19432 19432
96378 96378
75294 75294
67509 67509
54266 54266
79171 79171
88942 88942
47962 47962
52244 52244
22439 22439
38811 38811
809 809
25595 25595
82180 82180
8456 8456
80165 80165
31599 31599
31047 31047
66428 66428
58487 58487
99363 99363
15734 15734
97803 97803
30684 30684
93751 93751
52796 52796
44701 44701
38089 38089
69492 69492
48438 48438
35280 35280
81635 81635
32253 32253
34948 34948
51302 51302
84718 84718
80842 80842
21069 21069
44954 44954
