100 0 0
90483 55283
91660 30983
32853 66740
59738 45515
61622 71533
96987 88650
63265 41250
89653 74629
89976 92508
65098 90188
90001 8983
21000 46351
80267 25955
33275 21309
76926 52661
43418 1660
22546 27204
81922 67611
55870 35873
30379 90030
88480 29415
1012 11431
79416 58029
54732 71805
28674 95053
52410 51302
581 62885
56165 50567
91505 16205
71352 21618
93607 42937
78199 9409
51946 4839
36581 59797
60420 68569
81170 16240
86439 20951
13961 57335
34794 5150
12295 14053
99735 53669
32575 28330
82778 34201
36671 77108
72278 99134
88889 38033
68566 67958
10068 15677
53315 50769
40411 84732
77088 80482
62322 3137
70753 83730
98577 98144
89137 44105
51801 25892
51883 55094
85501 51273
79187 95108
97086 17982
37071 87075
26168 51135
87269 59229
15014 16135
52517 83082
45938 18209
28123 21030
8397 2337
56827 40311
99945 28484
15867 94380
40697 53121
14260 97535
81310 7241
37693 8929
48544 19820
76421 29069
41452 24519
99492 72654
76284 93229
76233 73800
21490 30208
91106 59158
42572 28590
57026 5280
2392 89197
35094 70988
44027 18671
76795 86557
84683 10613
39502 86180
58654 21108
68165 60331
87280 81161
34709 65094
49635 96120
17332 71086
43857 50466
93997 99767
5034 84021
