100 0 1000000000
20593 87332
8441 45671
81768 83996
72018 71998
2694 49470
30184 57428
84386 50410
56470 56765
3261 5683
14743 87097
37341 8130
6876 85090
98907 83241
18237 24744
83768 66677
52465 73426
43002 76619
18010 1593
95703 34900
58944 12859
25692 76281
82481 91029
4999 38071
55806 79805
86188 97239
7546 6404
10034 35588
61076 73238
18617 68751
16187 60830
5860 26043
69843 49392
87680 47312
60454 5750
64069 34115
96153 89581
49439 50349
59464 49707
17782 61798
21688 68299
75592 63908
4643 42490
24343 16732
76139 15101
43311 72060
87164 95409
43672 94841
8499 87584
81456 6578
68920 14751
74687 22523
77790 48189
10653 48756
2800 50060
23969 65406
72474 47344
22875 72276
3146 79208
89772 93571
4933 42879
42788 9475
81740 15584
75150 68272
503 24015
87032 57665
48930 5878
73098 28426
10976 57305
92039 50948
84403 53911
87856 38445
51690 47700
35325 38419
94155 86266
62410 19481
77021 69997
93068 99195
44730 66350
15193 90351
9238 60751
91627 15252
92976 51364
35304 61338
87733 96049
50220 22451
14926 30103
11942 91187
99246 57558
42884 7528
24659 21874
17166 72683
98517 54944
93355 44825
40773 13846
60473 31623
8321 4119
59359 43448
58939 8040
23897 63385
24868 96123
