100 0 1000000000
31499 81692
57209 28564
50816 99421
30269 44737
54004 80808
46467 19293
67846 82728
17765 39334
82088 5140
2625 57978
56694 64855
60199 82556
97533 93349
26607 87294
29587 37238
11594 11703
16427 52231
73810 91557
21606 71538
8130 61298
99450 57101
65241 65294
26433 29283
19805 48692
67072 56820
95522 35471
47443 52892
92927 54959
25410 47709
19928 22910
52201 81662
88629 70830
37032 85479
44994 4246
67133 10640
7088 52096
11266 96400
91204 6195
38373 52575
43585 26844
12380 80174
96865 41509
57037 3409
70031 20793
67464 21181
76848 97605
82614 14519
77922 88027
74208 91631
92392 27694
50934 47867
6473 93760
35770 41905
32633 82214
65979 51140
58479 40781
6789 4605
3707 86444
92779 53728
88546 48382
30484 78999
95512 57476
33751 41921
67464 50749
64071 39514
8193 35822
35886 10114
7001 34673
68284 60933
52782 77415
40536 4180
25543 35257
88422 61289
93424 40148
61640 72825
31711 39152
73999 86596
23003 67702
29012 61224
79168 32943
44525 39414
17968 5110
12683 78446
97299 58507
60860 78187
5584 16393
80972 36668
33542 56338
95190 17771
32325 81624
50676 49514
37386 62028
15560 79581
54792 8665
9635 85999
52610 30576
11783 39787
37838 77157
84195 79884
82335 96200
