100 0 0
88689 96839
96954 17886
54452 23557
43665 45205
24824 53946
32640 68117
68695 91873
31783 63636
54645 46523
30051 61028
75541 60796
50323 29795
90093 86064
35954 84860
50411 3887
73390 87030
60665 795
42433 62539
48746 77501
23458 73147
42115 26361
24054 86570
93797 49870
93156 31601
92412 8853
40597 72884
67036 81474
66311 70852
38677 186
19946 92354
75621 80109
43193 67418
63495 4828
60488 86271
49180 45701
86747 87045
39643 41013
69348 31024
57802 16858
59108 15101
63541 39654
44782 12841
24349 34368
71096 7952
90927 41058
93365 87852
49292 53494
68640 68840
51797 58078
1742 54944
97503 11593
24568 22839
44924 25110
16206 38565
26754 43850
44449 27982
14127 1810
11115 68572
64460 21401
35641 21544
42867 40554
7655 11777
79184 28105
98485 10333
95498 69725
94334 61306
34657 88119
63321 79432
88694 31045
14261 45893
64393 21100
54921 22647
65625 5623
21682 26680
59253 45019
32869 6220
29568 1176
76065 17717
86941 21428
90790 93625
39194 31860
36488 76790
42694 3918
31779 45283
19464 26008
57345 20557
82201 58318
58296 26220
21455 609
43021 13967
6095 19702
5118 12024
59573 25586
54400 3518
84424 57533
51957 50155
18057 37102
58619 74493
22608 88155
63656 91623
