100 0 1000000000
88109 21117
26002 60388
1164 41383
97436 83967
73894 78854
24783 96930
53623 26393
85961 65244
19239 6017
17981 71341
34721 24323
35058 83829
89417 83608
24073 43334
94120 81926
26839 1220
83632 40279
86719 40321
83769 42359
20699 22701
18245 77774
20332 5037
3894 6754
66699 90130
92969 58537
67352 89073
29676 1481
81042 88126
71389 51561
75214 27736
93864 57297
91290 79844
77419 53647
20229 41721
65330 4027
5830 76529
34129 63423
70175 14937
29547 9603
34869 64381
44883 41889
24904 99940
84584 46682
47247 73885
6892 8061
39247 8540
13519 54390
31732 68175
86154 68699
71290 15972
64447 87937
81789 78664
47343 8460
68111 89493
523 33973
50880 50617
35851 75487
33820 54189
80924 20332
99619 48332
2234 35758
97705 91618
76798 77589
71313 91019
825 71795
95089 70537
34026 91942
62867 28784
35315 95989
93915 11942
83351 60094
34165 48693
79060 79777
39244 23135
17942 80659
82067 30713
71630 38516
62875 88870
99161 20323
60922 8246
92036 18679
44287 42307
50251 31758
26408 37809
27524 28386
44086 82173
44976 19009
5035 30152
49359 89905
31717 29181
2968 95178
22612 11393
92400 96537
75011 37042
62002 98202
23786 7642
17551 377
90041 4887
87594 74309
68585 97610
