100 0 1000000000
3763 85288
37997 64265
23231 95510
53676 74335
70551 36813
10378 33716
94410 51413
13240 75068
90980 88719
71525 46925
25250 91630
45636 46992
18127 87501
3917 43766
38973 83692
93274 63338
10590 60238
26729 1964
68240 98564
98319 92633
95529 20839
58687 8554
98824 19787
98494 85743
44662 75942
50240 91949
20767 66290
38322 85370
9381 31921
48929 66030
76974 72637
15469 61191
11533 4657
51366 70068
1415 91253
51083 57839
28826 15808
15637 77492
73359 19942
84079 29408
1775 98223
22650 97070
19312 23952
13716 85844
59264 95188
22621 87045
25799 91941
44540 62307
24025 38525
58241 17081
17925 6071
54061 73929
94156 7270
61841 88826
26504 42674
89414 80705
65407 50716
31311 98742
4838 84597
97141 12364
9549 78419
45902 7302
23438 1856
46392 91637
9093 94670
4115 92908
55719 76703
94667 29730
26901 45663
94764 61752
92096 95761
56713 54802
1858 28020
8427 92109
98458 81970
98111 79600
40204 43282
9958 95531
80934 74831
16415 20231
84074 51626
99800 42941
92024 99303
36453 47254
48787 416
48813 80843
84504 78405
19976 69896
64002 97677
73484 54976
59067 88518
73975 82002
89975 91099
47225 87680
92976 18969
15907 9890
53765 38297
1048 39882
26117 65867
63419 84048
