100 0 9000
40410 0
73487 0
6181 0
44104 0
53844 0
35784 0
36032 0
2184 0
68334 0
98708 0
93519 0
4364 0
12644 0
12172 0
10358 0
63551 0
59990 0
81526 0
1941 0
67984 0
16167 0
89529 0
39527 0
99831 0
37951 0
43943 0
54817 0
13809 0
74696 0
95925 0
32877 0
41961 0
46656 0
76350 0
35517 0
84925 0
15471 0
94468 0
72955 0
15061 0
49609 0
96612 0
42402 0
88056 0
95555 0
15420 0
54616 0
97372 0
85719 0
18308 0
88110 0
47316 0
20889 0
39438 0
12117 0
58692 0
83980 0
17673 0
34825 0
66199 0
30418 0
52193 0
30181 0
82678 0
25955 0
20049 0
86732 0
94079 0
62884 0
40284 0
90198 0
10769 0
61453 0
26173 0
57772 0
38703 0
94835 0
13270 0
51844 0
69227 0
98381 0
96554 0
80319 0
42641 0
16458 0
50181 0
53797 0
36843 0
39974 0
84225 0
59783 0
28463 0
74540 0
73017 0
56997 0
62406 0
76270 0
68199 0
79677 0
6389 0
