100 0 1000000000
3343 3343
67677 67677
56185 56185
64352 64352
42493 42493
61995 61995
34583 34583
85423 85423
31843 31843
37065 37065
93924 93924
16377 16377
70808 70808
70418 70418
11191 11191
64151 64151
12447 12447
24953 24953
41318 41318
50009 50009
2709 2709
26917 26917
66965 66965
84600 84600
61298 61298
85587 85587
46238 46238
70315 70315
72582 72582
26327 26327
76288 76288
47409 47409
92794 92794
71395 71395
77954 77954
80812 80812
12567 12567
1907 1907
25093 25093
12902 12902
88645 88645
12199 12199
81757 81757
19938 19938
29248 29248
5054 5054
57530 57530
36614 36614
23382 23382
10821 10821
6184 6184
35422 35422
56786 56786
46385 46385
12141 12141
53566 53566
78582 78582
61404 61404
42982 42982
97074 97074
61524 61524
99957 99957
52074 52074
85243 85243
40098 40098
99802 99802
48959 48959
27701 27701
88320 88320
98282 98282
53969 53969
78139 78139
12667 12667
70200 70200
37352 37352
67055 67055
7747 7747
45809 45809
69497 69497
59105 59105
59779 59779
17034 17034
24976 24976
18212 18212
55394 55394
88606 88606
43907 43907
60315 60315
36813 36813
9784 9784
10770 10770
77381 77381
88887 88887
95919 95919
54343 54343
82975 82975
15345 15345
79889 79889
37244 37244
32891 32891
