100 0 2000
24632 79936
85906 76290
59125 95374
23453 90793
59598 75601
71571 52710
93826 19374
49915 28326
51850 49418
78953 50210
33809 7862
91793 41570
76561 81276
79859 77070
11258 42234
81991 44251
89401 21598
68102 54496
40503 61020
4739 10497
63489 7769
72667 47875
89992 82236
52612 86346
49904 9534
40889 7714
44584 35421
30838 33329
12383 28865
60453 75047
24903 83828
35240 16432
97153 31174
99044 39443
93688 22006
30768 76716
34910 8913
61469 13290
24455 52496
31868 34188
17136 5602
19854 53324
10414 93701
98670 65032
142 8602
14809 33694
62109 15946
40283 94946
11586 91573
93617 41690
12303 28964
50620 36272
2281 11249
10990 70668
96558 17353
38946 90707
35794 78008
37654 8565
35840 66685
39244 39274
72014 64882
60469 36908
28279 13335
61154 39939
41958 74512
79396 89639
70020 68203
81251 24372
33518 63598
81792 7188
78747 27977
52731 54076
38151 16067
83231 16928
34571 19281
1125 7611
95586 10677
12131 82843
66068 12791
45228 58504
27792 51822
83611 1707
2438 96634
82418 2550
12539 62339
94796 84448
9101 78503
51488 84925
43987 25644
5162 86723
86611 25679
71545 88928
85710 91683
66314 22489
34833 51227
63774 45569
49432 6941
16241 77316
1804 34294
39427 58830
