100 0 20000
94793 96996
59010 78601
59234 11848
89610 28622
85169 39053
84704 55815
9812 33667
98822 92897
9066 19388
92665 80161
71140 8729
12291 62031
79324 16716
19511 11175
32341 78814
47283 83670
87380 37010
32537 83001
50539 62215
31987 97939
73184 13407
29038 81791
66035 26738
16815 34321
28820 20790
6325 77396
23465 38662
9908 70722
11629 13527
41014 18603
28872 74739
45992 26548
74079 35530
97048 21922
22213 75385
70227 45150
4502 30336
1944 44608
87449 10319
4571 25970
58556 52743
30829 96535
24522 39136
65578 46762
74333 25460
29989 39148
22050 90720
60265 29470
39924 49178
87104 49243
56927 73355
49627 48146
17440 48816
1399 63323
40531 523
91384 25317
5072 94339
50359 21364
83563 25002
29547 48380
21259 14209
37 44089
92617 54331
30163 72160
94668 80326
71883 6742
40106 50067
82522 41165
30235 58039
82872 58517
17277 87186
35800 84542
60537 11719
90492 31596
89047 37413
27905 27317
4338 79795
48452 591
6686 86412
98916 28476
45943 79956
57976 56636
95150 75727
70610 50384
37831 28618
57612 93038
5205 90162
11265 65805
94704 44720
24763 37416
37358 92533
77473 89319
27932 36421
30432 52396
526 81826
75186 76258
52157 52025
62641 53814
87808 77416
72424 73081
