100 0 200
37838 41740
52206 51069
16020 35942
88492 20724
48675 54334
46633 31472
561 70077
21342 32062
24606 42173
72809 36691
88711 70252
74726 68855
47571 3070
87221 59175
25479 17770
67234 47694
59635 16879
63648 99501
38117 99244
75608 48716
80278 47628
75522 9306
9458 4166
37566 39916
44745 86250
46156 30373
83992 54719
15029 55904
78714 8242
43360 29295
93564 97796
88698 52052
93128 27716
39019 86574
26041 82956
5745 7078
26066 79907
17648 67418
84832 90952
74549 89969
52030 80643
81914 89688
34282 46651
24933 73206
55903 12227
86760 24344
99880 21149
23104 49777
51003 55362
19932 27419
52589 99548
29374 80798
71216 54492
78053 75585
70721 79073
1145 44710
88794 2964
33820 95910
75866 60703
61351 54919
85908 39014
34120 58080
84334 537
15774 90374
84811 70186
37077 36988
46436 29142
82525 52306
7341 99887
23081 41891
84054 43814
8430 57513
28871 66363
89609 81996
10159 81551
29110 30569
51553 28317
50884 60460
34284 92157
97144 19000
30433 4775
15105 51027
17278 72667
98882 73052
92757 7628
54774 35998
33525 96781
37296 40657
41945 59339
28372 3010
43506 78597
73669 5624
82122 43637
12986 98369
42088 9942
82369 75193
49863 62527
18815 76534
62416 42165
35715 12260
