100 99 2
34 5
26 37 502687944
41 52 997303343
45 11 47164291
11 100 429209506
11 15 609407833
47 3 313803208
6 74 132162325
45 56 726758105
86 22 136499942
60 69 928503534
76 79 806777867
32 95 732768370
98 49 514093045
29 27 721630052
71 35 151538373
60 48 381804427
94 73 740375653
94 60 150847891
26 93 148019450
74 97 89783145
20 51 843151005
40 81 879393939
45 12 412617612
7 75 830649993
86 43 351933116
32 39 709194789
6 32 792461268
45 66 841050657
34 88 486702305
10 58 126810532
84 53 166270982
29 71 410693664
6 77 135632670
11 89 596874397
24 86 25573641
8 1 67713049
33 5 179447554
76 29 775756833
62 47 264030649
62 9 895585109
96 14 103397645
41 54 171940789
81 68 869126188
12 91 987671008
24 8 523927274
45 64 737000268
32 63 954479233
64 46 340788542
76 87 633303779
94 18 367340549
21 30 25738409
53 65 56610068
86 13 127463189
1 4 427570485
59 55 737864126
84 19 611724525
64 21 142118686
37 2 677377355
71 99 936294950
66 59 246112093
94 62 702687746
7 28 250192512
93 78 519897618
64 85 844766769
33 24 234023835
15 57 838833165
93 38 960616333
94 45 686501968
6 16 900484954
98 36 72756278
4 83 590694708
33 90 75237320
54 92 211285262
2 98 71132972
58 72 445410268
25 44 138241695
33 84 470005192
46 96 372736678
11 41 656261296
76 94 96874163
74 23 461180912
88 82 273433761
33 26 777881738
40 42 484807812
76 34 471476368
76 33 370225821
31 70 770894964
79 31 697939465
45 6 489114907
26 7 267170159
37 80 569235149
41 50 923658296
63 20 557174429
5 10 730913775
33 40 51537031
66 61 871095585
37 67 104953644
44 17 29095056
52 25 98439748
