100 99 2
43 78
1 55 214453880
68 67 61975102
23 76 464395800
46 9 712749524
26 98 676315290
99 100 190556688
31 8 654923593
94 28 478198845
90 31 540922348
56 13 984367371
99 44 22378561
56 14 562225208
51 3 337284071
58 23 688302959
20 61 409257220
51 25 6923454
37 20 137931004
93 29 858724886
98 19 239333148
50 75 414287813
46 87 130548643
33 54 358669424
56 90 804094057
37 6 352692178
62 49 273842984
33 73 631376210
56 35 754838909
26 10 774287156
36 21 254448363
100 86 318781557
17 92 48010705
85 4 799472310
37 88 516256893
14 24 443462765
74 34 470217608
1 42 422245113
5 41 161945046
81 97 741311797
17 83 131956109
37 82 272026440
3 95 16529028
42 59 981930658
33 71 868900365
35 45 495946840
49 46 320622912
59 77 571815032
37 99 199084907
90 58 993876964
91 30 823210887
45 7 793237465
56 33 893737845
58 93 508001274
88 15 423956726
74 27 111569456
81 96 424113173
56 74 842734032
42 89 182539397
25 81 852469729
28 80 496963693
42 22 549010745
37 56 29736845
83 64 958905301
77 84 273916293
71 62 467859033
90 50 652057188
37 51 76936296
65 39 789122044
91 47 232733729
62 91 183704800
71 70 43818440
7 32 714116685
37 65 470424486
56 16 10192704
57 52 769704165
97 2 146646284
39 48 870197384
99 5 786003711
50 85 321890658
16 38 424664976
81 79 405694863
5 17 819755443
7 63 756150432
51 26 545700010
27 57 41734496
15 66 177398360
99 43 351914864
65 53 959332213
44 11 309400709
17 69 336130378
88 36 412421823
83 72 867237897
58 40 657981227
56 1 217316485
98 68 284193469
43 78 299926350
50 94 99141854
74 12 939867487
31 60 68309551
33 18 869188572
