100 99 10
4 97 57 28 89 31 83 94 66 67
23 100 601649368
77 18 606813029
49 28 735011694
84 1 272339130
45 62 922666970
4 65 844235752
37 12 434703704
57 31 748736348
33 81 106646582
44 88 210526981
43 56 566953552
93 24 815034819
12 68 206120941
67 39 391124440
22 45 25171279
83 6 222663438
33 60 568318060
64 94 58522912
92 48 727726556
98 83 790060068
61 10 183573858
3 33 665417398
59 84 354432972
75 42 997575484
56 57 16659735
58 70 50549538
48 87 810282845
54 67 22428600
20 86 388774189
2 46 248585604
24 75 649562627
74 36 43872874
35 9 191353111
91 53 187749825
65 63 315361248
34 41 106705354
4 99 538829121
21 54 654869092
94 77 598856280
98 72 751592346
59 2 904796327
70 89 776970659
89 47 65000092
67 19 2365531
52 37 603248698
73 78 563140196
31 25 383526741
28 20 551431479
5 91 256364305
97 80 870072505
12 23 741807674
70 27 916277191
96 52 784349774
49 11 633403370
40 17 89144353
82 95 400046632
87 61 547079136
15 43 543185616
41 50 192785034
95 64 66364136
25 14 30850742
41 30 542811244
89 15 232439599
66 4 929150107
75 44 183844570
14 5 697551408
63 71 20757634
53 66 38787310
22 3 384678487
39 51 318127411
30 29 855337667
14 76 473569238
19 7 925264807
100 22 550981774
65 69 680741923
55 34 358599868
42 21 464113133
87 79 33465038
7 38 642552257
73 74 72514364
8 85 178801895
10 82 524774785
1 96 205686868
80 73 422581327
83 55 418428224
53 40 749317901
43 35 808112003
50 58 955271771
82 13 304182355
20 92 750027062
34 26 997372906
51 8 296316469
36 59 645202321
8 49 539908335
52 90 676746256
15 16 668168934
77 97 974539633
71 32 730175406
81 98 696873329
