100 99 10
14 9 48 66 22 53 42 86 55 76
23 32 723928116
49 99 298021967
97 50 64376528
59 36 733399231
73 68 464848511
20 18 721385710
37 75 731895236
52 31 557541995
48 73 484977421
45 14 610514974
24 65 644368067
67 13 699298737
96 88 923580229
28 33 176289779
91 78 100614031
75 55 544593635
40 86 613497614
1 47 406414637
9 67 670393379
6 38 334462948
36 80 688528638
80 24 950949321
22 44 50337899
58 8 288789169
39 3 526175417
8 89 169902202
64 70 609583709
71 49 691468994
90 64 648149757
49 12 428635277
67 19 60699299
87 91 727279829
86 76 331298948
17 66 149429651
55 26 792213491
63 77 535215281
45 2 514050934
100 30 757035638
56 94 845460204
53 54 166278217
19 43 346772138
14 97 896293165
42 48 406587734
70 27 415717244
97 87 938665863
41 63 698163783
62 57 746445106
74 79 948719798
26 11 721473006
96 69 604713955
84 10 764654219
69 74 179446151
31 20 284304629
57 95 257458460
5 85 1808623
29 15 163819498
90 92 754463552
64 7 563660143
34 52 583126116
11 28 794450933
95 84 61034358
84 37 451011433
4 96 961125793
72 62 400271736
28 61 146043031
61 29 191148700
69 17 478861465
51 4 428711517
6 23 77915878
60 1 609690016
78 35 226686034
52 59 441577909
46 81 345992438
83 45 949817456
43 34 530736143
93 53 906653291
62 21 700248142
76 46 969701844
77 56 488563364
87 82 273107920
35 9 933790919
53 58 520220786
34 98 174646726
16 83 131274357
99 42 266239077
38 40 174494216
12 39 790163645
66 22 450703961
65 41 244115908
29 100 876277949
30 90 210871374
37 5 658325404
22 60 917206315
44 72 383646412
58 25 897374510
68 51 25630432
7 93 826358782
8 16 142526275
46 71 579606989
