100 99 2
65 55
94 41 912466367
80 36 351880208
3 89 779350033
28 52 899974459
50 65 766997286
100 59 717699263
73 22 8136811
79 78 197447177
2 10 891497577
94 28 697247352
83 16 538254284
89 38 495064760
51 20 733728925
3 96 233312300
3 6 456143888
60 67 303444719
62 60 387191536
70 48 35018095
58 57 409576978
54 50 658731273
25 35 12014420
55 56 535344462
31 42 353014316
88 43 86472442
79 62 725905148
49 73 693376922
100 46 389667111
49 94 816419964
22 18 157224514
33 34 749545477
62 69 796515012
27 74 69801938
56 75 494710809
88 77 860482554
65 25 1464475
28 26 582090012
39 31 741445851
55 81 939237448
76 90 203075909
40 95 482435808
51 61 853896812
54 5 527291291
55 19 728297406
22 68 994564734
45 23 841084066
73 92 791261028
5 82 646093115
79 87 85635665
80 12 716962772
50 97 967251450
55 45 20168802
14 2 524212919
81 80 713607239
82 21 964338836
51 66 316965781
54 79 561780815
79 13 752902197
75 3 234506310
79 84 993117107
50 37 416271131
31 63 774138983
90 70 633982217
62 98 206352282
99 51 657561683
65 8 17501495
83 14 941377345
20 11 944810379
73 76 342942800
16 91 156498862
46 71 326424816
82 86 872837468
77 53 605099465
84 27 84057603
15 24 692105406
25 4 877697575
82 33 838030715
42 100 753256734
52 99 576109945
52 55 224323452
45 40 494411379
65 1 507159049
52 9 233978988
82 72 257242269
65 47 964359309
49 83 210002244
27 64 210958918
54 58 161607210
76 54 404496351
61 32 396988392
2 85 891909814
73 88 944301871
41 30 391584539
39 7 755596859
82 15 430389079
73 39 635864853
79 17 326882794
88 29 590841076
41 93 709476955
72 44 686182365
