100 99 10
94 99 77 57 4 15 48 26 61 65
81 50 681093696
87 98 29529547
66 51 361252224
94 63 935714816
43 37 425157960
38 19 436660074
63 87 957165963
66 71 140582667
65 61 41638610
98 93 430170425
68 81 329624715
52 36 916424907
66 54 287872457
77 31 964931326
84 64 42696008
25 47 642903868
96 1 115123864
66 52 765707555
94 80 463340417
34 5 570872954
66 75 586886005
15 69 515257208
10 58 460808835
43 20 973005226
23 17 229989019
25 72 843235414
6 74 386553436
42 91 983469520
28 40 926610203
9 6 66446818
99 9 812654528
4 7 512298102
48 46 373182172
1 79 266694619
67 29 65180569
77 26 346218219
24 28 287234111
60 76 65699942
42 56 791122145
94 32 592927175
43 27 38871904
19 90 53601478
100 13 33344770
33 97 871363777
7 70 93796049
15 88 866849869
6 60 46405485
43 24 824451099
95 100 668575584
15 65 551782476
38 15 725654279
20 34 394815514
6 84 379520890
94 77 874018787
94 89 899008836
93 12 561813907
25 95 95680967
90 44 833903056
4 66 217860100
19 11 459747423
53 67 234685359
98 18 304188468
37 53 536159110
80 82 715655761
56 59 611296184
85 35 98246799
38 68 64236808
96 86 690098119
71 10 315139177
15 33 135406129
48 99 736777187
71 96 221617798
31 16 336090343
65 21 789122871
99 38 932175684
30 14 533104633
65 23 300199
45 3 193259296
26 22 240595122
77 45 456015520
71 49 178337314
4 48 928952037
63 43 864045165
77 85 3595889
52 30 470514284
7 25 136543274
4 39 395459806
88 8 7793360
7 83 46655142
4 94 785595046
48 73 159531990
39 41 328106601
32 42 661408475
89 78 471340038
61 57 459892048
37 62 450635366
18 2 621243958
54 55 82439180
57 92 635678516
