1000
353 349 435 982 494 37 650 273 148 997 282 176 343 581 244 613 527 880 308 623 456 442 679 117 137 469 485 800 920 715 1008 116 767 26 843 464 188 95 492 956 859 599 1020 512 384 933 940 305 154 29 528 823 679 268 880 642 902 385 186 996 657 260 148 998 338 590 377 1022 607 917 594 913 976 10 747 794 250 571 53 840 702 1007 910 479 351 543 48 482 276 361 892 755 291 581 829 666 643 680 755 853 368 89 145 9 25 895 105 390 836 815 58 322 840 1012 193 149 106 437 286 510 914 916 868 439 813 367 845 247 332 450 391 293 397 876 700 345 448 246 690 515 413 640 742 522 860 204 160 351 248 476 1010 12 560 203 402 903 942 737 366 628 860 26 752 254 318 295 953 388 867 904 800 361 76 918 936 793 738 603 124 441 682 404 448 575 114 933 115 201 891 806 130 944 1009 23 200 622 111 771 833 445 602 503 403 309 937 447 282 196 312 1006 614 668 1019 51 239 776 443 870 311 360 178 330 646 178 679 998 297 659 553 268 450 890 30 1001 967 121 308 125 971 616 434 64 904 995 566 210 734 71 302 808 264 940 393 393 350 810 471 945 721 533 744 863 39 498 41 658 193 106 200 60 291 656 125 332 621 71 394 502 506 691 240 163 640 759 954 922 959 194 362 874 454 679 701 933 959 782 347 500 10 325 423 692 596 880 722 103 385 247 340 217 880 215 537 858 753 638 845 321 498 294 336 187 859 226 820 659 532 207 975 450 275 733 907 856 798 733 1014 588 322 361 1019 255 282 633 9 873 993 1017 522 205 739 109 44 345 738 514 429 363 204 653 553 598 694 391 983 1010 162 706 401 743 708 767 846 960 864 962 48 156 49 629 559 926 196 329 479 131 449 406 345 870 376 532 898 436 608 685 689 256 100 288 114 372 482 232 98 930 786 123 415 379 448 257 515 125 518 829 561 366 1008 826 339 834 406 266 206 144 897 432 18 571 775 135 270 136 989 944 999 1013 799 869 162 548 633 363 635 554 561 220 903 245 105 111 714 190 563 509 655 821 764 137 221 816 813 47 50 476 357 294 531 54 706 330 603 834 493 758 710 508 716 541 320 963 323 555 792 503 1005 462 621 638 619 126 28 883 89 43 925 629 315 996 733 921 772 88 82 318 668 311 768 543 11 585 649 49 110 702 472 277 730 195 212 261 882 762 1007 878 480 450 648 654 590 859 535 150 215 838 63 769 836 672 924 57 504 678 219 89 929 885 778 427 574 1008 646 990 835 575 718 178 403 938 612 396 608 801 876 29 729 186 867 265 56 856 80 986 260 93 700 2 257 600 290 538 115 562 573 942 456 529 149 619 692 538 843 547 33 798 690 397 831 579 592 118 231 9 872 256 783 741 545 675 897 1022 824 345 763 431 602 433 295 142 919 500 254 837 199 525 432 767 975 430 385 984 138 485 254 109 143 642 46 535 813 344 765 281 804 19 486 244 599 176 261 712 461 850 828 846 588 584 753 519 759 650 130 738 11 118 515 552 72 158 932 150 733 237 228 106 895 624 46 32 138 497 515 436 485 400 572 216 1005 741 968 707 176 695 58 409 226 215 110 901 698 853 153 494 381 967 82 92 449 358 842 584 947 570 224 683 95 874 948 239 745 809 690 757 532 227 896 545 210 46 303 560 770 313 782 216 343 1018 670 188 156 67 795 653 141 723 534 60 176 923 297 906 571 364 750 762 194 858 562 498 775 800 790 482 573 359 171 372 365 292 922 141 436 547 439 359 888 648 272 785 607 383 684 895 878 777 753 446 790 884 700 224 901 202 1024 825 659 640 424 899 978 633 492 947 21 886 877 485 550 654 894 604 520 384 464 784 759 156 715 148 47 274 49 139 750 452 586 601 625 208 435 185 109 201 889 147 525 879 638 759 244 897 209 224 682 395 130 996 217 435 581 683 41 553 1022 877 503 772 596 439 912 259 164 723 962 121 459 548 889 403 777 127 229 641 386 380 639 397 973 865 380 230 929 229 27 542 989 38 295 260 912 211 533 644 890 498 280 871 588 351 958 800 739 180 243 526 629 1019 100 1 724 753 512 1003 426 446 585 353 946 202 101 648 540 746 951 487 295 703 414 755 700 774 1016 148 364 338 975 776 86 453 186 586 414 34 274 871 548 197 550 224 866 533 656 963 6 452 731 906 913 209 665 544 391 361 282 811 879 200 351 441 751 677 665 357 8 242 851 778 33 653 149 382 152 649 266 347 692 104 403 514 36 154 66 852 530 563 490 582 781 918
1000
723 766
539 497
554 429
546 539
106 797
859 26
632 954
808 1006
423 562
172 22
652 1018
543 536
281 454
13 764
222 20
327 977
932 931
32 551
656 500
281 148
134 464
597 816
315 961
206 24
898 663
62 1006
385 996
31 599
641 129
12 636
320 263
533 906
442 599
815 306
164 531
74 41
721 802
633 681
973 560
125 239
556 555
915 443
612 199
937 723
398 763
389 383
145 386
558 782
431 347
769 337
935 74
757 795
321 340
79 199
61 327
151 177
452 816
73 955
773 226
309 458
434 886
600 583
248 965
977 159
851 752
636 195
767 729
91 937
208 679
559 969
275 838
323 416
75 997
2 48
789 630
332 382
516 49
502 787
550 529
710 636
804 341
26 459
206 1
474 19
365 346
922 495
840 622
786 508
831 650
589 346
531 961
877 47
68 876
765 548
417 677
446 742
908 714
395 678
843 512
212 666
856 942
215 378
818 254
338 3
474 351
451 375
639 773
952 27
794 872
543 440
195 961
424 27
338 400
229 406
38 792
937 380
754 993
766 168
827 310
373 503
899 677
362 713
305 642
830 900
599 611
924 17
763 933
500 93
422 998
730 218
608 393
103 763
730 53
943 443
394 342
370 535
491 155
180 911
250 118
430 169
410 671
218 878
801 145
186 491
169 12
905 690
176 913
592 342
952 745
155 754
544 927
762 675
17 385
329 521
617 803
800 459
707 603
587 528
62 198
650 774
378 66
771 350
422 882
59 718
916 574
833 654
795 592
435 476
348 919
199 120
398 200
68 296
611 984
678 565
480 643
141 492
913 713
574 799
666 875
465 418
135 114
369 718
973 937
975 512
175 286
488 283
426 933
938 258
137 341
899 543
385 8
26 223
998 479
676 564
469 444
992 17
472 967
779 498
221 490
838 337
967 85
531 562
572 506
203 920
173 274
891 13
617 918
817 542
714 966
524 221
302 166
114 94
359 636
280 570
668 852
398 527
166 892
136 509
875 520
710 810
359 335
572 576
446 876
907 1002
475 702
894 346
741 616
158 198
948 721
79 486
560 550
913 632
491 211
175 701
850 526
411 505
823 76
864 758
82 458
279 129
803 261
851 492
954 322
157 907
376 775
712 823
387 160
198 206
750 667
417 688
398 76
483 580
998 74
359 113
188 240
405 549
26 221
10 210
990 884
21 748
194 349
803 108
212 258
325 848
551 787
733 24
217 770
692 587
11 904
111 240
4 798
541 790
214 133
611 76
288 831
152 297
10 19
841 965
972 397
998 62
831 123
947 309
954 113
336 78
478 70
170 691
747 661
840 402
241 573
470 666
32 738
885 130
232 361
89 899
657 128
290 473
573 275
916 69
929 728
503 654
216 197
695 1019
776 404
396 987
258 70
132 509
406 157
220 824
589 928
507 484
85 27
488 607
777 796
198 906
750 119
263 842
96 835
430 775
203 603
563 47
745 222
843 180
427 688
942 906
656 247
495 298
375 670
568 18
179 213
763 323
154 911
98 194
782 514
144 535
268 811
853 209
671 584
437 255
589 859
994 952
497 942
606 917
528 586
506 306
140 126
698 944
204 606
951 310
850 833
755 875
339 579
360 1022
299 705
290 287
870 223
936 515
456 517
815 867
326 350
615 1021
275 88
660 274
36 806
398 742
524 321
945 324
585 483
174 1016
645 138
776 850
774 379
168 169
606 573
570 726
939 538
670 693
280 673
960 936
627 38
487 19
77 577
226 481
29 75
310 765
701 484
65 474
715 880
179 492
386 661
943 45
742 702
671 921
268 411
533 434
711 927
883 764
20 129
180 898
423 955
768 848
900 270
500 758
871 252
160 12
244 333
999 424
608 395
922 233
645 901
902 368
90 976
769 482
225 577
329 103
880 628
941 814
681 72
514 231
769 97
127 327
172 165
721 392
455 191
656 230
717 672
496 291
68 760
233 771
965 449
744 721
815 693
92 217
164 467
513 491
202 990
816 991
451 734
517 523
605 669
168 463
547 298
133 777
51 858
964 161
62 322
25 255
484 702
645 655
813 1006
755 68
800 435
220 531
904 566
91 371
170 354
130 484
696 357
220 356
417 819
672 251
662 771
509 305
127 208
200 659
532 217
399 562
581 33
226 547
867 239
396 512
780 848
158 869
779 400
381 628
141 197
47 593
189 324
442 423
440 809
566 802
474 724
109 499
8 359
210 591
860 329
599 496
349 677
477 146
635 1004
880 119
583 591
793 740
521 582
674 162
712 11
533 638
710 32
438 457
161 965
980 216
468 386
540 901
363 420
398 940
531 695
630 431
775 529
660 243
788 71
701 97
238 438
231 742
89 763
953 1011
969 379
241 1021
234 988
332 254
257 650
489 754
248 51
782 91
222 587
842 702
469 393
937 804
50 616
300 666
617 423
534 689
727 202
408 510
430 662
509 155
828 921
511 164
828 671
1000 699
531 318
954 645
476 75
776 811
269 99
674 986
200 612
965 67
859 1008
153 284
328 1009
761 156
582 783
774 771
918 60
613 784
318 297
740 649
762 718
785 695
342 486
579 231
205 880
799 746
109 303
956 917
25 555
55 834
470 815
368 78
982 840
371 921
536 76
233 265
365 849
820 7
509 305
518 0
656 781
786 229
142 711
378 939
152 902
368 716
628 566
260 709
980 517
220 662
135 232
847 69
431 20
970 347
562 133
659 869
442 890
105 116
181 758
577 925
845 577
90 378
72 614
587 168
993 691
799 583
501 315
912 637
280 855
929 243
318 544
507 342
130 759
913 983
874 1022
148 428
16 157
839 397
611 509
371 55
452 912
405 237
882 903
67 498
998 858
275 272
799 68
941 20
984 965
355 335
861 30
56 23
978 216
942 324
844 830
982 947
989 734
245 198
684 523
249 226
931 606
1000 1008
47 305
745 478
708 34
648 795
887 407
158 285
41 308
952 735
131 102
643 347
300 731
126 20
349 776
489 400
38 674
246 982
782 805
455 244
742 592
623 891
262 679
567 769
304 1008
867 158
192 951
547 879
74 458
515 279
4 188
691 569
735 614
751 767
426 98
655 918
375 143
313 175
196 400
810 0
324 844
985 193
52 879
389 48
670 488
289 525
361 361
87 286
966 1003
602 941
157 807
322 5
406 285
684 248
81 145
696 604
607 393
105 393
238 464
944 477
912 375
34 312
244 847
637 128
196 367
679 30
166 436
415 128
28 572
122 661
715 490
71 84
255 230
4 309
870 282
567 694
441 694
37 215
518 172
134 670
824 308
359 661
125 586
391 839
471 555
578 966
100 988
537 40
551 931
368 517
996 907
399 251
519 997
754 810
902 962
881 441
914 378
824 335
139 807
24 666
73 810
428 716
683 166
85 24
948 0
975 570
241 869
490 748
844 836
481 626
924 720
998 15
811 127
604 653
678 653
516 186
833 890
953 485
841 648
180 613
791 62
736 18
276 743
727 714
839 788
115 238
65 22
926 994
674 133
971 144
608 700
730 998
807 346
856 851
956 962
780 334
265 668
524 463
357 82
78 724
665 404
959 222
699 468
823 881
447 971
883 407
49 498
546 606
892 778
513 341
526 661
999 787
481 346
121 433
404 484
383 330
896 260
629 130
452 587
395 252
450 145
150 995
199 625
573 610
823 714
972 556
38 319
644 501
656 696
697 502
674 479
27 109
54 932
350 539
820 954
938 708
811 279
931 434
764 632
745 563
952 730
242 22
420 514
204 50
132 247
107 224
758 642
217 636
243 949
56 999
393 97
530 776
195 926
354 326
279 71
960 16
311 379
593 341
593 798
125 12
567 597
984 174
56 526
841 439
61 886
765 40
381 640
941 8
169 613
732 222
496 543
546 569
885 236
596 41
388 721
345 963
264 277
942 928
632 705
395 94
62 295
428 286
487 88
130 4
325 940
671 699
16 574
469 750
56 878
680 720
77 861
463 405
632 884
279 1014
831 733
784 177
917 776
750 263
543 40
729 317
960 436
853 283
798 742
515 112
162 831
614 908
396 769
487 964
933 948
210 1009
796 161
95 241
602 858
914 549
573 48
634 498
857 699
390 576
298 599
755 254
515 673
439 156
354 1021
818 143
617 19
624 464
847 590
624 861
157 92
295 695
74 689
846 99
704 259
488 105
460 719
381 728
753 979
274 64
342 146
967 566
819 723
839 979
8 546
179 566
23 78
560 253
997 489
460 720
653 716
181 471
812 656
930 62
238 277
504 184
592 767
262 761
788 564
449 59
280 607
977 954
879 368
282 824
6 26
524 890
776 596
828 200
947 985
665 881
985 168
647 69
792 388
719 281
10 116
13 327
894 324
521 555
13 515
39 935
438 899
639 159
562 477
565 894
960 234
250 688
866 202
377 294
391 609
459 725
191 981
844 311
834 274
147 968
385 70
246 138
131 613
348 129
346 934
385 56
251 4
173 59
986 957
533 411
363 983
841 621
122 662
348 587
668 7
688 721
612 633
583 33
311 767
346 352
208 495
878 310
613 869
571 594
96 961
43 996
287 36
177 546
804 760
479 707
357 101
814 391
