0
0
0
32768
0
256
0
8388608
8388608
0
134217728
65536
0
0
2048
133120
655360
524288
0
1
0
1024
1024
268435456
268435456
0
0
0
0
2097152
0
256
0
0
0
0
16777216
0
0
0
0
0
0
0
0
0
0
1048576
512
768
256
0
0
0
0
0
0
1024
0
0
0
0
0
0
0
256
0
0
0
0
0
32768
0
32
2097152
2097152
2097152
2097152
0
0
4194304
4194304
67108864
0
0
0
0
0
0
131072
0
0
524288
0
0
16384
0
1048576
8192
0
0
0
67108864
67108864
67108864
0
32
0
0
0
0
0
0
4
0
512
0
0
2048
2048
0
0
536870912
524288
0
0
262144
0
0
0
16384
0
16777216
16777216
0
0
0
0
0
0
0
0
16384
147456
16448
16384
16384
16384
65536
0
0
0
32
32
48
32784
2064
16
0
0
0
0
0
0
0
0
0
0
0
32
32
0
2097152
2097152
2097152
1024
1024
0
0
0
0
0
0
0
0
0
0
262144
262144
0
0
2048
0
32768
32784
32768
0
4
4
0
0
0
0
0
0
0
67108864
335544320
67108864
0
0
0
0
0
33554432
33555456
1024
0
0
0
0
0
0
0
0
0
0
0
0
0
8192
8192
2105344
3145728
2097152
0
16777216
2048
133120
2048
16384
16384
16384
0
8388608
0
0
0
0
0
0
0
0
0
0
0
0
0
0
4
1024
1024
9216
8192
268443648
8192
0
0
524288
524288
524288
0
0
0
0
0
0
0
0
0
0
0
0
0
0
0
0
0
0
256
0
0
0
2097152
0
0
67108864
0
0
0
4
4
0
8192
16785408
8192
8192
0
8
0
262144
262144
262144
0
0
0
0
0
4096
135168
4096
4096
0
0
0
0
0
0
2
2
32770
2
64
64
64
64
0
0
67108864
0
0
1024
132096
131072
131072
512
268435968
268435456
268435456
0
0
0
16
262144
262144
262144
0
0
64
0
0
0
0
0
0
0
33554432
0
0
0
0
0
0
0
0
0
0
0
4096
4096
4096
2097152
0
16
0
0
0
0
0
0
0
0
0
0
0
0
0
4194304
8388608
8388608
8388608
131072
131072
131072
0
0
0
0
0
0
0
8
0
0
0
64
64
65600
64
0
4096
16777216
16777232
16777216
0
0
0
0
0
0
0
0
0
0
0
8
8
8
9
8
8
4194312
8
0
524288
0
0
0
0
33554432
0
4194304
4196352
4194304
4194304
4194304
4194304
0
0
0
0
0
0
0
0
0
0
0
0
0
256
256
256
272
16
8192
8320
128
128
524288
8912896
8388608
0
0
2048
0
0
4
20
16
0
0
4096
4096
4096
0
0
2
2
0
0
32
0
33554432
33554432
33554432
67108864
0
1048576
1048576
0
0
4
0
0
2097152
0
0
0
4096
268435456
128
0
0
0
0
0
1
0
0
131072
0
0
8192
8192
8192
0
0
0
0
0
536870912
536870912
0
32768
32768
0
0
0
0
0
0
0
0
0
128
130
128
128
128
128
0
0
0
0
2097152
2097152
2097152
0
0
4096
0
0
16384
16384
4
0
0
0
0
0
0
0
0
0
0
0
8192
0
268435456
256
256
0
32
0
32768
0
0
0
0
0
0
0
0
0
16777216
17825792
1048576
2
0
0
16384
16384
0
0
128
128
128
0
0
0
0
4194304
0
8388608
8388608
8912896
67633152
67108864
0
0
32
0
0
0
4096
0
8192
8192
8192
8192
0
16
16
0
0
0
0
64
64
64
64
0
268435456
0
0
0
0
0
0
0
0
0
0
0
0
0
0
0
0
536870912
0
0
4
0
0
0
0
8
0
0
0
0
0
0
256
256
32
0
0
0
32
1024
1025
1
9
8
0
0
0
0
0
0
16777216
0
131072
0
4096
0
0
262144
262148
262144
262144
0
134217728
0
0
0
0
0
2097152
0
32
0
0
0
0
16384
0
0
128
128
128
0
0
0
0
0
0
131072
131328
131072
131072
131072
131072
131072
132096
131072
131072
131072
0
32
0
0
0
0
0
0
0
0
0
0
0
128
1024
536870912
0
0
0
0
16384
0
0
0
0
0
0
0
4194304
4194304
0
0
1048576
0
0
0
33554432
33554432
0
0
0
0
16384
16384
16400
16
2097168
1040
16
512
0
0
0
0
0
0
0
0
0
0
0
8
0
134217728
135266304
134217728
2097152
536870912
536870912
536870912
536870912
603979776
536870912
0
0
0
0
0
0
32768
0
1
0
0
0
0
16384
0
16777216
16777216
16777728
16777280
4160
4096
4096
4096
0
524288
0
0
0
262144
16
0
0
0
0
32
8224
8192
8320
536879104
536870912
0
0
0
512
0
0
0
0
0
0
0
0
0
0
0
0
0
0
0
2097152
0
16384
0
0
0
1048576
67108864
0
16
16
4112
4096
4096
1052672
1048576
0
0
0
128
128
128
2048
2048
2048
2048
0
0
0
0
0
0
0
0
0
8388608
8388608
276824064
268435456
268435456
0
512
512
524800
512
512
0
0
0
8192
8448
8192
24576
8200
40960
32784
16
0
0
0
1048576
1048576
1048576
0
0
0
0
0
0
0
0
0
0
0
0
0
0
0
0
0
2
0
0
0
0
0
0
0
0
4
4
0
1048576
1081344
32768
0
0
0
0
0
33554432
33554432
0
0
256
256
0
0
0
8192
2105344
8192
0
0
0
0
0
0
