1
790716086
1000
1 349591717
1 679962482
1 256044616
1 467116477
1 399930701
1 442178852
1 882693938
1 290485836
1 525460574
1 462252217
1 1017574338
1 48857166
1 1012059851
1 992910114
1 913960669
1 666014009
1 453283724
1 435032173
1 537384546
1 352306378
1 619957766
1 822047551
1 794945538
1 707537434
1 1068594001
1 1043201836
1 536914506
1 498885540
1 87233517
1 386325764
1 16665506
1 7545555
1 928171654
1 711711625
1 222555503
1 1058522465
1 81205637
1 74102120
1 957971664
1 441274935
1 1072361832
1 383401452
1 922243897
1 489736167
1 775205384
1 877592870
1 771093221
1 645932111
1 159705291
1 302699264
1 504137734
1 493081562
1 739852859
1 738413364
1 937633605
1 976876762
1 167522602
1 1057807774
1 1000817206
1 763293608
1 752566542
1 881146580
1 914120086
1 1006660894
1 875990242
1 671194761
1 253046829
1 889304951
1 1024466907
1 236604763
1 189711530
1 845507259
1 784048957
1 988188733
1 601753444
1 798177112
1 582306613
1 296855343
1 623250127
1 88677855
1 152707650
1 325537272
1 358853175
1 330718228
1 422998306
1 572828826
1 534874270
1 74975206
1 1054118523
1 216595565
1 793244462
1 1002269624
1 847518771
1 294761964
1 57767442
1 32374641
1 377356211
1 217599595
1 881062523
1 791575640
1 222363732
1 568255124
1 696842713
1 15997900
1 335204363
1 688307851
1 1051573707
1 467084050
1 344260240
1 183227005
1 1055975512
1 983940765
1 168167643
1 706964102
1 669056491
1 318234647
1 395119276
1 254149116
1 321851250
1 488002586
1 453684630
1 369520045
1 183025011
1 405434086
1 656099848
1 658441503
1 47685180
1 619848869
1 464861174
1 510303495
1 793953483
1 599620454
1 157000564
1 601503701
1 340700820
1 676615464
1 190193490
1 551503049
1 959531511
1 54737535
1 161943913
1 256385341
1 961239796
1 237421369
1 565920210
1 846248022
1 724563054
1 95239966
1 329460009
1 719331691
1 66272117
1 423601954
1 541073577
1 921646689
1 1053986104
1 1065392512
1 481694296
1 145581529
1 354005174
1 295142106
1 149155766
1 570351509
1 981609013
1 344647893
1 404730434
1 181539962
1 1015275842
1 520571837
1 527346870
1 410615409
1 207692020
1 228241896
1 186202282
1 101249747
1 608577593
1 891230093
1 52660596
1 944763279
1 303963746
1 748986429
1 593098310
1 463129952
1 598799499
1 685445057
1 908306622
1 23491783
1 1019139613
1 1039052537
1 111230872
1 191022583
1 978076293
1 335556894
1 1047107197
1 356909372
1 277867106
1 36619490
1 743042350
1 573084664
1 646693873
1 911087161
1 333785855
1 68134929
1 31214158
1 738127220
1 54045905
1 912847618
1 507732947
1 7902152
1 580902947
1 108142195
1 344684305
1 42345014
1 615955509
1 709546274
1 541925318
1 222359220
1 928378159
1 655028417
1 289408443
1 512097066
1 197687425
1 969501844
1 916955330
1 431002743
1 73527633
1 751902052
1 278528678
1 862981753
1 41307289
1 151745244
1 621753718
1 112214397
1 699187545
1 913158211
1 778306341
1 980742626
1 527409387
1 197116435
1 204345178
1 561770153
1 930272204
1 955148327
1 779750948
1 347486370
1 1017113618
1 576796903
1 986939007
1 59592922
1 511666722
1 871138752
1 943785789
1 109416382
1 676180074
1 22865321
1 459203277
1 817561206
1 210050929
1 1052183754
1 730143824
1 912877028
1 812643698
1 206505121
1 697633789
1 867444360
1 766001626
1 606983986
1 475881240
1 996476634
1 421063621
1 113135493
1 229310792
1 551860883
1 124376142
1 550411966
1 876457829
1 746114378
1 794848248
1 570039790
1 870981142
1 124083389
1 795340921
1 592117572
1 212210745
1 407849535
1 436067852
1 853742202
1 236262623
1 100223018
1 46411719
1 197637139
1 934952616
1 465580513
1 689332642
1 810392346
1 207746683
1 822082188
1 59435237
1 618310492
1 217736130
1 89746181
1 58483062
1 712425652
1 37152559
1 458856558
1 781814217
1 745828783
1 993932388
1 556160283
1 362006701
1 414314219
1 673233039
1 941348611
1 726605771
1 740703425
1 888968178
1 508938403
1 647734359
1 474291772
1 530071588
1 227686748
1 182229471
1 654615183
1 37952697
1 704230113
1 206654431
1 356947522
1 22920456
1 181438506
1 184208348
1 983710891
1 37597128
1 15889860
1 642506501
1 20466849
1 612389801
1 159026466
1 324251809
1 186156523
1 427757110
1 1051610892
1 935350177
1 670415370
1 581273407
1 911877951
1 166169925
1 895263472
1 932028925
1 970810425
1 121426472
1 732234726
1 369440892
1 752241872
1 681345127
1 390546598
1 90148900
1 735745202
1 574761110
1 484586006
1 452239301
1 904283665
1 204885
1 700648864
1 1060174930
1 1055271517
1 246849827
1 734881867
1 119941627
1 1040819140
1 304233975
1 943150996
1 870687863
1 439141154
1 981244081
1 161885750
1 1043658362
1 750937974
1 733589258
1 427777823
1 708157256
1 645396307
1 120955475
1 299423858
1 8237855
1 56879230
1 510377593
1 674000556
1 145802683
1 558909290
1 362249511
1 119990657
1 6700667
1 178457621
1 1008979556
1 505351887
1 968449848
1 264326468
1 983266667
1 262112244
1 401252884
1 257405909
1 148392389
1 804510567
1 157384923
1 354701484
1 698976897
1 1035953617
1 107848696
1 388409964
1 1016404100
1 27436099
1 1072624892
1 58613350
1 292263914
1 477211205
1 291733043
1 902378337
1 334594155
1 978862393
1 397643289
1 233314784
1 818071974
1 828789934
1 719287897
1 885452047
1 835756948
1 927197887
1 353204945
1 425502637
1 744273218
1 436889845
1 155130552
1 742064180
1 798330153
1 228365231
1 380614651
1 402997437
1 1020794364
1 505536718
1 820435513
1 683562240
1 781672466
1 1037061976
1 418180226
1 650887062
1 1060645834
1 294911100
1 822920082
1 294395530
1 817756716
1 615851321
1 900234611
1 920380629
1 498299207
1 839713950
1 366402321
1 60516226
1 543317919
1 622943302
1 685952952
1 721995382
1 192461235
1 29898772
1 2317595
1 843811473
1 129185425
1 753609828
1 247658997
1 866366952
1 162094663
1 161712905
1 713557986
1 684085147
1 670275644
1 1015523782
1 342661345
1 690479473
1 191850358
1 360285887
1 400984726
1 851966679
1 23702379
1 130002324
1 175673741
1 238329880
1 962860393
1 328354869
1 207773946
1 118258168
1 235716504
1 811563174
1 687650946
1 311985187
1 846927091
1 122249000
1 150184633
1 49321180
1 637658255
1 282353303
1 1000126681
1 12684614
1 492012277
1 332811917
1 33539600
1 554286557
1 337423163
1 629035793
1 814746717
1 907231573
1 899141187
1 473632872
1 504691306
1 841542193
1 371602713
1 837122606
1 817829154
1 404553150
1 22837194
1 890655186
1 156238587
1 76413145
1 438159770
1 28075649
1 778565752
1 265599588
1 452207264
1 561768352
1 207433568
1 1039060434
1 29280869
1 420440591
1 272984231
1 511046581
1 151825719
1 350378363
1 231404527
1 770763780
1 442732681
1 844253729
1 516476609
1 301857656
1 751935096
1 162540580
1 11162868
1 786473801
1 414564528
1 542815615
1 213082423
1 516208127
1 952518069
1 777451775
1 575953537
1 147143526
1 588624647
1 128391265
1 1017657570
1 552450505
1 811931703
1 230555477
1 69034211
1 707261246
1 764256406
1 1055957231
1 881151702
1 88820699
1 954098676
1 200598258
1 331694844
1 416199241
1 345978251
1 906920084
1 436100874
1 951580670
1 880354999
1 387946288
1 283368591
1 1031305269
1 66702223
1 1010831980
1 706166239
1 913479341
1 326797616
1 393484323
1 820607514
1 992601718
1 654393328
1 276542806
1 388915032
1 807974588
1 275197947
1 128606474
1 998996943
1 776463013
1 271996901
1 519957923
1 989531119
1 103749105
1 659403653
1 940986855
1 757860551
1 769192739
1 527496261
1 132825526
1 81220573
1 566639254
1 649727141
1 857615679
1 862435926
1 865919532
1 413222909
1 23234331
1 422619278
1 1070163272
1 801739756
1 894974507
1 895463672
1 331207338
1 491712845
1 318850249
1 931718930
1 266048657
1 559618133
1 823795684
1 1034704424
1 1004970162
1 722094789
1 951166614
1 573979918
1 54928303
1 110708960
1 373506796
1 717756164
1 98296094
1 49357707
1 967095091
1 492540067
1 964069683
1 77164538
1 614097173
1 264705675
1 903440725
1 1015386791
1 588231215
1 70571178
1 903567866
1 285255762
1 163439515
1 203304277
1 776567631
1 1001231567
1 32582242
1 234543563
1 62514051
1 670534116
1 495505728
1 725003070
1 806055709
1 225499288
1 342118180
1 155755752
1 1052283685
1 360597634
1 84198317
1 473753385
1 449795123
1 735193845
1 359584999
1 714861402
1 837532129
1 880532976
1 99526018
1 323540820
1 189685000
1 943818276
1 849426142
1 726716550
1 876498080
1 952939124
1 99432454
1 731592148
1 930528073
1 326023563
1 112715563
1 72657269
1 308952450
1 890694414
1 766228081
1 589191349
1 634373038
1 698790359
1 849138925
1 507802634
1 1009452192
1 865533364
1 466347887
1 1052109472
1 619477460
1 715176698
1 695080799
1 448983852
1 205134979
1 682098264
1 225059466
1 1019717927
1 242522763
1 861231377
1 701540131
1 482627591
1 366145821
1 270086467
1 15594896
1 203414036
1 851836192
1 645637444
1 89754634
1 1003411098
1 275431733
1 472051972
1 544261843
1 355015961
1 400850118
1 302114476
1 735890090
1 644284531
1 988117395
1 691008061
1 972000128
1 296829127
1 411524911
1 78784527
1 787127410
1 1018851449
1 506238560
1 369103129
1 158806021
1 40636583
1 545694389
1 752926527
1 460992522
1 47646253
1 874252052
1 833203670
1 685598311
1 314491066
1 449694808
1 756661274
1 27320563
1 589830437
1 100557397
1 954685809
1 272373907
1 509857326
1 59395452
1 529952755
1 671843349
1 11142413
1 549817236
1 99735345
1 880176182
1 709356536
1 738673039
1 238475544
1 727747376
1 480043931
1 936203805
1 805953887
1 971857613
1 982568386
1 378082240
1 287375866
1 20064495
1 995445270
1 159250567
1 354272762
1 572724690
1 395014400
1 910401477
1 398037650
1 855614691
1 249270843
1 846941365
1 618752294
1 567749278
1 535316789
1 1010399136
1 854071292
1 29208193
1 185560238
1 853872690
1 1053936998
1 970022758
1 727184776
1 938282081
1 942760857
1 453413695
1 1046520820
1 207685779
1 494055009
1 680462069
1 55592917
1 637805796
1 959706689
1 654045505
1 218766264
1 282118502
1 437971384
1 289839224
1 567581829
1 917749292
1 98885393
1 419450743
1 506519290
1 962985666
1 136990014
1 1034272710
1 1065325886
1 692003962
1 612155099
1 210267440
1 744430044
1 389152886
1 489821490
1 803594562
1 857900199
1 748693230
1 214239214
1 598122677
1 214697186
1 688944715
1 975112488
1 995517328
1 745687197
1 963991773
1 78574918
1 765333156
1 914027753
1 918235699
1 814907094
1 139240919
1 441670928
1 654141674
1 610262147
1 292710612
1 197381636
1 604334424
1 692653590
1 1020408866
1 356213694
1 1064204251
1 70157940
1 407649716
1 241516819
1 515810126
1 273033807
1 738465560
1 72144666
1 213073606
1 105417523
1 321811371
1 146783952
1 42887739
1 30500735
1 586279259
1 233678500
1 625969460
1 708132783
1 899508376
1 471931301
1 610984794
1 901857829
1 558415371
1 948582677
1 534696083
1 773157222
1 827464582
1 859625321
1 1005049237
1 194430262
1 548946875
1 134612130
1 819987099
1 531220864
1 491187099
1 800983596
1 637569156
1 815806517
1 898923383
1 977420042
1 353598038
1 143418676
1 188876213
1 1027626006
1 232441313
1 497200460
1 966031433
1 272580416
1 1048299063
1 853626030
1 240299503
1 630849447
1 129241060
1 500500256
1 216426183
1 400452844
1 359751252
1 720723443
1 1028546181
1 245691570
1 88163866
1 206923944
1 187936681
1 67100207
1 774156691
1 70002507
1 744298987
1 267949420
1 297851339
1 817950310
1 619997127
1 300863802
1 191639834
1 475389561
1 860547685
1 653610220
1 56692561
1 532138986
1 743814558
1 488787953
1 353805290
1 991437062
1 606211070
1 478064022
1 404846738
1 749438172
1 724020152
1 192467516
1 178546330
1 368440551
1 310591634
1 93055655
1 652617625
1 860521414
1 1058947907
1 32809618
1 879811133
1 913222960
1 929251656
1 364712951
1 811468112
1 585286470
1 968942376
1 600564428
1 493629534
1 699834306
1 466799065
1 286262699
1 162988233
1 384452529
1 346267428
1 464805119
1 610943997
1 207796155
1 543910712
1 733347570
1 319164381
1 433067092
1 220358713
1 412635076
1 318991026
1 1071055562
1 346178370
1 485752144
1 335929406
1 787316091
1 973075149
1 407685369
1 929694625
1 1065997166
1 195173948
1 986648178
1 890010742
1 379928795
1 986166478
1 638840879
1 41537702
1 50922454
1 908276635
1 478399496
1 56333731
1 847060116
1 755732357
1 793261070
1 517795272
1 308172297
1 953548626
1 439345720
1 648446996
1 920692773
1 762341414
1 390956474
1 958079842
