-1
536870912
671088640
-1
-1
-1
-1
-1
-1
536870912
537133056
-1
-1
536870912
536870912
536870912
536870912
536870912
536870912
134217728
8388608
536870912
536870912
0
33554432
67108864
67108864
33554432
0
536870912
536870912
67108864
75497472
545259520
545259520
8388608
41943040
75497472
75497472
41943040
-1
545259520
545259520
8388608
142606336
545259520
545259520
545259520
536870912
536870912
536870912
-1
-1
536870912
536870912
-1
-1
-1
-1
-1
-1
671088640
536870912
-1
-1
671088640
805306368
-1
-1
-1
-1
-1
-1
805306368
805306368
-1
-1
536870912
805306368
671088640
671088640
671088640
671088640
134217728
-1
671088640
671088640
-1
-1
-1
-1
-1
134217728
671088640
671088640
-1
-1
570425344
805306368
-1
-1
-1
-1
-1
-1
805306368
805306368
-1
-1
536870912
805306368
536870912
536870912
536870912
536870912
-1
-1
603979776
603979776
-1
-1
-1
-1
-1
-1
671088640
536870912
-1
-1
536870912
805306368
-1
-1
-1
-1
-1
-1
805306368
805306368
-1
-1
536870912
805306368
536870912
603979776
603979776
603979776
201326592
-1
603979776
603979776
-1
-1
100663296
67108864
-1
67108864
603979776
603979776
67108864
-1
536870912
536870912
0
-1
-1
-1
-1
-1
536870912
536870912
-1
-1
536870912
536870912
536870912
536870912
536870912
536870912
-1
-1
536870912
536870912
-1
-1
-1
-1
-1
-1
536870912
536870912
-1
83886080
603979776
603979776
67108864
-1
67108864
100663296
-1
-1
603979776
603979776
-1
201326592
603979776
603979776
603979776
570425344
570425344
570425344
167772160
-1
570425344
570425344
-1
33554432
100663296
100663296
33554432
33554432
570425344
570425344
100663296
100663296
570425344
570425344
33554432
50331648
100663296
100663296
33554432
-1
570425344
570425344
-1
167772160
570425344
570425344
570425344
603979776
603979776
603979776
201326592
-1
603979776
603979776
-1
-1
67108864
67108864
-1
67108864
603979776
603979776
67108864
0
-1
-1
0
0
0
0
0
0
-1
-1
0
134217728
-1
-1
-1
-1
-1
-1
134217728
0
-1
-1
0
0
67108864
67108864
16777216
0
-1
-1
67108864
67108864
-1
-1
0
0
67108864
67108864
0
0
-1
-1
0
134217728
-1
-1
-1
-1
-1
-1
134217728
0
-1
-1
0
0
33554432
0
0
0
-1
-1
16777216
134217728
134217728
134217728
134217728
134217728
134217728
134217728
134217728
134217728
-1
-1
134217728
134217728
134217728
-1
134217728
-1
-1
-1
268435456
268435456
-1
-1
268435456
268435456
268435456
268435456
268435456
0
-1
-1
268435456
0
-1
-1
0
0
0
33554432
0
0
-1
-1
0
134217728
-1
-1
-1
0
-1
0
0
0
-1
-1
0
0
0
0
0
0
-1
0
0
0
0
134217728
0
0
0
0
0
0
-1
-1
0
0
0
0
0
0
-1
0
0
0
-1
-1
0
0
0
0
0
0
-1
33554432
0
0
-1
-1
0
0
0
0
0
0
-1
-1
0
0
-1
-1
-1
134217728
-1
0
0
0
-1
-1
0
0
0
0
0
0
-1
134217728
0
262144
262144
134479872
262144
262144
262144
262144
262144
262144
-1
262144
262144
262144
262144
262144
262144
-1
-1
-1
134217728
0
-1
-1
0
33554432
67108864
67108864
33554432
0
-1
-1
67108864
67108864
-1
-1
0
33554432
67108864
67108864
33554432
0
-1
-1
8388608
134217728
-1
-1
-1
0
0
0
0
0
262144
0
0
0
0
0
0
0
134217728
0
0
0
0
134217728
0
0
0
0
0
0
0
-1
0
0
0
0
0
-1
-1
-1
134217728
8388608
-1
-1
0
33554432
67108864
67108864
33554432
0
-1
-1
67108864
67108864
-1
-1
0
33554432
67108864
67108864
33554432
0
-1
-1
0
134217728
-1
-1
-1
0
0
0
0
0
0
0
0
0
0
0
0
0
134217728
0
0
0
134217728
-1
0
0
0
0
0
0
-1
-1
0
0
0
-1
134217728
-1
-1
-1
0
0
-1
-1
0
0
0
0
0
0
-1
-1
0
0
33554432
-1
0
0
0
0
0
0
-1
-1
0
0
0
-1
0
0
0
0
0
0
-1
-1
0
0
0
0
0
0
134217728
0
0
0
0
-1
0
0
0
0
0
0
-1
-1
0
0
0
-1
0
-1
-1
-1
134217728
0
-1
-1
0
0
33554432
0
0
0
-1
-1
0
268435456
-1
-1
0
268435456
268435456
268435456
268435456
268435456
-1
-1
268435456
268435456
-1
-1
-1
134217728
-1
134217728
134217728
134217728
-1
-1
134217728
134217728
134217728
134217728
134217728
134217728
134217728
134217728
134217728
16777216
-1
-1
0
0
0
33554432
0
0
-1
-1
0
134217728
-1
-1
-1
-1
-1
-1
134217728
0
-1
-1
0
0
67108864
67108864
0
0
-1
-1
67108864
67108864
-1
-1
0
16777216
67108864
67108864
0
0
-1
-1
0
134217728
-1
-1
-1
-1
-1
-1
134217728
0
-1
-1
0
0
0
0
0
0
-1
-1
0
67108864
603979776
603979776
67108864
-1
67108864
67108864
-1
-1
603979776
603979776
-1
201326592
603979776
603979776
603979776
570425344
570425344
570425344
167772160
-1
570425344
570425344
-1
33554432
100663296
100663296
50331648
33554432
570425344
570425344
100663296
100663296
570425344
570425344
33554432
33554432
100663296
100663296
33554432
-1
570425344
570425344
-1
167772160
570425344
570425344
570425344
603979776
603979776
603979776
201326592
-1
603979776
603979776
-1
-1
100663296
67108864
-1
67108864
603979776
603979776
83886080
-1
536870912
536870912
-1
-1
-1
-1
-1
-1
536870912
536870912
-1
-1
536870912
536870912
536870912
536870912
536870912
536870912
-1
-1
536870912
536870912
-1
-1
-1
-1
-1
0
536870912
536870912
-1
67108864
603979776
603979776
67108864
-1
67108864
100663296
-1
-1
603979776
603979776
-1
201326592
603979776
603979776
603979776
536870912
805306368
536870912
-1
-1
805306368
805306368
-1
-1
-1
-1
-1
-1
805306368
536870912
-1
-1
536870912
671088640
-1
-1
-1
-1
-1
-1
603979776
603979776
-1
-1
536870912
536870912
536870912
536870912
805306368
536870912
-1
-1
805306368
805306368
-1
-1
-1
-1
-1
-1
805306368
570425344
-1
-1
671088640
671088640
134217728
-1
-1
-1
-1
-1
671088640
671088640
-1
134217728
671088640
671088640
671088640
671088640
805306368
536870912
-1
-1
805306368
805306368
-1
-1
-1
-1
-1
-1
805306368
671088640
-1
-1
536870912
671088640
-1
-1
-1
-1
-1
-1
536870912
536870912
-1
-1
536870912
536870912
536870912
536870912
536870912
536870912
134217728
0
536870912
536870912
0
33554432
67108864
67108864
33554432
0
536870912
536870912
67108864
67108864
536870912
536870912
0
33554432
67108864
67108864
33554432
0
