3
368588075 877707702 274690675
1000
1 727136543
1 1045989824
1 159832514
1 324106543
1 336376433
1 379567498
1 313480656
1 274690675
1 877707702
1 878016855
1 280548869
1 488391314
1 595784515
1 850768209
1 672394568
2 274690675
1 850768209
1 595784515
1 488391314
1 280548869
1 878016855
1 877707702
1 274690675
1 313480656
1 379567498
1 336376433
1 324106543
1 159832514
1 1045989824
1 727136543
1 368588075
2 280548869
1 727136543
1 1045989824
1 159832514
1 324106543
1 336376433
1 379567498
1 313480656
1 274690675
1 877707702
1 878016855
1 280548869
1 488391314
1 595784515
1 850768209
1 672394568
2 878016855
1 850768209
1 595784515
1 488391314
1 280548869
1 878016855
1 877707702
1 274690675
1 313480656
1 379567498
1 336376433
1 324106543
1 159832514
1 1045989824
1 727136543
1 368588075
2 595784515
1 727136543
1 1045989824
1 159832514
1 324106543
1 336376433
1 379567498
1 313480656
1 274690675
1 877707702
1 878016855
1 280548869
1 488391314
1 595784515
1 850768209
1 672394568
2 488391314
1 850768209
1 595784515
1 488391314
1 280548869
1 878016855
1 877707702
1 274690675
1 313480656
1 379567498
1 336376433
1 324106543
1 159832514
1 1045989824
1 727136543
1 368588075
2 672394568
1 727136543
1 1045989824
1 159832514
1 324106543
1 336376433
1 379567498
1 313480656
1 274690675
1 877707702
1 878016855
1 280548869
1 488391314
1 595784515
1 850768209
1 672394568
2 850768209
1 850768209
1 595784515
1 488391314
1 280548869
1 878016855
1 877707702
1 274690675
1 313480656
1 379567498
1 336376433
1 324106543
1 159832514
1 1045989824
1 727136543
1 368588075
2 727136543
1 727136543
1 1045989824
1 159832514
1 324106543
1 336376433
1 379567498
1 313480656
1 274690675
1 877707702
1 878016855
1 280548869
1 488391314
1 595784515
1 850768209
1 672394568
2 368588075
1 850768209
1 595784515
1 488391314
1 280548869
1 878016855
1 877707702
1 274690675
1 313480656
1 379567498
1 336376433
1 324106543
1 159832514
1 1045989824
1 727136543
1 368588075
2 159832514
1 727136543
1 1045989824
1 159832514
1 324106543
1 336376433
1 379567498
1 313480656
1 274690675
1 877707702
1 878016855
1 280548869
1 488391314
1 595784515
1 850768209
1 672394568
2 1045989824
1 850768209
1 595784515
1 488391314
1 280548869
1 878016855
1 877707702
1 274690675
1 313480656
1 379567498
1 336376433
1 324106543
1 159832514
1 1045989824
1 727136543
1 368588075
2 336376433
1 727136543
1 1045989824
1 159832514
1 324106543
1 336376433
1 379567498
1 313480656
1 274690675
1 877707702
1 878016855
1 280548869
1 488391314
1 595784515
1 850768209
1 672394568
2 324106543
1 850768209
1 595784515
1 488391314
1 280548869
1 878016855
1 877707702
1 274690675
1 313480656
1 379567498
1 336376433
1 324106543
1 159832514
1 1045989824
1 727136543
1 368588075
2 313480656
1 727136543
1 1045989824
1 159832514
1 324106543
1 336376433
1 379567498
1 313480656
1 274690675
1 877707702
1 878016855
1 280548869
1 488391314
1 595784515
1 850768209
1 672394568
2 379567498
1 850768209
1 595784515
1 488391314
1 280548869
1 878016855
1 877707702
1 274690675
1 313480656
1 379567498
1 336376433
1 324106543
1 159832514
1 1045989824
1 727136543
1 368588075
3 877707702
1 727136543
1 1045989824
1 159832514
1 324106543
1 336376433
1 379567498
1 313480656
1 274690675
1 877707702
1 878016855
1 280548869
1 488391314
1 595784515
1 850768209
1 672394568
2 313480656
1 850768209
1 595784515
1 488391314
1 280548869
1 878016855
1 877707702
1 274690675
1 313480656
1 379567498
1 336376433
1 324106543
1 159832514
1 1045989824
1 727136543
1 368588075
2 324106543
1 727136543
1 1045989824
1 159832514
1 324106543
1 336376433
1 379567498
1 313480656
1 274690675
1 877707702
1 878016855
1 280548869
1 488391314
1 595784515
1 850768209
1 672394568
2 336376433
1 850768209
1 595784515
1 488391314
1 280548869
1 878016855
1 877707702
1 274690675
1 313480656
1 379567498
1 336376433
1 324106543
1 159832514
1 1045989824
1 727136543
1 368588075
2 1045989824
1 727136543
1 1045989824
1 159832514
1 324106543
1 336376433
1 379567498
1 313480656
1 274690675
1 877707702
1 878016855
1 280548869
1 488391314
1 595784515
1 850768209
1 672394568
2 159832514
1 850768209
1 595784515
1 488391314
1 280548869
1 878016855
1 877707702
1 274690675
1 313480656
1 379567498
1 336376433
1 324106543
1 159832514
1 1045989824
1 727136543
1 368588075
2 368588075
1 727136543
1 1045989824
1 159832514
1 324106543
1 336376433
1 379567498
1 313480656
1 274690675
1 877707702
1 878016855
1 280548869
1 488391314
1 595784515
1 850768209
1 672394568
2 727136543
1 850768209
1 595784515
1 488391314
1 280548869
1 878016855
1 877707702
1 274690675
1 313480656
1 379567498
1 336376433
1 324106543
1 159832514
1 1045989824
1 727136543
1 368588075
2 850768209
1 727136543
1 1045989824
1 159832514
1 324106543
1 336376433
1 379567498
1 313480656
1 274690675
1 877707702
1 878016855
1 280548869
1 488391314
1 595784515
1 850768209
1 672394568
2 672394568
1 850768209
1 595784515
1 488391314
1 280548869
1 878016855
1 877707702
1 274690675
1 313480656
1 379567498
1 336376433
1 324106543
1 159832514
1 1045989824
1 727136543
1 368588075
2 488391314
1 727136543
1 1045989824
1 159832514
1 324106543
1 336376433
1 379567498
1 313480656
1 274690675
1 877707702
1 878016855
1 280548869
1 488391314
1 595784515
1 850768209
1 672394568
2 595784515
1 850768209
1 595784515
1 488391314
1 280548869
1 878016855
1 877707702
1 274690675
1 313480656
1 379567498
1 336376433
1 324106543
1 159832514
1 1045989824
1 727136543
1 368588075
2 878016855
1 727136543
1 1045989824
1 159832514
1 324106543
1 336376433
1 379567498
1 313480656
1 274690675
1 877707702
1 878016855
1 280548869
1 488391314
1 595784515
1 850768209
1 672394568
2 280548869
1 850768209
1 595784515
1 488391314
1 280548869
1 878016855
1 877707702
1 274690675
1 313480656
1 379567498
1 336376433
1 324106543
1 159832514
1 1045989824
1 727136543
1 368588075
2 274690675
1 727136543
1 1045989824
1 159832514
1 324106543
1 336376433
1 379567498
1 313480656
1 274690675
1 877707702
1 878016855
1 280548869
1 488391314
1 595784515
1 850768209
1 672394568
2 877707702
1 850768209
1 595784515
1 488391314
1 280548869
1 878016855
1 877707702
1 274690675
1 313480656
1 379567498
1 336376433
1 324106543
1 159832514
1 1045989824
1 727136543
1 368588075
3 878016855
1 727136543
1 1045989824
1 159832514
1 324106543
1 336376433
1 379567498
1 313480656
1 274690675
1 877707702
1 878016855
1 280548869
1 488391314
1 595784515
1 850768209
1 672394568
2 274690675
1 850768209
1 595784515
1 488391314
1 280548869
1 878016855
1 877707702
1 274690675
1 313480656
1 379567498
1 336376433
1 324106543
1 159832514
1 1045989824
1 727136543
1 368588075
2 280548869
1 727136543
1 1045989824
1 159832514
1 324106543
1 336376433
1 379567498
1 313480656
1 274690675
1 877707702
1 878016855
1 280548869
1 488391314
1 595784515
1 850768209
1 672394568
2 878016855
1 850768209
1 595784515
1 488391314
1 280548869
1 878016855
1 877707702
1 274690675
1 313480656
1 379567498
1 336376433
1 324106543
1 159832514
1 1045989824
1 727136543
1 368588075
2 595784515
1 727136543
1 1045989824
1 159832514
1 324106543
1 336376433
1 379567498
1 313480656
1 274690675
1 877707702
1 878016855
1 280548869
1 488391314
1 595784515
1 850768209
1 672394568
2 488391314
1 850768209
1 595784515
1 488391314
1 280548869
1 878016855
1 877707702
1 274690675
1 313480656
1 379567498
1 336376433
1 324106543
1 159832514
1 1045989824
1 727136543
1 368588075
2 672394568
1 727136543
1 1045989824
1 159832514
1 324106543
1 336376433
1 379567498
1 313480656
1 274690675
1 877707702
1 878016855
1 280548869
1 488391314
1 595784515
1 850768209
1 672394568
2 850768209
1 850768209
1 595784515
1 488391314
1 280548869
1 878016855
1 877707702
1 274690675
1 313480656
1 379567498
1 336376433
1 324106543
1 159832514
1 1045989824
1 727136543
1 368588075
2 727136543
1 727136543
1 1045989824
1 159832514
1 324106543
1 336376433
1 379567498
1 313480656
1 274690675
1 877707702
1 878016855
1 280548869
1 488391314
1 595784515
1 850768209
1 672394568
2 368588075
1 850768209
1 595784515
1 488391314
1 280548869
1 878016855
1 877707702
1 274690675
1 313480656
1 379567498
1 336376433
1 324106543
1 159832514
1 1045989824
1 727136543
1 368588075
2 159832514
1 727136543
1 1045989824
1 159832514
1 324106543
1 336376433
1 379567498
1 313480656
1 274690675
1 877707702
1 878016855
1 280548869
1 488391314
1 595784515
1 850768209
1 672394568
2 1045989824
1 850768209
1 595784515
1 488391314
1 280548869
1 878016855
1 877707702
1 274690675
1 313480656
1 379567498
1 336376433
1 324106543
1 159832514
1 1045989824
1 727136543
1 368588075
2 336376433
1 727136543
1 1045989824
1 159832514
1 324106543
1 336376433
1 379567498
1 313480656
1 274690675
1 877707702
1 878016855
1 280548869
1 488391314
1 595784515
1 850768209
1 672394568
2 324106543
1 850768209
1 595784515
1 488391314
1 280548869
1 878016855
1 877707702
1 274690675
1 313480656
1 379567498
1 336376433
1 324106543
1 159832514
1 1045989824
1 727136543
1 368588075
2 313480656
1 727136543
1 1045989824
1 159832514
1 324106543
1 336376433
1 379567498
1 313480656
1 274690675
1 877707702
1 878016855
1 280548869
1 488391314
1 595784515
1 850768209
1 672394568
2 379567498
1 850768209
1 595784515
1 488391314
1 280548869
1 878016855
1 877707702
1 274690675
1 313480656
1 379567498
1 336376433
1 324106543
1 159832514
1 1045989824
1 727136543
1 368588075
3 280548869
1 727136543
1 1045989824
1 159832514
1 324106543
1 336376433
1 379567498
1 313480656
1 274690675
1 877707702
1 878016855
1 280548869
1 488391314
1 595784515
1 850768209
1 672394568
2 313480656
1 850768209
1 595784515
1 488391314
1 280548869
1 878016855
1 877707702
1 274690675
1 313480656
1 379567498
1 336376433
1 324106543
1 159832514
1 1045989824
1 727136543
1 368588075
2 324106543
1 727136543
1 1045989824
1 159832514
1 324106543
1 336376433
1 379567498
1 313480656
1 274690675
1 877707702
1 878016855
1 280548869
1 488391314
1 595784515
1 850768209
1 672394568
2 336376433
1 850768209
1 595784515
1 488391314
1 280548869
1 878016855
1 877707702
1 274690675
1 313480656
1 379567498
1 336376433
1 324106543
1 159832514
1 1045989824
1 727136543
1 368588075
2 1045989824
1 727136543
1 1045989824
1 159832514
1 324106543
1 336376433
1 379567498
1 313480656
1 274690675
1 877707702
1 878016855
1 280548869
1 488391314
1 595784515
1 850768209
1 672394568
2 159832514
1 850768209
1 595784515
1 488391314
1 280548869
1 878016855
1 877707702
1 274690675
1 313480656
1 379567498
1 336376433
1 324106543
1 159832514
1 1045989824
1 727136543
1 368588075
2 368588075
1 727136543
1 1045989824
1 159832514
1 324106543
1 336376433
1 379567498
1 313480656
1 274690675
1 877707702
1 878016855
1 280548869
1 488391314
1 595784515
1 850768209
1 672394568
2 727136543
1 850768209
1 595784515
1 488391314
1 280548869
1 878016855
1 877707702
1 274690675
1 313480656
1 379567498
1 336376433
1 324106543
1 159832514
1 1045989824
1 727136543
1 368588075
2 850768209
1 727136543
1 1045989824
1 159832514
1 324106543
1 336376433
1 379567498
1 313480656
1 274690675
1 877707702
1 878016855
1 280548869
1 488391314
1 595784515
1 850768209
1 672394568
2 672394568
1 850768209
1 595784515
1 488391314
1 280548869
1 878016855
1 877707702
1 274690675
1 313480656
1 379567498
1 336376433
1 324106543
1 159832514
1 1045989824
1 727136543
1 368588075
2 488391314
1 727136543
1 1045989824
1 159832514
1 324106543
1 336376433
1 379567498
1 313480656
1 274690675
1 877707702
1 878016855
1 280548869
1 488391314
1 595784515
1 850768209
1 672394568
2 595784515
1 850768209
1 595784515
1 488391314
1 280548869
1 878016855
1 877707702
1 274690675
1 313480656
1 379567498
1 336376433
1 324106543
1 159832514
1 1045989824
1 727136543
1 368588075
2 878016855
1 727136543
1 1045989824
1 159832514
1 324106543
1 336376433
1 379567498
1 313480656
1 274690675
1 877707702
1 878016855
1 280548869
1 488391314
1 595784515
1 850768209
1 672394568
2 280548869
1 850768209
1 595784515
1 488391314
1 280548869
1 878016855
1 877707702
1 274690675
1 313480656
1 379567498
1 336376433
1 324106543
1 159832514
1 1045989824
1 727136543
1 368588075
2 274690675
1 727136543
1 1045989824
1 159832514
1 324106543
1 336376433
1 379567498
1 313480656
1 274690675
