1000
0 0 0 0 0 0 0 0 0 0 0 0 0 0 0 0 0 0 0 0 0 0 0 0 0 0 0 0 0 0 0 0 0 0 0 0 0 0 0 0 0 0 0 0 0 0 0 0 0 0 0 0 0 0 0 0 0 0 0 0 0 0 0 0 0 0 0 0 0 0 0 0 0 0 0 0 0 0 0 0 0 0 0 0 0 0 0 0 0 0 0 0 0 0 0 0 0 0 0 0 0 0 0 0 0 0 0 0 0 0 0 0 0 0 0 0 0 0 0 0 0 0 0 0 0 0 0 0 0 0 0 0 0 0 0 0 0 0 0 0 0 0 0 0 0 0 0 0 0 0 0 0 0 0 0 0 0 0 0 0 0 0 0 0 0 0 0 0 0 0 0 0 0 0 0 0 0 0 0 0 0 0 0 0 0 0 0 0 0 0 0 0 0 0 0 0 0 0 0 0 0 0 0 0 0 0 0 0 0 0 0 0 0 0 0 0 0 0 0 0 0 0 0 0 0 0 0 0 0 0 0 0 0 0 0 0 0 0 0 0 0 0 0 0 0 0 0 0 0 0 0 0 0 0 0 0 0 0 0 0 0 0 0 0 0 0 0 0 0 0 0 0 0 0 0 0 0 0 0 0 0 0 0 0 0 0 0 0 0 0 0 0 0 0 0 0 0 0 0 0 0 0 0 0 0 0 0 0 0 0 0 0 0 0 0 0 0 0 0 0 0 0 0 0 0 0 0 0 0 0 0 0 0 0 0 0 0 0 0 0 0 0 0 0 0 0 0 0 0 0 0 0 0 0 0 0 0 0 0 0 0 0 0 0 0 0 0 0 0 0 0 0 0 0 0 0 0 0 0 0 0 0 0 0 0 0 0 0 0 0 0 0 0 0 0 0 0 0 0 0 0 0 0 0 0 0 0 0 0 0 0 0 0 0 0 0 0 0 0 0 0 0 0 0 0 0 0 0 0 0 0 0 0 0 0 0 0 0 0 0 0 0 0 0 0 0 0 0 0 0 0 0 0 0 0 0 0 0 0 0 0 0 0 0 0 0 0 0 0 0 0 0 0 0 0 0 0 0 0 0 0 0 0 0 0 0 0 0 0 0 0 0 0 0 0 0 0 0 0 0 0 0 0 0 0 0 0 0 0 0 0 0 0 0 0 0 0 0 0 0 0 0 0 0 0 0 0 0 0 0 0 0 0 0 0 0 0 0 0 0 0 0 0 0 0 0 0 0 0 0 0 0 0 0 0 0 0 0 0 0 0 0 0 0 0 0 0 0 0 0 0 0 0 0 0 0 0 0 0 0 0 0 0 0 0 0 0 0 0 0 0 0 0 0 0 0 0 0 0 0 0 0 0 0 0 0 0 0 0 0 0 0 0 0 0 0 0 0 0 0 0 0 0 0 0 0 0 0 0 0 0 0 0 0 0 0 0 0 0 0 0 0 0 0 0 0 0 0 0 1 0 1 1 1 0 1 1 0 1 1 1 1 1 1 1 1 1 1 1 1 1 1 1 1 1 1 1 1 1 1 1 1 1 1 1 1 1 1 1 1 1 1 1 1 1 1 1 1 1 1 1 1 1 1 1 1 1 1 1 1 1 1 1 1 1 1 1 1 1 1 1 1 1 1 1 1 1 1 1 1 1 1 1 1 1 1 1 1 1 1 1 1 1 1 1 1 1 1 1 1 1 1 1 1 1 1 1 1 1 1 1 1 1 1 1 1 1 1 1 1 1 1 1 1 1 1 1 1 1 1 1 1 1 1 1 1 1 1 1 1 1 1 1 1 1 1 1 1 1 1 1 1 1 1 1 1 1 1 1 1 1 1 1 1 1 1 1 1 1 1 1 1 1 1 1 1 1 1 1 1 1 1 1 1 1 1 1 1 1 1 1 1 1 1 1 1 1 1 1 1 1 1 1 1 1 1 1 1 1 1 1 1 1 1 1 1 1 1 1 1 1 1 1 1 1 1 1 1 1 1 1 1 1 1 1 1 1 1 1 1 1 1 1 1 1 1 1 1 1 1 1 1 1 1 1 1 1 1 1 1 1 1 1 1 1 1 1 1 1 1 1 1 1 1 1 1 1 1 1 1 1 1 1 1 1 1 1 1 1 1 1 1 1 1 1 1 1 1 1 1 1 1 1 1 1 1 1 1 1 1 1 1 1 1 1 1 1 1 1 1 1 1 1 1 1 1 1 1 1 1 1 1 1 1 1 1 1 1 1 1 1 1 1 1 1 1 1 1 1 1
1000
650 0
651 1
650 1
652 0
650 0
651 0
650 1
653 0
650 0
651 1
650 1
652 1
650 0
651 0
650 1
654 0
650 0
651 1
650 1
652 0
650 0
651 0
650 1
653 1
650 0
651 1
650 1
652 1
650 0
651 0
650 1
655 1
650 0
651 1
650 1
652 0
650 0
651 0
650 1
653 0
650 0
651 1
650 1
652 1
650 0
651 0
650 1
654 1
650 0
651 1
650 1
652 0
650 0
651 0
650 1
653 1
650 0
651 1
650 1
652 1
650 0
651 0
650 1
656 0
650 0
651 1
650 1
652 0
650 0
651 0
650 1
653 0
650 0
651 1
650 1
652 1
650 0
651 0
650 1
654 0
650 0
651 1
650 1
652 0
650 0
651 0
650 1
653 1
650 0
651 1
650 1
652 1
650 0
651 0
650 1
655 0
650 0
651 1
650 1
652 0
650 0
651 0
650 1
653 0
650 0
651 1
650 1
652 1
650 0
651 0
650 1
654 1
650 0
651 1
650 1
652 0
650 0
651 0
650 1
653 1
650 0
651 1
650 1
652 1
650 0
651 0
650 1
657 0
650 0
651 1
650 1
652 0
650 0
651 0
650 1
653 0
650 0
651 1
650 1
652 1
650 0
651 0
650 1
654 0
650 0
651 1
650 1
652 0
650 0
651 0
650 1
653 1
650 0
651 1
650 1
652 1
650 0
651 0
650 1
655 1
650 0
651 1
650 1
652 0
650 0
651 0
650 1
653 0
650 0
651 1
650 1
652 1
650 0
651 0
650 1
654 1
650 0
651 1
650 1
652 0
650 0
651 0
650 1
653 1
650 0
651 1
650 1
652 1
650 0
651 0
650 1
656 1
650 0
651 1
650 1
652 0
650 0
651 0
650 1
653 0
650 0
651 1
650 1
652 1
650 0
651 0
650 1
654 0
650 0
651 1
650 1
652 0
650 0
651 0
650 1
653 1
650 0
651 1
650 1
652 1
650 0
651 0
650 1
655 0
650 0
651 1
650 1
652 0
650 0
651 0
650 1
653 0
650 0
651 1
650 1
652 1
650 0
651 0
650 1
654 1
650 0
651 1
650 1
652 0
650 0
651 0
650 1
653 1
650 0
651 1
650 1
652 1
650 0
651 0
650 1
658 1
650 0
651 1
650 1
652 0
650 0
651 0
650 1
653 0
650 0
651 1
650 1
652 1
650 0
651 0
650 1
654 0
650 0
651 1
650 1
652 0
650 0
651 0
650 1
653 1
650 0
651 1
650 1
652 1
650 0
651 0
650 1
655 1
650 0
651 1
650 1
652 0
650 0
651 0
650 1
653 0
650 0
651 1
650 1
652 1
650 0
651 0
650 1
654 1
650 0
651 1
650 1
652 0
650 0
651 0
650 1
653 1
650 0
651 1
650 1
652 1
650 0
651 0
650 1
656 0
650 0
651 1
650 1
652 0
650 0
651 0
650 1
653 0
650 0
651 1
650 1
652 1
650 0
651 0
650 1
654 0
650 0
651 1
650 1
652 0
650 0
651 0
650 1
653 1
650 0
651 1
650 1
652 1
650 0
651 0
650 1
655 0
650 0
651 1
650 1
652 0
650 0
651 0
650 1
653 0
650 0
651 1
650 1
652 1
650 0
651 0
650 1
654 1
650 0
651 1
650 1
652 0
650 0
651 0
650 1
653 1
650 0
651 1
650 1
652 1
650 0
651 0
650 1
657 1
650 0
651 1
650 1
652 0
650 0
651 0
650 1
653 0
650 0
651 1
650 1
652 1
650 0
651 0
650 1
654 0
650 0
651 1
650 1
652 0
650 0
651 0
650 1
653 1
650 0
651 1
650 1
652 1
650 0
651 0
650 1
655 1
650 0
651 1
650 1
652 0
650 0
651 0
650 1
653 0
650 0
651 1
650 1
652 1
650 0
651 0
650 1
654 1
650 0
651 1
650 1
652 0
650 0
651 0
650 1
653 1
650 0
651 1
650 1
652 1
650 0
651 0
650 1
656 1
650 0
651 1
650 1
652 0
650 0
651 0
650 1
653 0
650 0
651 1
650 1
652 1
650 0
651 0
650 1
654 0
650 0
651 1
650 1
652 0
650 0
651 0
650 1
653 1
650 0
651 1
650 1
652 1
650 0
651 0
650 1
655 0
650 0
651 1
650 1
652 0
650 0
651 0
650 1
653 0
650 0
651 1
650 1
652 1
650 0
651 0
650 1
654 1
650 0
651 1
650 1
652 0
650 0
651 0
650 1
653 1
650 0
651 1
650 1
652 1
650 0
651 0
650 1
659 0
650 0
651 1
650 1
652 0
650 0
651 0
650 1
653 0
650 0
651 1
650 1
652 1
650 0
651 0
650 1
654 0
650 0
651 1
650 1
652 0
650 0
651 0
650 1
653 1
650 0
651 1
650 1
652 1
650 0
651 0
650 1
655 1
650 0
651 1
650 1
652 0
650 0
651 0
650 1
653 0
650 0
651 1
650 1
652 1
650 0
651 0
650 1
654 1
650 0
651 1
650 1
652 0
650 0
651 0
650 1
653 1
650 0
651 1
650 1
652 1
650 0
651 0
650 1
656 0
650 0
651 1
650 1
652 0
650 0
651 0
650 1
653 0
650 0
651 1
650 1
652 1
650 0
651 0
650 1
654 0
650 0
651 1
650 1
652 0
650 0
651 0
650 1
653 1
650 0
651 1
650 1
652 1
650 0
651 0
650 1
655 0
650 0
651 1
650 1
652 0
650 0
651 0
650 1
653 0
650 0
651 1
650 1
652 1
650 0
651 0
650 1
654 1
650 0
651 1
650 1
652 0
650 0
651 0
650 1
653 1
650 0
651 1
650 1
652 1
650 0
651 0
650 1
657 0
650 0
651 1
650 1
652 0
650 0
651 0
650 1
653 0
650 0
651 1
650 1
652 1
650 0
651 0
650 1
654 0
650 0
651 1
650 1
652 0
650 0
651 0
650 1
653 1
650 0
651 1
650 1
652 1
650 0
651 0
650 1
655 1
650 0
651 1
650 1
652 0
650 0
651 0
650 1
653 0
650 0
651 1
650 1
652 1
650 0
651 0
650 1
654 1
650 0
651 1
650 1
652 0
650 0
651 0
650 1
653 1
650 0
651 1
650 1
652 1
650 0
651 0
650 1
656 1
650 0
651 1
650 1
652 0
650 0
651 0
650 1
653 0
650 0
651 1
650 1
652 1
650 0
651 0
650 1
654 0
650 0
651 1
650 1
652 0
650 0
651 0
650 1
653 1
650 0
651 1
650 1
652 1
650 0
651 0
650 1
655 0
650 0
651 1
650 1
652 0
650 0
651 0
650 1
653 0
650 0
651 1
650 1
652 1
650 0
651 0
650 1
654 1
650 0
651 1
650 1
652 0
650 0
651 0
650 1
653 1
650 0
651 1
650 1
652 1
650 0
651 0
650 1
658 0
650 0
651 1
650 1
652 0
650 0
651 0
650 1
653 0
650 0
651 1
650 1
652 1
650 0
651 0
650 1
654 0
650 0
651 1
650 1
652 0
650 0
651 0
650 1
653 1
650 0
651 1
650 1
652 1
650 0
651 0
650 1
655 1
650 0
651 1
650 1
652 0
650 0
651 0
650 1
653 0
650 0
651 1
650 1
652 1
650 0
651 0
650 1
654 1
650 0
651 1
650 1
652 0
650 0
651 0
650 1
653 1
650 0
651 1
650 1
652 1
650 0
651 0
650 1
656 0
650 0
651 1
650 1
652 0
650 0
651 0
650 1
653 0
650 0
651 1
650 1
652 1
650 0
651 0
650 1
654 0
650 0
651 1
650 1
652 0
650 0
651 0
650 1
653 1
650 0
651 1
650 1
652 1
650 0
651 0
650 1
655 0
650 0
651 1
650 1
652 0
650 0
651 0
650 1
653 0
650 0
651 1
650 1
652 1
650 0
651 0
650 1
654 1
650 0
651 1
650 1
652 0
650 0
651 0
650 1
653 1
650 0
651 1
650 1
652 1
650 0
651 0
650 1
657 1
650 0
651 1
650 1
652 0
650 0
651 0
650 1
653 0
650 0
651 1
650 1
652 1
650 0
651 0
650 1
654 0
650 0
651 1
650 1
652 0
650 0
651 0
650 1
653 1
650 0
651 1
650 1
652 1
650 0
651 0
650 1
655 1
650 0
651 1
650 1
652 0
650 0
651 0
650 1
653 0
650 0
651 1
650 1
652 1
650 0
651 0
650 1
654 1
650 0
651 1
650 1
652 0
650 0
651 0
650 1
653 1
650 0
651 1
650 1
652 1
650 0
651 0
650 1
656 1
650 0
651 1
650 1
652 0
650 0
651 0
650 1
653 0
650 0
651 1
650 1
652 1
650 0
651 0
650 1
654 0
650 0
651 1
650 1
652 0
650 0
651 0
650 1
653 1
650 0
651 1
650 1
652 1
650 0
651 0
650 1
655 0
650 0
651 1
650 1
652 0
650 0
651 0
650 1
653 0
