1000
961 962 963 965 967 967 968 969 970 971 972 973 979 980 980 981 984 984 984 984 985 986 987 987 991 992 992 992 995 995 995 996 996 998 999 1001 1001 1002 1004 1004 1006 1006 1008 1009 1009 1009 1010 1011 1012 1012 1012 1014 1014 1015 1016 1020 1022 1022 1023 897 898 899 900 901 901 901 902 902 903 904 906 907 908 908 908 909 910 912 912 913 913 914 914 916 916 918 918 919 921 921 922 922 922 922 923 925 926 929 930 931 932 932 934 935 935 936 938 938 939 944 944 944 946 948 948 950 950 952 952 954 954 956 956 957 958 832 832 832 836 838 838 840 840 841 842 843 843 843 844 848 848 848 849 849 852 853 853 853 856 857 861 861 861 863 863 863 863 864 866 869 869 870 871 874 875 876 877 877 878 878 879 883 883 883 884 887 887 887 888 890 891 891 892 892 893 893 894 894 894 895 769 770 770 771 771 772 772 772 774 775 775 776 778 778 779 780 780 782 783 784 784 785 786 786 786 796 796 798 799 800 800 803 805 808 809 814 814 814 816 816 816 817 818 820 820 821 821 822 823 823 823 823 825 828 828 829 829 830 830 830 705 706 708 710 711 713 713 715 718 719 720 722 732 734 735 737 739 739 739 740 742 743 744 744 745 750 750 751 751 755 756 756 758 759 760 761 762 763 764 765 765 766 767 767 767 640 640 642 642 645 645 645 649 651 654 655 656 657 659 659 660 661 662 662 662 664 665 671 672 673 673 674 676 676 678 679 680 680 681 681 681 682 685 686 686 688 691 692 693 693 696 696 696 698 699 700 702 702 576 577 579 580 580 582 583 583 584 584 584 585 586 587 587 588 589 589 591 593 594 595 595 597 598 601 602 602 602 602 602 603 605 606 607 607 608 609 609 609 610 610 611 611 612 615 616 617 617 620 620 620 621 621 623 623 624 625 628 629 629 629 630 633 633 633 635 635 635 637 637 638 639 639 639 639 514 517 518 518 521 524 526 526 527 529 531 531 532 532 533 533 534 535 538 539 539 539 542 544 544 545 546 547 547 548 549 550 550 552 553 553 554 554 555 555 555 556 556 559 561 562 563 563 563 564 565 566 566 568 569 570 571 571 572 572 574 574 449 449 449 450 450 451 451 452 452 453 453 454 456 457 459 459 461 461 462 464 467 467 468 468 473 474 476 476 478 479 481 483 484 486 489 489 489 491 492 492 492 493 494 494 495 497 500 500 502 502 502 503 503 504 504 506 506 507 508 510 511 384 385 386 387 388 388 389 390 392 393 393 394 395 395 396 397 399 399 399 400 400 401 401 403 404 404 405 406 407 407 408 409 410 411 412 415 415 416 418 418 418 419 419 420 421 421 423 424 425 425 426 426 426 427 429 429 432 433 434 434 434 435 436 436 437 438 438 439 440 440 442 442 444 444 444 447 447 320 320 321 324 324 325 325 326 328 328 329 331 331 332 335 338 339 339 340 341 343 345 346 347 347 348 349 351 351 352 352 355 355 356 356 357 357 357 358 360 360 361 361 362 362 363 365 366 367 368 369 372 373 373 374 374 377 377 378 380 380 380 381 382 382 383 383 256 256 256 258 259 261 263 269 271 272 273 274 276 277 277 278 280 280 280 280 281 282 282 283 286 288 290 291 292 292 293 294 297 297 298 299 301 301 301 302 304 304 305 306 307 307 307 308 310 310 312 313 315 316 316 317 318 192 193 195 197 198 198 198 199 201 201 202 203 205 205 206 206 208 208 209 210 210 211 211 211 213 213 214 214 214 216 216 217 217 218 218 219 221 222 226 226 226 229 230 230 233 234 235 235 238 238 239 239 240 241 241 242 242 243 244 244 246 246 246 246 247 247 247 248 248 250 251 253 254 254 255 255 128 128 129 130 130 131 132 133 134 134 136 137 137 138 138 138 139 139 139 140 140 141 144 147 147 148 151 152 153 154 155 156 156 157 157 157 158 160 160 161 161 161 163 165 167 167 168 172 172 174 175 177 177 179 179 180 182 183 183 184 189 190 190 65 66 66 66 69 69 69 70 70 71 72 75 75 75 76 77 77 78 80 84 85 85 85 85 86 87 88 89 91 93 96 99 99 100 107 108 108 109 111 111 112 112 113 115 115 118 118 119 119 123 125 125 125 1 2 2 3 5 6 6 6 7 8 8 10 11 15 16 19 20 20 20 21 21 22 23 24 24 24 27 27 28 28 29 30 31 32 34 37 39 40 42 42 42 43 44 45 46 46 46 46 48 50 50 53 55 56 57 57 59 61 61 63
1000
751 194
165 875
280 755
262 722
905 79
332 683
913 87
997 59
350 577
381 605
962 22
548 384
976 36
76 909
744 315
113 947
13 979
546 510
818 250
973 31
9 970
580 410
532 499
855 155
735 306
989 49
582 412
519 484
455 549
801 240
458 552
218 798
591 420
790 229
500 457
874 174
190 895
944 3
76 909
305 654
832 133
512 475
723 295
983 44
253 709
930 113
902 76
265 735
639 335
627 321
349 576
548 384
429 520
994 56
640 338
48 1011
364 588
827 129
632 326
506 465
574 405
325 678
266 736
735 306
77 911
767 209
830 131
287 762
917 93
847 145
382 606
906 83
972 30
868 164
582 412
695 258
222 803
718 290
165 875
874 174
190 895
861 159
719 291
434 529
949 7
997 59
555 391
55 1017
601 427
751 194
674 368
846 141
326 679
10 971
734 305
7 968
9 970
544 507
975 34
578 408
285 760
373 598
697 261
88 919
846 141
455 549
360 585
955 17
333 684
831 132
997 59
124 957
785 221
71 906
318 670
615 439
344 698
4 964
367 591
292 766
451 546
952 10
752 197
175 884
683 378
855 155
739 308
516 479
581 411
977 39
56 1021
605 433
528 493
306 655
59 1023
385 608
698 263
921 100
103 934
322 674
954 15
853 153
474 564
263 733
971 29
252 707
3 963
124 957
135 842
474 564
830 131
124 957
794 234
731 303
963 23
581 411
305 654
55 1017
752 197
124 957
164 874
62 899
974 32
793 233
697 260
70 905
615 439
346 700
458 552
520 487
135 842
367 591
847 144
907 84
150 857
451 546
793 232
479 569
258 715
470 562
683 379
165 875
395 616
393 612
549 385
707 279
135 842
286 761
305 654
847 144
784 219
605 433
719 291
760 203
585 417
907 84
285 760
270 741
743 313
470 562
992 53
917 92
345 699
316 664
474 564
627 321
639 335
373 599
480 570
604 432
369 594
719 291
70 904
846 141
747 317
202 777
949 7
918 96
703 275
385 608
47 1010
54 1015
635 329
971 29
953 11
150 857
124 957
855 155
704 276
308 657
524 490
71 906
312 661
944 3
266 736
897 71
38 1003
9 970
604 432
163 871
344 698
545 508
744 315
972 30
393 613
884 184
699 269
830 131
367 590
103 934
351 579
8 969
264 734
949 7
696 259
556 392
992 52
332 683
307 656
718 290
98 928
511 472
171 879
35 999
702 273
880 180
880 181
253 708
861 159
707 278
683 378
307 656
395 616
874 174
272 743
575 406
884 184
305 654
643 340
38 1002
571 402
548 384
360 585
528 493
346 700
208 782
544 507
956 19
16 981
555 390
139 844
913 87
337 691
364 588
429 521
571 402
99 930
475 565
700 271
512 474
888 65
150 857
349 576
393 613
443 538
851 151
406 625
394 614
255 711
381 605
760 203
672 366
695 258
381 605
907 84
361 586
953 11
512 474
505 462
601 427
549 385
726 298
973 31
731 303
238 822
450 545
861 158
955 17
749 192
222 803
175 884
749 192
635 329
3 963
850 148
43 1008
922 106
695 258
288 763
941 0
149 856
69 903
191 768
742 312
2 962
545 509
874 174
563 397
751 195
786 223
953 11
368 593
303 649
11 972
676 372
767 209
166 876
292 766
517 481
735 306
827 129
575 406
393 612
254 710
818 250
367 591
179 888
801 240
992 53
59 1023
867 163
820 252
159 867
283 758
506 464
978 40
10 971
671 364
963 23
385 608
615 439
272 743
180 890
992 53
124 957
672 366
25 991
139 847
179 889
853 153
580 410
695 258
962 22
937 121
171 879
283 758
325 678
450 545
989 48
280 752
253 709
326 679
786 222
150 857
786 222
175 884
124 957
519 484
251 705
55 1019
474 564
997 59
930 113
34 998
135 842
846 141
38 1002
847 144
285 760
835 136
350 577
478 568
977 39
59 1023
283 758
743 313
925 109
372 596
832 133
252 707
672 366
149 856
407 628
832 133
861 158
696 259
318 671
317 665
917 95
319 672
223 804
98 929
430 524
601 427
411 630
520 487
851 150
907 84
917 94
874 174
594 423
265 735
434 528
806 243
394 614
747 317
952 10
989 48
7 968
47 1010
262 722
917 92
594 423
831 132
351 578
47 1010
480 570
949 7
252 707
594 422
727 299
801 240
874 174
640 338
499 456
479 569
632 327
830 131
506 465
233 818
9 970
285 760
381 605
55 1017
997 59
202 777
238 822
202 776
305 654
505 463
426 517
354 582
271 742
311 660
368 592
953 11
902 76
317 665
275 745
898 73
373 598
4 964
367 591
333 684
258 715
874 174
191 769
703 274
35 999
25 989
506 465
971 29
675 369
663 358
512 474
106 937
744 315
551 387
8 969
442 535
852 152
373 599
930 113
12 973
997 59
395 616
455 549
517 480
752 196
989 49
750 193
562 396
512 475
8 969
458 552
871 168
760 203
11 972
381 604
984 45
500 457
1 961
517 480
512 474
760 203
450 545
191 769
316 664
989 49
716 286
393 613
574 405
723 295
9 970
591 420
749 192
875 175
850 149
506 465
881 182
905 78
21 985
747 317
582 412
139 845
907 84
442 535
851 151
549 385
643 340
851 150
164 874
54 1015
627 321
209 783
549 385
518 482
333 685
336 689
3 963
21 985
854 154
304 651
734 305
744 314
850 149
325 678
209 783
369 594
95 923
303 649
150 857
835 136
585 417
21 985
555 391
717 289
106 936
512 474
551 387
190 895
850 149
124 957
643 340
129 836
544 507
930 113
953 11
945 5
468 559
430 524
125 958
252 707
880 180
158 865
255 711
385 608
786 223
524 490
506 465
517 481
286 761
288 763
930 113
351 578
1 960
554 389
62 899
974 33
697 260
265 735
451 546
255 711
500 457
916 90
474 564
880 181
479 569
977 38
759 202
726 298
223 807
918 96
752 196
982 43
272 743
261 721
632 326
635 329
635 329
106 936
308 657
687 381
612 437
993 54
316 664
271 742
175 885
271 742
850 149
364 588
739 309
124 957
715 283
888 64
651 349
545 509
673 367
547 511
671 365
223 804
360 585
332 683
719 291
579 409
701 272
831 132
455 549
393 612
71 906
855 155
270 740
982 43
794 234
604 432
364 588
420 638
316 664
145 852
145 852
317 665
760 203
385 608
632 326
716 287
159 866
208 782
109 939
202 777
382 606
700 270
722 293
531 495
433 527
208 782
354 582
956 18
975 34
550 386
308 657
976 36
70 905
218 798
22 986
563 397
11 972
8 969
316 664
767 209
135 842
885 189
420 638
580 410
224 808
645 343
941 1
696 259
368 593
719 291
100 931
954 12
921 100
455 549
696 259
4 964
166 876
861 159
578 408
701 272
550 386
835 136
7 968
670 363
515 478
285 760
635 329
25 989
1000 63
853 153
853 153
289 764
955 17
528 493
264 734
319 672
441 534
289 764
949 7
735 306
306 655
604 432
743 313
171 879
748 318
944 3
264 734
283 758
643 340
325 678
517 480
479 569
175 885
190 895
937 121
361 586
443 538
252 706
13 979
698 262
944 3
25 989
264 734
832 133
317 665
726 298
703 275
595 424
880 181
191 769
179 888
852 152
921 102
336 689
830 131
70 905
468 559
346 700
581 411
559 394
784 219
528 493
976 36
727 299
925 109
69 903
830 131
731 303
785 220
595 424
34 998
262 722
429 522
135 842
171 879
12 973
547 511
974 32
585 416
941 0
326 679
233 819
846 141
500 457
280 754
10 971
595 424
575 406
880 181
159 867
723 295
458 552
225 809
166 876
953 11
993 55
712 281
699 269
475 565
1 961
925 109
735 306
604 432
441 534
880 181
973 31
381 604
70 905
752 197
25 991
511 472
9 970
702 273
266 736
767 209
12 973
55 1016
56 1020
639 335
374 601
832 133
139 846
906 81
426 516
578 408
468 558
9 970
528 493
394 614
433 527
55 1019
555 391
225 809
394 614
441 534
478 568
952 10
531 495
205 779
916 91
474 564
855 155
4 965
254 710
373 598
441 534
912 86
956 19
218 798
162 870
912 86
54 1015
675 369
337 691
612 437
978 41
393 612
650 348
1 960
674 368
643 340
61 898
651 349
360 585
580 410
976 36
233 819
801 240
850 148
582 412
380 603
222 802
698 262
735 306
106 937
381 605
918 96
547 511
944 3
159 867
902 76
760 203
953 11
638 332
284 759
312 661
977 39
394 615
707 279
703 274
345 699
698 263
219 799
224 808
11 972
430 525
555 391
372 596
99 930
395 616
644 341
784 219
349 576
129 837
259 718
71 906
373 599
469 561
374 601
722 293
846 141
180 890
275 745
209 783
205 779
963 23
354 582
43 1008
674 368
367 591
129 836
976 37
270 740
259 718
13 977
784 219
253 709
913 87
272 743
580 410
125 958
550 386
179 888
258 715
962 22
219 799
7 968
571 402
547 511
786 222
978 40
372 596
345 699
888 64
917 95
712 281
941 1
162 870
139 844
806 243
10 971
124 957
373 599
505 463
645 342
790 228
977 39
325 678
96 925
698 263
726 298
