0
256
0
128
32
32
32
0
1024
512
0
0
32
32
0
0
2
2
0
0
0
0
16384
4
8196
4
4096
0
0
0
0
0
8192
8192
8192
2048
2304
256
256
256
256
4
0
0
0
0
0
0
32
32
0
0
0
0
16
272
16
16
128
0
0
0
0
0
0
0
0
0
1
513
1
0
0
0
0
0
16
20
4
68
64
0
0
0
0
1024
0
0
0
0
0
0
0
0
0
16384
0
0
0
0
0
0
0
256
272
288
32
32
32
2048
2048
64
8
8192
0
0
4
4
0
0
0
64
64
64
0
0
0
0
32
1
0
0
0
0
0
0
0
0
128
0
0
0
8
0
0
128
128
128
128
1152
128
128
2
16386
16384
0
0
0
0
32
0
0
0
0
1024
1025
1024
0
0
0
0
0
2
0
0
0
0
64
64
320
64
8
2048
2048
2048
0
0
0
0
512
0
0
0
0
0
0
0
2048
64
0
0
0
0
0
0
16
0
2
16386
16384
256
264
8
8192
9216
8192
8192
0
1
1
0
4
4
4
4
5
4
4
4
4
4
4
4
4
0
1024
256
0
2
2
32
32
32
0
0
0
0
0
0
512
512
576
512
0
0
0
0
0
0
0
0
0
0
64
128
0
512
1024
0
0
0
0
0
0
0
0
0
0
0
4096
0
0
0
0
0
0
0
0
0
0
64
0
512
0
2048
0
0
1
0
0
0
0
64
2048
2048
0
0
0
0
16
0
0
0
0
0
32
64
0
0
0
0
0
0
0
0
0
0
0
8192
128
128
0
0
0
0
0
0
4096
4098
2
0
0
0
0
2048
0
0
0
0
0
32
0
0
0
4
0
256
0
0
0
16
16
4112
4096
4096
4096
256
256
0
0
8
4104
4096
4
0
0
0
0
0
0
1
0
0
0
0
0
0
16
0
0
0
2048
2560
2048
0
128
0
1
0
64
0
0
0
0
0
0
32
2048
0
0
0
0
0
2
0
0
0
0
0
0
0
0
0
0
0
0
0
8192
8192
0
4
68
4
4
4
4
4
2052
2048
0
0
0
0
0
0
0
0
0
1
8192
2048
0
512
512
16384
16384
16384
16384
16384
16384
16384
16384
16512
384
128
128
128
1
16
20
2052
4
36
32
0
0
0
0
0
64
64
0
256
0
0
2048
2048
0
0
0
0
0
0
0
0
1024
0
256
0
1024
1024
0
0
0
0
0
0
8192
2
0
0
128
0
0
0
512
0
2
0
16384
0
128
128
128
128
0
128
128
0
0
2048
2048
0
0
32
0
8192
0
0
0
0
4096
4096
4104
6144
4112
4096
4096
0
0
0
0
0
0
0
0
0
0
1
0
0
512
0
0
32
0
1024
0
0
0
0
0
0
0
0
1024
0
64
64
0
0
0
0
0
2048
8192
0
0
0
0
4096
0
0
0
0
32
32
32
0
0
1024
1024
1024
512
512
528
8704
8192
8192
0
0
0
0
64
64
64
64
0
0
0
16
1040
1024
0
0
0
1
2
2
2
514
2
8192
0
2048
2048
2304
256
256
258
320
256
256
0
0
4096
4112
4096
6144
4096
0
0
0
0
0
0
2
6
2
2
1
1
0
0
16384
16384
16384
0
0
0
8
1032
1024
1024
0
0
2
0
0
4096
4096
4112
16
16
0
0
2048
0
0
0
0
0
64
16448
16512
16384
16384
0
0
0
0
0
0
0
0
0
32
32
32
0
0
0
0
0
0
0
16
16
0
0
16384
0
2
2
0
128
128
0
0
64
0
0
0
0
0
0
0
0
0
16
16
2048
0
0
0
0
0
4096
4096
4096
6144
2048
2048
0
0
0
4
0
0
0
1
1
4097
4096
4096
0
2
2
2
0
0
0
0
0
0
0
0
8
4104
4224
4096
0
0
0
0
32
0
0
0
0
0
16384
16384
16384
0
32
32
32
36
32
0
2048
1
16385
1
0
0
0
0
16
16
1040
1024
0
0
0
0
0
0
64
64
64
64
0
0
0
0
0
0
8192
0
0
0
0
0
0
1
0
0
0
0
0
0
8192
8
0
2048
2052
4
1024
1024
0
0
0
0
256
256
512
0
4
4
0
32
0
16
4112
16
0
0
2
0
0
0
1
32
32
32
288
32
64
64
64
576
512
0
0
0
0
16384
18432
16384
16384
0
0
0
0
8192
0
0
0
2
0
0
0
0
2048
32
4128
32
0
8192
0
0
0
16384
0
64
68
64
4160
4128
4096
4112
4098
514
512
512
512
0
8
8
0
0
0
0
0
64
64
0
0
0
64
16
16
16
0
0
16384
0
0
32
0
0
2
0
0
0
0
0
0
64
64
64
1
0
0
0
0
8
2048
0
8192
8192
0
0
0
0
0
0
0
0
0
0
0
0
0
0
0
0
0
0
512
528
16
2
0
0
0
0
16
0
