0
128
512
520
512
524800
512
512
0
1024
2097152
136314880
2228224
131072
67239936
67108864
67108864
67108864
0
16
0
0
4096
0
0
0
0
0
0
0
0
33554432
33554432
33554432
33554432
33619968
33554432
33554432
0
0
0
262144
0
131072
132096
1024
0
32
0
0
0
0
0
0
0
0
0
0
0
0
0
0
0
0
0
0
0
0
0
0
0
0
0
16
16
0
0
8192
0
0
0
8
8
8
8
2097160
2097153
2097152
2097152
136314880
2097152
2097152
2097152
2097152
0
0
0
0
0
0
32768
0
0
1048576
0
0
0
0
0
0
16384
16384
147456
131072
0
0
0
512
512
512
513
1
0
0
0
0
0
2
16386
16384
16384
16384
16384
16384
16384
0
0
0
0
131072
131072
131200
134217856
134217728
134217728
0
16
16
0
0
0
0
0
2048
33554432
0
0
0
0
256
256
256
0
0
0
0
128
128
0
0
32768
0
0
32
0
0
0
0
0
0
524288
0
0
0
32
32
32
0
0
1024
1049600
1024
0
0
64
64
32
0
0
0
0
0
0
0
0
0
0
8192
8192
8192
8192
0
0
0
32
0
0
256
0
0
0
0
262144
0
0
0
0
0
0
1048576
1048704
1048576
0
0
16384
16384
16384
16384
8404992
8388608
0
0
0
0
0
32768
32768
32768
0
0
0
67108864
0
0
4194304
4096
0
8388608
8388608
8388608
0
0
0
0
0
0
32768
0
0
0
0
0
0
0
0
0
0
0
8388608
8389120
276824064
268435456
268435456
268435456
268435456
268435456
268435456
128
0
0
8
8
8
16
4194320
16
0
0
0
0
0
0
0
2097152
0
0
0
0
0
1048576
1048832
1048576
134217728
134217728
134217732
150994944
16777217
16777216
16777216
0
0
0
0
0
0
0
0
131072
131072
131072
0
0
67108864
64
66
64
64
64
64
0
0
0
0
0
16384
0
0
0
0
0
128
128
0
0
0
0
0
2
8388608
8388608
0
0
0
0
0
0
16384
49152
32768
32768
0
0
0
33554432
33554464
33554432
0
0
0
0
262144
2359296
17039360
16777216
16779264
16777216
16777216
16777216
16777216
16777216
0
0
8192
0
0
0
0
0
0
0
0
0
512
512
512
0
262144
262144
0
0
131072
0
268435456
268435458
268435456
0
0
0
0
0
0
0
0
0
0
0
0
0
32
32
32
4194304
4194304
0
1048576
1048576
8388608
0
0
0
0
33554432
0
0
131072
131072
131072
0
0
32768
32768
32772
32768
0
0
8388608
0
16777216
16777216
16777217
4097
4096
0
0
0
33554432
0
0
0
0
0
0
0
0
2097152
2097152
512
0
0
1024
1024
1024
0
0
0
0
32768
0
0
0
0
1048576
68157440
1048580
1048576
1048576
1048576
1048576
1048576
1048576
2
33554432
0
0
4194304
4194304
4194304
4194304
4194304
256
16384
0
0
0
0
0
0
524288
524288
524288
0
1048576
0
0
0
0
16384
0
0
0
0
0
0
0
128
8192
8192
0
0
0
0
0
0
256
256
1024
1024
1024
268435456
268435456
0
512
514
2
2
2
262144
8388608
0
0
262144
32768
524288
0
0
0
1
1
1
1
32768
32768
0
0
0
0
0
0
0
0
0
0
0
0
0
0
0
0
0
0
0
0
0
0
0
16
0
8192
0
0
0
67108864
67108864
0
33554432
0
0
0
0
0
16384
0
64
0
0
0
0
0
0
2
2
2
2
0
0
0
0
0
0
0
0
0
4194304
0
0
0
0
32768
32768
0
16777216
67108864
67108864
0
0
128
128
128
128
32
33554464
32
32
0
0
8192
0
0
512
512
0
0
0
2048
2112
2048
67584
2048
0
0
0
0
131072
131136
131072
8388608
8388608
8388608
1048576
1048576
0
0
16
16
0
0
0
524288
0
32
65536
0
0
0
67108864
67108864
0
0
0
0
0
8388608
8388608
32768
0
0
0
0
0
0
4096
4096
4096
4096
4096
0
0
8
2048
2048
0
0
0
0
0
0
131072
0
0
0
16777216
8192
0
0
2
2
16
48
16
16
262144
134217728
0
1024
0
0
65536
0
0
67108864
128
128
4194304
256
0
0
524288
524352
524288
524288
524288
0
0
0
0
0
524288
524288
524320
32
0
0
0
0
0
0
0
0
1048576
0
0
0
0
0
0
4
0
0
0
16384
16384
16384
16384
16384
16384
16384
67108864
0
0
0
0
0
1
0
0
0
0
131072
0
0
268435456
268435456
0
2
2
2
0
16777216
0
8192
8192
8192
0
0
0
64
64
64
0
0
0
0
0
0
0
0
0
8192
4
4
0
0
0
65536
65536
65552
327680
65536
0
0
33554432
0
0
8388608
262144
262144
1
1
1
0
4096
4096
134221824
4096
4096
0
0
0
0
0
0
0
0
131072
4325376
131072
0
0
2
0
256
256
272
16
16
0
0
64
131136
64
4096
4096
4096
4096
4096
4096
4104
65544
8
0
0
16384
0
0
0
0
0
268435456
0
4096
0
0
0
0
0
512
0
0
0
0
16777216
16777216
0
0
0
0
16
0
0
0
128
1024
0
0
0
0
0
0
2048
0
0
0
65536
0
0
32
0
128
1024
0
0
0
0
0
0
0
0
0
0
0
0
0
0
0
2097152
0
0
16384
0
0
0
0
0
4096
528384
4096
4096
0
0
0
65536
64
64
64
4
134217732
134217728
134217728
0
131072
131072
8388608
0
4194304
0
2097152
2097152
2359296
2129920
32768
32768
