2
593870738 694710664
1000
1 80653473
2 516743154
1 836255685
2 821192009
1 943219211
2 241652072
1 358401717
2 108250228
2 12981440
1 10414757
2 897430822
1 43113283
2 230183040
1 152596090
2 884940872
1 456278080
1 482848613
2 387806634
1 118880903
2 470248257
1 538452986
2 617141103
1 62564655
2 238727175
2 797637964
1 570340452
1 1028695276
2 498200531
1 736220067
2 793135591
2 10707987
1 664985056
1 47125904
2 653602686
1 56675827
2 942434806
1 873190111
2 910791995
2 187856333
1 224163488
2 708322473
1 857322061
1 943349401
2 290194078
2 619902268
1 609227376
1 1018954658
2 504194611
1 424858785
2 216342175
2 750629121
1 60843375
1 696887481
2 1019589214
1 312927985
2 272180208
1 319712512
2 315850059
2 878765035
1 936406930
1 267015964
2 720919367
1 432041574
2 762464619
2 51160334
1 766900893
1 660934497
2 319832902
2 59014560
1 450901962
2 40732561
1 853286743
1 45424889
2 1047539248
2 729957573
1 228222870
1 597199905
2 1018411394
1 140461588
2 64741597
1 447561336
2 417528839
1 531518503
2 254286844
2 266495436
1 785006638
1 864296047
2 429725785
2 275060776
1 830924766
1 831366010
2 694182604
2 821488362
1 468152552
1 722752574
2 403796849
1 597013418
2 870335014
1 734298616
2 895373644
1 790303787
2 554899691
2 419178291
1 815222379
1 861195984
2 323916173
1 141208019
2 181796743
2 1034301097
1 246116506
2 93440958
1 385824537
1 559302992
2 719410616
1 798362864
2 205822910
1 1018943910
2 13215983
1 738289703
2 116935157
2 801530263
1 16987953
2 799678596
1 715426340
2 359454795
1 940624349
2 646873241
1 626360785
1 913069549
2 457498894
1 245754084
2 267087337
2 956422537
1 10387357
2 125500285
1 976189676
2 888044939
1 36660032
2 607829657
1 142573683
2 987801531
1 246874858
1 536640122
2 891116341
2 367699021
1 341627687
1 844712195
2 571082681
1 125965195
2 453749114
1 775968900
2 1065896603
2 528470792
1 302854968
2 1042698698
1 83316194
2 1068871215
1 114297126
2 189566109
1 16276253
2 427769296
1 562913798
2 638411685
1 880470951
1 390141544
2 644941491
1 503536984
2 390761820
2 614965278
1 208553228
2 311539409
1 48151686
2 731868193
1 853946239
2 849204154
1 191816544
1 920254129
2 249935439
2 669242822
1 915112266
1 515546914
2 920775349
2 131308687
1 889189741
2 878931952
1 203727915
1 251260111
2 958192174
1 1960056
2 327684232
1 939689551
2 233378754
2 356834825
1 850965014
1 337806216
2 645743194
1 538595184
2 291752032
2 278181240
1 405333553
1 1069468777
2 834529695
1 238461868
2 1068219296
1 883830506
2 3556390
1 210467681
2 210012979
2 28498266
1 940505262
2 995651713
1 237588565
2 547636125
1 35688069
2 244521583
1 407409250
1 117803176
2 419762692
2 643792540
1 631927985
1 634143852
2 666189256
2 661503286
1 376471043
1 938778568
2 965339730
2 611264123
1 712306797
2 830632754
1 699516120
2 200427643
1 351785403
2 411070812
1 179921725
1 705287372
2 300230570
2 753964964
1 299514860
1 883582404
2 533325030
1 789702364
2 483688536
2 686531060
1 607151680
1 746490937
2 811097561
2 532054119
1 305172104
2 982291481
1 426492359
1 670049647
2 888760830
2 92532825
1 985719367
2 439751515
1 737581676
1 482117280
2 345326954
1 357038734
2 1048069284
1 315930984
2 591245502
1 1004866608
2 358395164
1 124679608
2 596785077
2 412614575
1 286474199
1 397068269
2 265159039
2 581663153
1 276358198
1 654129024
2 680559103
1 672082256
2 878592471
2 219466057
1 46797763
1 215868190
2 71514691
1 452958907
2 850053228
2 901618219
1 510400473
1 426833625
2 934418803
1 534971906
2 892044167
1 993678382
2 308235054
2 510449695
1 499868243
1 422582906
2 809751618
2 158838752
1 301464201
1 780964836
2 920026794
2 1023626910
1 734943592
1 844973025
2 166976522
1 409041756
2 985436607
2 710296915
1 506400379
2 528549621
1 682802117
1 840255039
2 917466175
1 68389342
2 251340992
2 588688883
1 763016305
1 968566316
2 744567043
1 933465152
2 57303655
2 77437728
1 675093750
1 907561798
2 565132147
1 404306229
2 485582186
1 809533100
2 1021893388
1 719309005
2 613609902
1 294467517
2 66350054
1 333963942
2 168897956
1 258223818
2 1054174680
1 325219952
2 913958247
1 467352574
2 832089666
1 1065713917
2 588033432
2 681867817
1 316574910
1 152769432
2 628696831
2 1005143590
1 897159756
2 481891504
1 983994725
1 1012165556
2 417547631
1 72387617
2 507423699
2 32923857
1 633892833
2 16608941
1 957694142
2 265015303
1 998839599
1 771421198
2 34120686
1 709299046
2 769153125
2 422372436
1 1064627676
1 130926862
2 969401977
1 635869890
2 1020544574
2 222473662
1 261101451
2 956858299
1 741605980
2 347006874
1 685510631
1 151220981
2 785587656
1 550478149
2 711279114
1 81470352
2 921821430
1 85594308
2 833814831
1 227386979
2 725475380
2 140829958
1 639319776
1 1021413094
2 188244273
2 868667582
1 299138896
2 814988058
1 911251947
2 1067275183
1 867050459
1 149244489
2 268197551
2 293689824
1 505304015
1 844667300
2 762597574
2 995957956
1 914024394
2 795447363
1 866606042
1 342046880
2 62503598
1 278442579
2 253534320
2 44667083
1 254861577
2 96291509
1 443090290
2 285310107
1 637731836
1 563868822
2 121406394
2 374685874
1 93767009
1 497870965
2 172484207
2 706853926
1 517838614
1 436163773
2 391386383
2 26044714
1 857236964
1 818654986
2 515013830
1 930243951
2 821990171
2 1032645765
1 583686306
1 481093171
2 864414997
1 526707551
2 356958878
1 30278591
2 964266879
2 308166795
1 544229076
2 817242085
1 291529979
1 62222972
2 308979534
2 920618387
1 101732828
1 54517571
2 890654228
2 135936895
1 727016877
2 718638820
1 473010376
1 607287407
2 31334733
1 127337662
2 147028109
2 1019212376
1 452351522
1 759973683
2 140655635
2 751021515
1 665105873
1 289204226
2 167774891
1 744980018
2 786368001
1 809911476
2 235811072
2 285026472
1 26693905
1 13165419
2 901717887
1 627277590
2 1057737399
1 586455863
2 2623229
2 760365172
1 327495552
2 830976314
1 860059652
1 85733900
2 674032928
2 713654059
1 569336465
1 297719754
2 283330563
1 980317893
2 26291426
1 287431436
2 248500356
1 430349899
2 631976621
1 188437967
2 537775949
1 475193205
2 375939973
2 693041753
1 459030847
1 351599324
2 570717222
2 12300592
1 866852384
1 816778971
2 11196926
1 261969778
2 420700825
2 861860037
1 1043760923
1 553831423
2 178592537
2 169455182
1 529357651
1 1034587257
2 1000796979
2 982024128
1 505089848
2 1048141928
1 287937066
1 353140706
2 586578466
1 823510052
2 427908973
2 443977948
1 974070409
2 38308977
1 449756198
2 436216516
1 586285751
2 174001960
1 503069736
2 569511018
1 391739289
2 632264685
1 342804569
1 235586935
2 48347994
2 68107874
1 424913471
2 647950489
1 419209285
1 679969551
2 621558941
1 659415599
2 500131179
2 697157204
1 526640588
1 488163178
2 880031389
2 444282782
1 163861588
2 470357573
1 475665351
2 1038541573
1 972012742
2 296503207
1 861980393
1 447992756
2 959516876
2 635361027
1 159407915
2 513627379
1 658094202
2 1009354340
1 779565286
1 310275092
2 931887112
1 126527707
2 960088142
2 142877789
1 711868288
2 579539303
1 231350125
1 580137162
2 817369096
1 372169336
2 940290213
1 463847052
2 870497607
1 569025532
2 866948351
2 685066545
1 686111334
1 477239673
2 574635432
1 539147079
2 75213420
2 1016654599
1 1048694333
1 1035186236
2 13665193
2 542964982
1 1072320472
2 630453042
1 790071579
2 219280531
1 313750809
1 407637860
2 1043038852
1 654596956
2 246290831
1 206403781
2 534818700
1 273435672
2 478891369
2 106644624
1 498286177
2 790587666
1 612875589
2 5418822
1 710676213
1 668786903
2 840460779
2 987030513
1 207976052
1 505022412
2 36697437
1 262956415
2 320738956
2 162109587
1 156658388
2 177497125
1 440859109
2 214522273
1 510793254
2 1069484759
1 307623848
1 522022694
2 745956948
2 1002215027
1 86014234
1 687684972
2 1061634459
2 718930255
1 471045089
2 125067936
1 939689154
2 337517494
1 664977800
1 1029704371
2 478680719
2 942388271
1 484492946
2 539030701
1 947563293
2 422187597
1 197018832
1 844336457
2 944309040
2 576577308
1 535065800
1 462459626
2 24803436
1 933950148
2 897124310
2 30321910
1 421528336
2 394101384
1 1049548085
1 452338742
2 985428900
2 952883142
1 791319704
1 390040787
2 667722411
2 272751604
1 942655862
1 655921966
2 86671116
1 114250229
2 100270642
1 68377466
2 861643259
1 329131999
2 800880518
2 445270076
1 946409715
2 347230525
1 447958981
1 599756215
2 305021070
1 360990655
2 1032227387
2 556879820
1 17146676
2 843507956
1 789658057
1 684554295
2 69933411
1 590088208
2 963435680
2 112418959
1 897440871
1 739114079
2 316869501
1 766899797
2 1595124
2 260975868
1 37356036
1 668364116
2 847940882
2 879278996
1 659738079
1 726627922
2 86827918
2 725715403
1 777128566
1 19332169
2 260052110
1 209355548
2 367359869
2 650786716
1 518893795
2 588868064
1 761643655
2 946283267
1 423399788
2 421922131
1 96937024
1 228079554
2 988188264
2 774697380
1 66735858
1 790576129
2 165859052
1 633996971
2 563309358
1 742121999
2 841428021
1 126536849
2 567695738
1 1032311206
2 515725599
2 738299651
1 768782994
1 692421970
2 447693666
2 928414185
1 754375585
1 371367892
2 292404480
1 279106462
2 754488546
1 1065961552
2 542968051
2 400678035
1 228571020
1 536614076
2 538425737
2 881912058
1 318210962
2 412728410
1 569136387
1 378296943
2 171121448
2 7403189
1 947628539
2 116166970
1 671850839
1 1073369546
2 874676464
2 1019218314
1 321009306
2 167280723
1 466223297
2 494777269
1 1061906118
1 554905617
2 372299659
1 240705793
2 432841403
1 980378016
2 810594773
2 35414037
1 805595380
2 178487964
1 366066137
1 820871827
2 75727401
2 852377444
1 458609479
2 46457442
1 417976593
2 63858486
1 449564606
1 451418862
2 1031958774
2 465687480
1 192202213
2 61588909
1 115947897
2 277275610
1 26703084
1 780570381
2 582843226
2 88019331
1 659254635
1 129018443
2 234115465
2 819006568
1 794172455
2 232407973
1 332668785
1 810031554
2 577982688
2 584783241
1 176490768
2 528345864
1 529784818
1 866474241
2 509201146
1 878090925
2 468248320
2 778347978
1 301884112
1 268261022
2 437485403
2 571419956
1 1014859086
2 144810704
1 937798743
2 462654578
1 597227321
1 769617287
2 720990620
1 443907582
2 511009215
2 862240873
1 469084451
1 885458184
2 308898018
1 554640049
2 633071065
2 33440660
1 492199363
2 110546560
1 181906440
2 229014546
1 390138574
2 824774275
1 327049511
1 542114332
2 485361979
2 957893775
1 48408343
2 225041056
1 748061773
2 294084010
1 117652415
1 952312545
2 709586337
2 670223605
1 1043071925
1 656599803
2 28580925
2 397124887
1 680944031
2 979313263
1 567707995
2 576597606
1 943503641
2 564848966
1 106655803
2 721791636
1 203843890
2 664051567
1 36095110
2 666139129
1 325943921
2 1013936437
1 906054850
2 805279391
1 677009348
1 255032541
2 46828083
1 728723687
2 899174966
1 691467618
2 457108028
1 736768810
2 303911638
1 228667482
2 635839762
1 806478725
2 584747306
2 900420263
1 631752904
1 692719019
2 552972568
1 906981609
2 143784134
2 354475817
1 30276871
2 886597892
1 176526850
1 698671892
2 980621339
2 266277664
1 378703458
1 914891167
2 614333818
1 23185447
2 229996355
2 252615945
1 1057834785
1 319646626
2 980267825
1 838872560
2 314900603
1 92742373
2 42355267
1 280131332
2 506641576
2 158151192
1 530957412
1 261472108
2 686077824
1 964638380
2 128560284
1 295799618
2 946876991
2 867979650
1 712931324
2 787167525
1 955759330
1 226223084
2 506997304
1 204256866
2 95385617
1 342094432
2 161277656
2 164724289
1 575318981
2 765607225
1 947113418
1 337535527
2 288925497
1 699241379
2 588087406
2 685472596
1 772717298
1 707815801
2 803265288
2 971253
1 194593879
2 1019010106
1 1014388915
2 630049661
1 819353405
2 343648535
1 768047264
1 525497644
2 386539095
2 287523626
1 769732117
1 1034379926
2 470068932
1 101735067
2 565282846
2 730969478
1 970996665
1 316737140
2 630579544
1 394062270
2 43415312
1 868816519
2 170137129
1 174577716
2 165198487
2 697431683
1 206068025
2 398792118
1 703566128
1 493445641
2 328327305
1 194404887
2 346552290
1 456256605
2 1013705467
1 71195331
2 262366370
1 904072643
2 830624487
1 497019224
2 758620336
2 518214418
1 1009657629
2 1020238304
1 221006262
2 1032761313
1 716146900
2 501556660
1 995187477
1 267440747
2 914998363
1 215087137
2 974048063
1 628938578
2 969873982
2 382115008
1 560951513
