55
1028446196 1028306100 1023135868 1058708998 1064926058 955058843 901522250 899859716 914748650 817511706 870791359 860479020 848524104 855360202 841796148 769593659 738476749 745436157 800981310 691513040 676428236 724537620 716395472 620627580 648497990 564101795 569514457 561692615 594381166 489636642 510205547 430943733 464309864 462508471 455013554 366437407 354013137 336112885 399651075 386970829 371880050 377378760 296401962 306011332 228767533 222239601 212712662 209000223 245667926 236412420 153026050 158185946 148294423 75299475 31616953
1000
39 404410393
35 478196637
3 809157012
21 776370090
50 229364554
30 301418541
22 772020338
36 479834007
10 662172427
41 468633174
6 1036672529
49 220000406
16 752468208
1 901834355
14 540828318
51 255498463
26 721915725
12 643179828
5 1026833884
8 958746076
48 47868043
11 655758360
17 749441556
7 1036281569
45 32426627
47 48444621
46 40350058
53 139379756
18 789681561
20 797863710
38 419665005
33 497226971
44 67465915
43 446564213
27 733327312
28 344391716
23 783179343
4 820334088
31 282307609
29 385337016
40 453218816
19 804370919
2 928756964
52 263331776
15 579694390
9 614488292
25 675944811
34 472389639
42 447332397
13 638811279
24 700885981
37 525535267
55 174167193
32 316788392
54 174975508
7 869855411
37 470120256
43 111136351
22 589573352
23 594857827
29 715297461
36 470809739
6 863569493
28 688192162
55 187297265
35 331841139
16 941838628
4 843598114
2 906460016
27 680279167
1 888686202
54 178574339
42 105418983
3 828701920
17 940772278
44 17502558
5 843811064
11 1023640854
26 785804284
10 1018960861
52 161857729
21 568642584
48 214542327
51 139927041
46 64683506
31 355665018
15 1065613977
8 1011955237
39 492369384
34 329727267
18 952454569
14 1067651610
47 213385849
41 87700426
50 138453018
40 427262083
45 26158369
19 629703945
53 171996191
13 1064569104
24 600079886
12 1046487242
30 340259628
20 639242627
25 741455703
49 244463998
33 292567251
32 396229868
9 1017931416
38 492577807
48 339826903
26 1020853217
24 1006387401
50 406123450
40 241454044
36 162623916
29 46806651
22 954977655
38 212025597
21 917235968
9 667931755
41 257944119
37 178911322
35 134436824
2 568505369
20 897407223
55 520154170
31 98020833
27 20540129
6 615507068
30 56854327
5 590064493
18 886565967
11 701189336
34 119859262
7 631843961
49 385480811
32 91441811
54 520416659
28 48496715
23 1002387494
13 746978272
39 217709749
33 101133355
1 548799610
19 872675834
12 692188674
16 789726284
8 638287910
46 345671180
14 751025404
51 460669342
15 755986241
10 674083803
43 288164955
47 343149213
4 590139592
42 285149251
53 534163441
44 293005980
52 492522247
45 323708775
3 558403794
17 844344987
25 1021768439
18 524570852
21 432456686
35 728114918
12 52170191
19 525643310
27 374128578
6 80228795
24 343681922
34 676688401
51 891770164
49 942676826
43 538939667
22 459770492
13 39314851
32 699277250
15 502951772
36 718301082
40 652448546
46 1009149614
55 843379452
29 325713954
4 169752267
2 214770740
11 12677552
38 650065225
7 125362220
25 345493218
26 372332720
8 129230604
28 272623493
23 457242147
41 563948815
48 1046427547
3 245965855
31 773557151
45 1023762200
16 471463047
44 592644048
14 45097835
37 642159413
39 646155568
9 103361475
54 862093579
50 983012596
52 934594163
1 230654046
33 701649916
17 520214960
10 22830099
30 738260419
53 921749369
47 1019763820
20 507766170
42 570044056
5 80006708
21 1040704886
12 599839290
3 676603549
25 857428307
24 818853414
23 829020683
42 40863696
28 931826604
10 566593699
52 306785532
17 1034960709
9 746730798
49 509558473
33 138363491
6 759471051
37 235553910
54 343615417
38 237612854
47 524734475
26 854084346
51 269704980
2 689033998
5 770095220
41 62900045
36 244537878
30 915787629
39 26775512
7 758110593
35 248546034
11 569292941
15 646124395
31 152161266
16 986622940
40 4131840
29 927489084
53 363228257
1 696487549
43 114817724
18 1064291974
50 293831366
20 1055206950
34 191869120
14 646437149
13 635828088
4 767879298
55 337789931
44 417854951
32 149038979
45 481708184
8 752669680
19 1059461970
46 534971258
22 1042717134
48 512527506
27 897418637
40 854571830
47 928600978
51 1004408915
28 495955725
50 981693208
21 398764602
44 838084668
35 624083379
14 206542866
18 317842409
52 954827842
1 42117917
32 558418314
54 1045049058
34 615889068
9 69783980
25 468132291
23 349516724
41 854329583
7 113640457
5 23207644
24 358814659
22 401660442
48 888619528
46 922263573
11 143624507
26 529405518
10 179772081
19 275552811
38 741924157
4 51066379
30 552590701
53 957294972
12 162496910
3 48002514
27 494296237
20 394826052
33 569673239
29 570821205
43 869060266
17 221590175
2 47073426
16 218021470
55 1037964618
36 636184821
8 130367138
49 905816838
42 854055628
31 555944458
45 914808628
39 850498467
13 257471883
15 207606736
6 30281104
37 728294784
48 364244710
13 553734084
53 291543279
52 317079864
31 187543634
18 967156350
49 332576013
5 749095974
26 261705734
28 207069869
27 247535434
22 848409438
6 735618329
46 377770952
47 379633754
4 746423155
39 511473027
19 944693170
12 603559799
7 705687681
33 168149401
29 210932315
44 430380997
20 924901128
16 997239041
50 305437948
8 709022291
10 677417547
32 169197821
2 801608041
41 440189989
51 314857121
1 790896530
9 698888521
45 371505916
55 277766136
36 81155621
42 439371346
14 1069328851
15 1071317173
3 758464379
40 475727812
30 218102781
17 1005054957
38 506321205
11 658186576
24 821066943
54 297063333
37 63147204
21 862997451
23 828073131
34 162388943
43 445764829
25 257370836
35 70056451
49 1004007891
51 987770270
54 1066273704
19 277586052
48 875995956
13 234412103
46 811726659
3 27276046
2 47608894
14 234216168
55 1058979824
39 763935034
28 482445006
15 329217605
9 264873403
11 258257191
6 193590010
7 157516648
25 506473290
16 323065882
27 490032488
29 553522240
47 921349591
17 307432275
30 667740079
22 450777649
45 819465374
8 147297678
41 847503083
42 842298545
40 762634743
38 773997994
12 244930671
50 1001006650
4 2728232
37 775089658
34 724638117
26 494032139
52 983601052
53 946055662
21 351979965
35 720556667
44 824023161
23 420479044
20 386008844
24 520752107
10 261689379
36 794262387
31 657285914
43 830409355
32 648209329
1 58077583
18 289540099
5 73898441
33 630396127
48 34815399
13 789412947
12 674647959
44 263524674
3 976855945
27 495349223
51 85641996
28 489066247
2 1004027375
5 823437344
32 363472508
52 85755802
53 76377599
16 574329733
36 369991498
47 13381787
9 698921872
39 193363788
11 674620281
34 394461924
20 427755765
33 358134042
24 464477615
43 265593218
42 222444410
54 72693529
10 689354212
26 501416692
19 643179891
25 440250967
18 606288526
30 517036618
22 413814358
41 230016635
38 134723925
35 380697427
31 296775390
45 32339962
21 412234378
40 185360851
23 409753598
46 28202082
37 147332324
50 94354598
49 99681344
29 479538909
15 548111267
17 617642793
14 557661291
55 126205156
8 926854864
6 889010298
1 945947019
4 1026878795
7 929458218
32 584300448
52 1031067550
37 771432957
42 696665069
24 462340694
25 446987079
34 773139219
43 897852906
40 688142164
47 808282661
26 421110198
3 37216092
28 663451232
48 1061922198
53 1030071430
44 844632222
6 237506759
36 765879594
55 943744572
30 617106365
17 518094516
10 141405196
5 258514679
35 772277388
20 484904009
12 385832154
45 843776240
8 179096618
13 333409820
14 273041571
50 1063385199
49 1061342585
39 713831813
2 59224695
4 187824
31 571181471
7 214948614
11 381567686
9 160128557
29 630977255
1 99818849
15 525754981
51 1028803624
38 736213189
21 459169104
46 852756758
41 688264576
22 460020549
54 940487300
33 567668546
19 479921323
27 661547259
18 497128970
16 504810141
23 463409367
36 61558101
5 576810969
34 1059658173
26 961500451
20 898187762
40 118155050
17 810764826
10 671093672
14 761699062
11 705992837
42 181633953
28 980827764
48 278049185
46 243198028
31 1006642662
8 640184289
49 305599361
12 731946322
18 837444972
30 1011620030
24 923590142
32 1038041237
54 464755140
1 552197090
37 99523574
23 936862010
29 990246389
45 205517250
53 427940360
47 236304773
39 122242776
27 988728237
50 334561213
19 850564799
25 940141538
3 586153337
16 816662092
2 561157616
43 215539920
7 648637086
15 783182194
9 657315201
41 146880714
55 514065468
22 914304288
38 85743080
35 64019995
13 749543719
33 1061650526
6 603042103
21 922541256
4 581907151
44 211595614
51 355086614
52 402443555
38 555962174
26 677479385
39 652075570
42 985589860
6 166816900
44 992382404
5 148797435
34 597198422
30 765118865
49 1070790447
53 935291010
8 242299453
50 1014454974
9 246286505
37 556384390
17 442711750
36 546053427
23 335641703
3 195459279
27 777363869
35 537784792
28 784745060
25 722424041
4 193201238
51 1009537076
46 1053393541
18 431566873
7 161687970
52 1018901164
54 934559421
48 1058241676
1 167945157
47 1060904072
21 279568709
41 667245503
14 24253518
29 794856702
15 70971390
10 207154365
2 169268620
22 392668736
24 361818635
31 574919284
32 592439231
19 471512986
45 1041833405
33 590984323
40 655534752
13 12820476
12 5862507
20 482675137
43 992570389
11 223296980
16 86617929
55 883633101
30 657227500
25 745700007
20 393750367
33 598641876
27 714078874
28 673895933
29 670174597
21 276000276
34 1069259733
2 253190659
10 2444618
1 261994346
37 1010496841
47 877410964
35 1045536218
38 1014563185
26 723867412
16 467117189
46 893115296
22 790449021
31 660547097
51 862289647
41 945757433
17 449013337
50 868702564
18 388657971
4 194131374
6 113781187
3 237507902
36 1025754515
15 464720492
14 489505039
11 517666183
45 890864904
19 393987806
40 957564494
55 833586066
12 518308922
53 853546206
42 933453517
39 1014786940
32 651157840
43 915266799
54 841163706
52 854334106
5 139376807
8 49081952
49 867518416
13 496125985
48 880488588
23 747869302
9 32613173
24 742447573
7 103489705
44 919497899
38 1440210
27 139365998
24 932846708
34 243114973
22 895113916
5 544292258
33 240676313
30 188599051
3 777966514
17 958865524
41 116667658
44 433523454
16 959299571
18 996751526
13 667154001
8 583311841
7 565983848
36 4297222
12 631786730
31 207961582
1 698071073
52 350714953
28 184175744
15 661993656
53 336445369
35 252639772
10 612130694
4 541994186
20 886949347
48 280653055
32 249112323
2 696240030
40 59347016
42 110714852
11 610967151
23 912439828
46 473685062
26 139323398
49 272617507
45 457278497
37 7941872
19 809157598
43 410385461
14 658583770
39 49698899
21 901608806
6 567485922
50 318254202
55 374938556
51 330440334
54 363475401
47 493685381
29 190088254
25 928215222
9 599819661
50 477895470
36 253127354
22 1058033094
1 675087142
43 128116424
42 111532013
40 35195988
7 775063402
24 853217121
3 708902955
27 890219991
44 404094234
28 932402121
39 42376490
35 235930758
2 715925118
9 551734266
17 637092330
15 613993837
13 585849061
53 382624694
38 23879827
46 439551496
37 19261883
6 756366211
49 472318236
18 628625606
55 392782152
19 941020518
31 152080380
14 577788148
10 562286898
11 557540379
25 882460711
8 551531268
52 318275188
32 181571663
48 479034657
47 465182961
23 829181170
34 235581163
45 438134572
33 225914685
21 1011059174
12 584803112
30 160944606
41 78944557
54 399967491
20 972943428
26 882523575
16 612084418
4 732384761
51 293550956
5 746165110
29 934775509
5 724484357
52 399865990
43 35715316
28 863979804
33 233017769
4 687335090
32 227347117
41 20592477
54 317926569
1 759796392
40 132915416
42 23511387
53 302867261
17 976539964
50 384402634
25 807378955
37 152566997
30 208775341
26 841366428
10 661171063
48 342977345
35 265304918
19 875432673
2 797451894
38 69313661
14 1059843873
34 243321149
39 123712439
9 648641741
7 614028763
12 1053366572
49 357946008
15 1071682996
21 909471327
24 807012460
18 984731072
22 918118911
23 931087809
3 802656690
31 218077761
47 434663965
55 327848959
16 961980726
45 56216368
27 860395112
29 205438049
13 1053238938
11 552721399
20 886856062
8 640443828
44 38066476
6 610677694
36 142559559
51 383783433
46 430330346
7 8095675
20 524438392
31 599068645
4 47608188
27 624195527
9 250212852
51 1038456935
36 782968336
16 321323471
21 528752107
45 845649932
38 722518209
25 440913816
41 924643231
46 826115050
54 969129951
50 1035317433
10 220715659
32 573690913
37 787607981
22 533060042
1 106159344
14 134978973
35 567793198
53 959059606
42 913963931
12 209526776
55 944651387
17 316886495
18 273948038
11 234695364
43 896102125
47 834277266
8 15360650
34 558185004
26 410486114
39 715800726
23 477955393
33 582714160
13 137159208
44 859958417
19 281258605
5 20259478
49 1044854400
40 715264322
3 67406991
2 70652990
30 616963188
24 468245483
52 989455342
6 27312945
15 369649085
29 608981939
28 636967892
48 1063577708
6 16989519
28 526861513
15 138329941
48 925891638
32 442870061
21 323332184
7 16906255
43 778721122
55 986542871
51 833974118
29 415831599
38 597216172
41 763282471
17 179021053
44 674291491
31 448148289
10 224158544
5 26697515
54 942496633
2 91989831
40 764473633
27 510910123
16 156085898
19 400983650
12 146702164
11 246360910
35 611941348
50 810204897
46 717255853
1 73810899
24 513511948
36 626237089
42 781961459
20 321049577
23 514271712
13 146615139
30 424637709
52 832372492
47 876189947
8 57643083
45 696761464
39 747746394
49 927050330
33 467898796
22 497383266
14 149280577
37 645121356
34 605035604
26 506768585
3 106754180
53 838247663
4 127418494
9 232630695
18 339056302
25 513106043
46 80743804
15 563711776
39 469910622
50 208904594
54 240664104
51 209465578
45 61455935
16 573664706
24 735831309
41 491673832
