100
436283000 419086673 404912216 422257261 488148357 526018447 515616823 506457046 367939024 338907610 380549062 376351347 370686153 401373717 334580655 274356144 284642698 290343548 264337509 263048232 254307258 242187457 236179481 247002855 248213870 221428399 229323186 213588031 167784583 179166732 176533662 183138809 196982084 186306078 190064790 159260191 153537380 164762518 160372818 143143475 145235336 148412578 135501096 137649513 142093321 140618101 140348409 74951283 27526803 65830094 939890701 862929857 817407940 878430377 881866986 901995363 909053689 608538426 633125263 652730894 646395606 648329199 644818362 665258427 656470503 578115677 574015095 571370656 585073517 584530923 584005362 586138591 586330563 579739128 581143287 582719343 587340416 599002243 599581585 598652903 596778073 595891106 595609606 595721967 595849887 596527232 601131074 603312624 602337349 602922219 569563710 538390724 549852498 743430128 749712608 765171939 758630963 774027402 798996841 705659436
1000
2 688224093
96 235811357
97 253191715
21 799137605
31 759239385
35 756930864
67 831322304
36 764900542
88 100265622
79 463527995
58 1009365490
28 761237064
60 1028297519
49 1001108283
93 66855841
70 866345638
11 711290299
7 701594253
92 49506872
94 248558902
43 754695580
54 1047379311
42 753333925
64 912205791
30 759877637
47 604766934
24 785906578
99 192092131
74 494453555
89 77771301
29 760627862
85 85072925
83 437539573
73 843144959
53 950566725
86 92888070
16 714108546
37 746391385
90 107376647
95 244062674
22 784048969
82 455152398
91 32131404
69 826741203
5 699567011
26 760800340
55 1061035565
68 825793887
98 202688048
46 577327604
8 686140179
14 710232543
15 718949364
3 689163666
17 725744829
75 525346510
41 749471638
18 734160873
12 712755610
44 751209095
61 1038566280
76 412442853
34 763307957
87 96447864
1 691209977
66 807972850
48 991503886
56 1067698115
72 853918170
51 961821016
20 791662101
84 358989045
63 876184933
78 468152588
39 746625927
32 759566518
59 1013509554
33 761380075
57 1016676953
62 903439647
100 140800044
81 455045434
23 786991007
52 968061588
71 860154458
80 461364470
50 974022467
6 698153423
4 693502196
65 820068195
40 747761602
19 730350167
27 761067756
45 752499147
10 708554508
9 704823403
38 741414836
77 424715135
13 708954087
25 779995268
1 479543172
89 747857185
42 18828008
10 221592028
99 924968953
45 18200659
22 51793370
17 40208618
16 35524055
39 20354695
28 56650103
15 45769599
65 83100204
73 127242348
98 1054686156
97 978434142
74 126530772
69 131929379
21 52185963
96 1002803785
41 18354127
83 129016701
25 51343414
44 18182504
3 161459986
9 238775230
75 126876346
81 129112015
60 22406242
40 18529001
36 30719276
79 129954520
100 810567041
59 22139168
43 18741743
26 50730791
30 15916427
11 218802963
50 17867504
18 62938894
51 17147338
56 17562004
47 18274242
4 144437470
67 69176226
62 22906373
31 13446357
8 243711323
5 266845380
70 133456181
82 129215054
86 104409554
68 124897483
19 66541365
80 129374004
52 17250243
37 19641592
13 230357372
32 11807739
38 20731463
57 21231441
7 257591514
85 100725710
87 107937163
95 993248957
78 129522555
54 16791575
29 7867366
77 128419968
23 51749679
61 22678241
6 254488025
66 74635605
35 26900069
53 16991256
12 225398960
90 776671202
27 52477794
14 215311115
48 18336877
72 126986416
58 21526637
91 797177401
93 962657928
2 172171451
49 17977885
64 87032313
92 692168123
76 126288302
34 28029215
88 659333740
94 952031635
20 59158266
55 17749454
63 24977322
71 127625618
46 18120129
24 51444727
84 116908978
33 29126030
93 564024733
39 116150371
31 55815685
83 567983241
79 538679844
91 564563222
73 548058270
60 883386356
88 564344539
10 49576687
64 736536429
65 722883947
8 223701793
94 562918765
16 47700439
89 564385409
49 1034721368
37 123503666
19 42914187
22 46106805
67 707760137
69 754575454
92 564727223
54 917614286
75 547554729
17 43439054
7 267239087
3 149747624
24 45507546
99 655998461
35 23675363
6 182056668
61 875628559
2 137829418
42 70791817
95 558669802
13 48627832
29 62162975
28 36337613
98 637877403
48 984725813
76 546351080
26 39035425
81 568614447
18 41985332
80 545148013
32 57616319
74 547722241
50 1060458060
58 901592903
46 509445479
41 106858661
90 564468179
84 565888243
63 730739304
71 774683777
85 564228429
1 152900564
87 564269275
9 49435107
70 742625754
86 564192967
34 13922780
66 718710392
55 918866021
5 186118276
11 50056919
68 757524463
53 913705775
12 50262908
30 52505380
43 94833653
62 697853557
77 545827236
4 195273024
38 112934513
82 566359384
14 46356292
20 42653188
97 617747256
56 935491178
47 969656742
36 30280370
40 100884317
27 40058007
52 830797545
44 356090029
33 4600503
45 432082549
15 46686676
59 896919929
25 44139726
51 861985900
96 578074105
21 45964764
23 45823917
100 666421921
78 551932895
57 923086832
72 548498337
22 480500636
29 400348344
33 137883656
67 1039364993
50 114663256
61 9242935
76 1044085113
24 501419494
47 110037661
73 1056720856
31 242498372
72 1071625772
80 995627898
87 986750874
88 955552164
11 445279083
86 977890675
71 1058023136
58 75579863
95 621426169
75 1046251238
85 980574395
99 550535621
34 134387392
8 446424926
90 902269978
2 425449149
40 186855248
26 280750881
93 865895577
64 1010939222
35 142135316
7 446334703
1 405479433
18 465627978
44 105724692
82 1003382329
63 56675734
45 111474891
57 78341632
13 447802512
41 192931456
16 441189969
94 738924716
98 543401185
79 992369024
54 85785383
17 453481120
97 557775989
60 69624876
66 1021739428
32 149028572
56 95542257
89 931845210
62 41725590
36 154412010
23 472175028
81 996307811
20 535323603
9 446207659
27 341318191
48 116925148
21 506907957
53 90762818
84 973910266
46 110294199
14 439219266
59 80026296
15 438059031
52 123243216
37 158619459
100 586094270
43 103576006
39 178131780
91 890396741
96 569495900
4 451703770
10 446460884
49 115889737
74 1051071138
42 194930505
12 447560811
51 113625497
30 373912122
69 1034628180
19 463588987
92 885693156
28 366504994
83 977001054
68 1037979632
55 87983687
70 1027079281
6 445726108
38 165112709
78 1041642135
65 1007573233
3 450243274
25 488596563
77 1042445712
5 446162693
94 378979743
18 611789117
42 104813592
36 68865277
89 357045807
74 122689252
59 111304009
91 341315517
100 388892114
51 107929810
49 108816104
85 334945669
46 108398916
43 103116080
26 151919573
60 109185932
39 100157427
88 355841646
90 350414958
27 164068048
5 1004719159
37 90091807
86 367755578
61 116126964
15 786481222
12 1007367475
24 158705415
68 113347968
87 353077146
28 165195296
25 156750018
29 166748823
2 970096668
69 114697408
19 136064007
52 107982758
48 108654961
8 1072887603
13 1030172447
33 205698538
83 472247625
92 374372362
78 529104511
1 823467364
23 148200757
45 102438305
95 381418740
6 997987189
41 95136236
73 123466324
82 482068478
17 755681486
9 1021618326
10 1012313076
70 126202601
47 108218670
96 383496909
16 803120194
56 107043733
35 79406872
79 525594750
4 1002435531
75 125437392
31 180850548
99 384375334
30 161141887
58 106215398
57 107451237
20 143880901
93 377525339
63 116500278
14 691131271
97 382261034
32 195735538
50 107606355
84 426397396
38 87601762
77 518418753
21 148947113
55 107805738
3 999931573
67 113610566
72 122281286
81 503086180
7 973876816
40 96584306
34 39057724
65 117432106
11 1014170555
66 114089735
98 381836212
76 120653237
44 101630900
64 117022005
53 107832608
54 107748724
62 115769640
22 150109320
71 130151549
80 491362013
14 462814019
61 685820408
40 763422964
21 147719283
15 457907288
6 479058650
43 754012633
74 661424712
19 193044659
92 938742765
79 612774687
28 7187530
18 425479260
13 502307742
22 212431465
84 1002801070
98 819791953
45 749178070
75 657429768
16 452642251
29 1313755
31 51356991
82 1023859212
76 663759916
26 20657271
59 687100101
46 746586319
49 740143492
67 587926970
83 998128057
97 866985375
48 744669372
55 684431389
3 483565921
78 669937922
77 668864733
17 439038815
35 129999353
72 647374948
81 1020093142
10 478044558
5 478206617
93 915336190
57 687595700
52 772146171
9 475068112
37 124858410
34 79848974
1 361029787
20 152330051
65 704247814
87 1001033024
38 106792783
68 543265934
2 522660899
39 758392752
23 240914629
47 743240955
73 659689178
99 807620730
71 642387732
53 733264034
27 27675848
96 849795797
85 1004952301
7 479703190
56 684791121
33 90302490
42 753734065
70 639825417
62 673542984
41 767872028
4 485221181
90 928885366
66 696788023
32 98936043
30 9276815
12 487671850
11 470389847
89 964508296
51 740774439
94 908264986
80 1046097531
95 889577007
44 750867623
50 738434829
91 922911235
88 985246849
24 248945951
25 251889799
86 1000093839
58 686948407
36 118740737
69 637827035
54 679977374
63 692983675
8 482243937
100 824612128
64 689394189
60 686381114
88 283454462
43 1024256961
22 778906350
40 1025721609
2 639995086
61 1003821516
62 1004660797
18 723614194
51 987619917
87 299011109
55 987905114
49 1032809944
90 273931458
79 306797661
91 472533341
73 335492452
36 1057948216
32 890604314
44 1028422976
47 1039442439
65 996477473
3 631624836
53 989281039
76 303455267
94 7790216
12 589651320
52 986215593
1 663799779
25 786518516
31 856784206
19 682311147
38 1043086437
78 307056965
95 230939447
89 278164974
48 1034944640
17 542132599
45 1029093295
57 977277470
27 780971317
83 311091819
66 942814525
67 400336233
80 306385718
68 340906619
42 1024562732
5 580657722
74 305315105
81 307981323
21 769441091
23 773252953
24 785558516
41 1027226435
13 590983037
58 976945526
15 565244676
35 1072791214
11 587698796
75 302768929
82 315772503
7 592480939
72 367453282
100 170752271
60 1000397389
54 988433201
46 1030650052
14 556357449
26 783666532
29 804713856
77 309768141
63 989922880
20 751859466
34 1068941129
85 285387359
97 202045122
39 1013524617
70 354740929
59 999877044
64 992334259
8 594920724
93 120283005
9 594169029
96 217626068
98 257014346
37 1049927502
30 814525938
99 165207272
84 312860777
92 453697913
86 293627887
28 791739292
4 609170649
33 926767148
16 550933723
69 346312578
50 982998424
71 357709900
6 601424522
10 588684753
56 981463706
85 1054240536
1 384162787
65 970783957
53 738963050
66 970465125
69 969083886
21 407748307
62 967574637
76 1055211531
57 1001880676
61 941127988
32 54963746
64 971391399
36 237530228
45 665957168
78 1055615404
40 265861309
96 1051679774
16 324708389
52 780978880
82 1054552172
89 1053874357
28 38688713
79 1056262964
91 1053938587
77 1055716764
26 117625312
44 615459023
30 66953584
100 1021376984
24 441496000
58 1005634454
17 321605378
54 894461224
83 1054639332
81 1052779067
59 973182451
88 1053867132
41 262933511
49 678982204
11 305755267
95 1053997206
63 972259437
42 234813801
56 995601213
50 683698237
31 62805735
34 18582521
33 9274106
99 1043006508
8 283879161
51 796577855
10 318450481
86 1054180436
84 1054333411
47 707497018
68 969237480
3 352605339
55 810581347
15 327409257
73 1073183673
20 435441177
80 1053556229
60 951504850
70 969882975
92 1053942495
46 585080503
72 1069102632
7 280874130
97 1045478859
18 511903391
13 335421952
35 245829180
94 1054020099
74 1065181705
5 269335840
12 332370602
6 276172705
23 453358346
37 252607423
90 1053913203
29 63955483
93 1053932818
39 264538531
38 266515185
4 288411047
87 1053841474
27 44897745
9 313362669
25 93302315
48 699980125
98 1047206229
75 1060115693
71 964468428
14 330375105
43 175833518
22 412171087
67 970004075
2 350971888
19 501382451
50 456594931
51 465164462
23 867347348
48 457859182
76 437452695
66 462090442
80 433326093
77 446131618
27 859288460
5 777523494
97 844619
52 465519732
18 544560376
58 463166715
68 461795427
90 262013883
91 227922746
22 865877937
95 47109689
87 239271505
8 784342822
73 466214564
24 862771984
21 870117581
53 464601639
1 790694255
33 981064573
88 243894344
74 466079795
49 454363354
16 662288123
46 535231799
59 462692687
4 798153751
2 789788745
75 467410494
38 349995653
45 477675010
15 656265914
28 844928885
99 16363963
32 998842761
94 128622857
31 992211122
20 809927146
62 462485896
11 726475235
98 4273273
60 462554907
72 467830769
9 781915952
40 341102997
26 860541415
34 1026315704
61 462660603
89 248364886
30 939895236
85 426659671
96 20881298
42 371419650
35 333853669
56 463265428
25 863435433
70 469664029
69 469351630
19 825219295
100 10877141
37 344842874
92 139713034
39 338940316
44 489364899
64 462302441
67 461947834
14 665008407
47 505373794
10 739078321
36 298549074
7 787502919
57 463003552
78 402687232
82 435464131
17 597694832
84 430179514
6 787443922
13 645037759
41 362339229
86 236104432
93 174989990
63 462515022
12 632109742
71 468963796
29 894653439
3 796339248
54 463672001
81 434247984
55 463432153
65 462212791
83 429452401
43 388884094
79 413356652
39 248572002
75 143869498
28 121087783
59 188364621
98 401665605
56 191314737
45 190750652
62 195946534
85 276577880
49 192072283
33 73540162
86 283057460
67 174352627
1 796491858
89 353628792
10 577562031
90 341709219
87 278867370
88 363611643
58 188120734
41 210240143
51 192623326
53 192931334
73 134220115
96 384524588
99 387069313
48 192264166
95 370066237
100 390071379
35 259045688
69 168933321
72 176645816
19 9721586
23 127800327
2 748738157
12 943512184
40 244397442
63 195484751
42 215926764
71 168529451
66 194358883
93 350507698
18 822230843
55 191806530
68 171543897
21 40507668
11 976564700
65 196285831
97 381047439
3 705670340
25 123371226
38 237777214
94 351555518
43 204162606
54 191414418
60 187386459
17 895329052
37 264638437
24 133731144
26 124819689
9 559456994
91 344574555
74 139103987
92 349079313
8 630635601
70 168152774
15 935795852
29 76752989
82 327147573
46 192410256
76 160855697
83 317290668
77 402760099
7 645440999
22 103459929
79 329081418
44 226004043
31 69049033
64 196620733
57 186142781
50 191989856
80 320669106
61 198733214
4 724885419
52 192508236
14 1068565344
81 322577535
78 492404862
16 916508495
27 119437495
20 57839609
30 82682989
5 697383130
6 660293788
34 84890922
36 263614948
32 71308239
84 296270460
13 1028886514
47 192158523
