2
537199156 42925249
1000
1 1006985561
1 343081205
1 971776851
1 813215923
1 237561290
1 34642531
1 97384098
1 42925249
1 965823557
1 830521738
1 949248933
1 498665278
1 696565868
1 312662657
1 140735507
1 116816696
1 778733365
1 189456045
1 746323351
1 287218788
1 899734867
1 168056320
1 937864280
1 890168573
1 132739157
1 834309494
1 776954687
1 92229975
1 982193924
1 279925206
1 607774223
2 965823557
1 279925206
1 982193924
1 92229975
1 776954687
1 834309494
1 132739157
1 890168573
1 937864280
1 168056320
1 899734867
1 287218788
1 746323351
1 189456045
1 778733365
1 116816696
1 140735507
1 312662657
1 696565868
1 498665278
1 949248933
1 830521738
1 965823557
1 42925249
1 97384098
1 34642531
1 237561290
1 813215923
1 971776851
1 343081205
1 1006985561
1 537199156
2 830521738
1 1006985561
1 343081205
1 971776851
1 813215923
1 237561290
1 34642531
1 97384098
1 42925249
1 965823557
1 830521738
1 949248933
1 498665278
1 696565868
1 312662657
1 140735507
1 116816696
1 778733365
1 189456045
1 746323351
1 287218788
1 899734867
1 168056320
1 937864280
1 890168573
1 132739157
1 834309494
1 776954687
1 92229975
1 982193924
1 279925206
1 607774223
2 949248933
1 279925206
1 982193924
1 92229975
1 776954687
1 834309494
1 132739157
1 890168573
1 937864280
1 168056320
1 899734867
1 287218788
1 746323351
1 189456045
1 778733365
1 116816696
1 140735507
1 312662657
1 696565868
1 498665278
1 949248933
1 830521738
1 965823557
1 42925249
1 97384098
1 34642531
1 237561290
1 813215923
1 971776851
1 343081205
1 1006985561
1 537199156
2 498665278
1 1006985561
1 343081205
1 971776851
1 813215923
1 237561290
1 34642531
1 97384098
1 42925249
1 965823557
1 830521738
1 949248933
1 498665278
1 696565868
1 312662657
1 140735507
1 116816696
1 778733365
1 189456045
1 746323351
1 287218788
1 899734867
1 168056320
1 937864280
1 890168573
1 132739157
1 834309494
1 776954687
1 92229975
1 982193924
1 279925206
1 607774223
2 696565868
1 279925206
1 982193924
1 92229975
1 776954687
1 834309494
1 132739157
1 890168573
1 937864280
1 168056320
1 899734867
1 287218788
1 746323351
1 189456045
1 778733365
1 116816696
1 140735507
1 312662657
1 696565868
1 498665278
1 949248933
1 830521738
1 965823557
1 42925249
1 97384098
1 34642531
1 237561290
1 813215923
1 971776851
1 343081205
1 1006985561
1 537199156
2 312662657
1 1006985561
1 343081205
1 971776851
1 813215923
1 237561290
1 34642531
1 97384098
1 42925249
1 965823557
1 830521738
1 949248933
1 498665278
1 696565868
1 312662657
1 140735507
1 116816696
1 778733365
1 189456045
1 746323351
1 287218788
1 899734867
1 168056320
1 937864280
1 890168573
1 132739157
1 834309494
1 776954687
1 92229975
1 982193924
1 279925206
1 607774223
2 140735507
1 279925206
1 982193924
1 92229975
1 776954687
1 834309494
1 132739157
1 890168573
1 937864280
1 168056320
1 899734867
1 287218788
1 746323351
1 189456045
1 778733365
1 116816696
1 140735507
1 312662657
1 696565868
1 498665278
1 949248933
1 830521738
1 965823557
1 42925249
1 97384098
1 34642531
1 237561290
1 813215923
1 971776851
1 343081205
1 1006985561
1 537199156
2 537199156
1 1006985561
1 343081205
1 971776851
1 813215923
1 237561290
1 34642531
1 97384098
1 42925249
1 965823557
1 830521738
1 949248933
1 498665278
1 696565868
1 312662657
1 140735507
1 116816696
1 778733365
1 189456045
1 746323351
1 287218788
1 899734867
1 168056320
1 937864280
1 890168573
1 132739157
1 834309494
1 776954687
1 92229975
1 982193924
1 279925206
1 607774223
2 1006985561
1 279925206
1 982193924
1 92229975
1 776954687
1 834309494
1 132739157
1 890168573
1 937864280
1 168056320
1 899734867
1 287218788
1 746323351
1 189456045
1 778733365
1 116816696
1 140735507
1 312662657
1 696565868
1 498665278
1 949248933
1 830521738
1 965823557
1 42925249
1 97384098
1 34642531
1 237561290
1 813215923
1 971776851
1 343081205
1 1006985561
1 537199156
2 343081205
1 1006985561
1 343081205
1 971776851
1 813215923
1 237561290
1 34642531
1 97384098
1 42925249
1 965823557
1 830521738
1 949248933
1 498665278
1 696565868
1 312662657
1 140735507
1 116816696
1 778733365
1 189456045
1 746323351
1 287218788
1 899734867
1 168056320
1 937864280
1 890168573
1 132739157
1 834309494
1 776954687
1 92229975
1 982193924
1 279925206
1 607774223
2 971776851
1 279925206
1 982193924
1 92229975
1 776954687
1 834309494
1 132739157
1 890168573
1 937864280
1 168056320
1 899734867
1 287218788
1 746323351
1 189456045
1 778733365
1 116816696
1 140735507
1 312662657
1 696565868
1 498665278
1 949248933
1 830521738
1 965823557
1 42925249
1 97384098
1 34642531
1 237561290
1 813215923
1 971776851
1 343081205
1 1006985561
1 537199156
2 813215923
1 1006985561
1 343081205
1 971776851
1 813215923
1 237561290
1 34642531
1 97384098
1 42925249
1 965823557
1 830521738
1 949248933
1 498665278
1 696565868
1 312662657
1 140735507
1 116816696
1 778733365
1 189456045
1 746323351
1 287218788
1 899734867
1 168056320
1 937864280
1 890168573
1 132739157
1 834309494
1 776954687
1 92229975
1 982193924
1 279925206
1 607774223
2 237561290
1 279925206
1 982193924
1 92229975
1 776954687
1 834309494
1 132739157
1 890168573
1 937864280
1 168056320
1 899734867
1 287218788
1 746323351
1 189456045
1 778733365
1 116816696
1 140735507
1 312662657
1 696565868
1 498665278
1 949248933
1 830521738
1 965823557
1 42925249
1 97384098
1 34642531
1 237561290
1 813215923
1 971776851
1 343081205
1 1006985561
1 537199156
2 34642531
1 1006985561
1 343081205
1 971776851
1 813215923
1 237561290
1 34642531
1 97384098
1 42925249
1 965823557
1 830521738
1 949248933
1 498665278
1 696565868
1 312662657
1 140735507
1 116816696
1 778733365
1 189456045
1 746323351
1 287218788
1 899734867
1 168056320
1 937864280
1 890168573
1 132739157
1 834309494
1 776954687
1 92229975
1 982193924
1 279925206
1 607774223
2 97384098
1 279925206
1 982193924
1 92229975
1 776954687
1 834309494
1 132739157
1 890168573
1 937864280
1 168056320
1 899734867
1 287218788
1 746323351
1 189456045
1 778733365
1 116816696
1 140735507
1 312662657
1 696565868
1 498665278
1 949248933
1 830521738
1 965823557
1 42925249
1 97384098
1 34642531
1 237561290
1 813215923
1 971776851
1 343081205
1 1006985561
1 537199156
2 890168573
1 1006985561
1 343081205
1 971776851
1 813215923
1 237561290
1 34642531
1 97384098
1 42925249
1 965823557
1 830521738
1 949248933
1 498665278
1 696565868
1 312662657
1 140735507
1 116816696
1 778733365
1 189456045
1 746323351
1 287218788
1 899734867
1 168056320
1 937864280
1 890168573
1 132739157
1 834309494
1 776954687
1 92229975
1 982193924
1 279925206
1 607774223
2 132739157
1 279925206
1 982193924
1 92229975
1 776954687
1 834309494
1 132739157
1 890168573
1 937864280
1 168056320
1 899734867
1 287218788
1 746323351
1 189456045
1 778733365
1 116816696
1 140735507
1 312662657
1 696565868
1 498665278
1 949248933
1 830521738
1 965823557
1 42925249
1 97384098
1 34642531
1 237561290
1 813215923
1 971776851
1 343081205
1 1006985561
1 537199156
2 834309494
1 1006985561
1 343081205
1 971776851
1 813215923
1 237561290
1 34642531
1 97384098
1 42925249
1 965823557
1 830521738
1 949248933
1 498665278
1 696565868
1 312662657
1 140735507
1 116816696
1 778733365
1 189456045
1 746323351
1 287218788
1 899734867
1 168056320
1 937864280
1 890168573
1 132739157
1 834309494
1 776954687
1 92229975
1 982193924
1 279925206
1 607774223
2 776954687
1 279925206
1 982193924
1 92229975
1 776954687
1 834309494
1 132739157
1 890168573
1 937864280
1 168056320
1 899734867
1 287218788
1 746323351
1 189456045
1 778733365
1 116816696
1 140735507
1 312662657
1 696565868
1 498665278
1 949248933
1 830521738
1 965823557
1 42925249
1 97384098
1 34642531
1 237561290
1 813215923
1 971776851
1 343081205
1 1006985561
1 537199156
2 92229975
1 1006985561
1 343081205
1 971776851
1 813215923
1 237561290
1 34642531
1 97384098
1 42925249
1 965823557
1 830521738
1 949248933
1 498665278
1 696565868
1 312662657
1 140735507
1 116816696
1 778733365
1 189456045
1 746323351
1 287218788
1 899734867
1 168056320
1 937864280
1 890168573
1 132739157
1 834309494
1 776954687
1 92229975
1 982193924
1 279925206
1 607774223
2 982193924
1 279925206
1 982193924
1 92229975
1 776954687
1 834309494
1 132739157
1 890168573
1 937864280
1 168056320
1 899734867
1 287218788
1 746323351
1 189456045
1 778733365
1 116816696
1 140735507
1 312662657
1 696565868
1 498665278
1 949248933
1 830521738
1 965823557
1 42925249
1 97384098
1 34642531
1 237561290
1 813215923
1 971776851
1 343081205
1 1006985561
1 537199156
2 279925206
1 1006985561
1 343081205
1 971776851
1 813215923
1 237561290
1 34642531
1 97384098
1 42925249
1 965823557
1 830521738
1 949248933
1 498665278
1 696565868
1 312662657
1 140735507
1 116816696
1 778733365
1 189456045
1 746323351
1 287218788
1 899734867
1 168056320
1 937864280
1 890168573
1 132739157
1 834309494
1 776954687
1 92229975
1 982193924
1 279925206
1 607774223
2 607774223
1 279925206
1 982193924
1 92229975
1 776954687
1 834309494
1 132739157
1 890168573
1 937864280
1 168056320
1 899734867
1 287218788
1 746323351
1 189456045
1 778733365
1 116816696
1 140735507
1 312662657
1 696565868
1 498665278
1 949248933
1 830521738
1 965823557
1 42925249
1 97384098
1 34642531
1 237561290
1 813215923
1 971776851
1 343081205
1 1006985561
1 537199156
2 116816696
1 1006985561
1 343081205
1 971776851
1 813215923
1 237561290
1 34642531
1 97384098
1 42925249
1 965823557
1 830521738
1 949248933
1 498665278
1 696565868
1 312662657
1 140735507
1 116816696
1 778733365
1 189456045
1 746323351
1 287218788
1 899734867
1 168056320
1 937864280
1 890168573
1 132739157
1 834309494
1 776954687
1 92229975
1 982193924
1 279925206
1 607774223
2 778733365
1 279925206
1 982193924
1 92229975
1 776954687
1 834309494
1 132739157
1 890168573
1 937864280
1 168056320
1 899734867
1 287218788
1 746323351
1 189456045
1 778733365
1 116816696
1 140735507
1 312662657
1 696565868
1 498665278
1 949248933
1 830521738
1 965823557
1 42925249
1 97384098
1 34642531
1 237561290
1 813215923
1 971776851
1 343081205
1 1006985561
1 537199156
2 189456045
1 1006985561
1 343081205
1 971776851
1 813215923
1 237561290
1 34642531
1 97384098
1 42925249
1 965823557
1 830521738
1 949248933
1 498665278
1 696565868
1 312662657
1 140735507
1 116816696
1 778733365
1 189456045
1 746323351
1 287218788
1 899734867
1 168056320
1 937864280
1 890168573
1 132739157
1 834309494
1 776954687
1 92229975
1 982193924
1 279925206
1 607774223
2 746323351
1 279925206
1 982193924
1 92229975
1 776954687
1 834309494
1 132739157
1 890168573
1 937864280
1 168056320
1 899734867
1 287218788
1 746323351
1 189456045
1 778733365
1 116816696
1 140735507
1 312662657
1 696565868
1 498665278
1 949248933
1 830521738
1 965823557
1 42925249
1 97384098
1 34642531
1 237561290
1 813215923
1 971776851
1 343081205
1 1006985561
1 537199156
2 287218788
1 1006985561
1 343081205
1 971776851
1 813215923
1 237561290
1 34642531
1 97384098
1 42925249
1 965823557
1 830521738
1 949248933
1 498665278
1 696565868
1 312662657
1 140735507
1 116816696
1 778733365
1 189456045
1 746323351
1 287218788
1 899734867
1 168056320
1 937864280
1 890168573
1 132739157
1 834309494
1 776954687
1 92229975
1 982193924
1 279925206
1 607774223
2 899734867
1 279925206
1 982193924
1 92229975
1 776954687
1 834309494
1 132739157
1 890168573
1 937864280
1 168056320
1 899734867
1 287218788
1 746323351
1 189456045
1 778733365
1 116816696
1 140735507
1 312662657
1 696565868
1 498665278
1 949248933
1 830521738
1 965823557
1 42925249
1 97384098
1 34642531
1 237561290
1 813215923
1 971776851
1 343081205
1 1006985561
1 537199156
2 168056320
1 1006985561
1 343081205
1 971776851
1 813215923
1 237561290
1 34642531
1 97384098
1 42925249
1 965823557
1 830521738
1 949248933
1 498665278
1 696565868
1 312662657
1 140735507
1 116816696
1 778733365
1 189456045
1 746323351
1 287218788
1 899734867
1 168056320
1 937864280
1 890168573
1 132739157
1 834309494
1 776954687
1 92229975
1 982193924
1 279925206
1 607774223
2 937864280
1 279925206
1 982193924
1 92229975
1 776954687
1 834309494
1 132739157
1 890168573
1 937864280
