10
506396215 298771231 506396215 506396215 506396215 506396215 506396215 506396215 506396215 298771231
1000
1 298771231
2 506396215
1 506396215
3 298771231
1 298771231
2 298771231
1 506396215
4 298771231
1 298771231
2 506396215
1 506396215
3 506396215
1 298771231
2 298771231
1 506396215
5 298771231
1 298771231
2 506396215
1 506396215
3 298771231
1 298771231
2 298771231
1 506396215
4 506396215
1 298771231
2 506396215
1 506396215
3 506396215
1 298771231
2 298771231
1 506396215
6 298771231
1 298771231
2 506396215
1 506396215
3 298771231
1 298771231
2 298771231
1 506396215
4 298771231
1 298771231
2 506396215
1 506396215
3 506396215
1 298771231
2 298771231
1 506396215
5 506396215
1 298771231
2 506396215
1 506396215
3 298771231
1 298771231
2 298771231
1 506396215
4 506396215
1 298771231
2 506396215
1 506396215
3 506396215
1 298771231
2 298771231
1 506396215
7 298771231
1 298771231
2 506396215
1 506396215
3 298771231
1 298771231
2 298771231
1 506396215
4 298771231
1 298771231
2 506396215
1 506396215
3 506396215
1 298771231
2 298771231
1 506396215
5 298771231
1 298771231
2 506396215
1 506396215
3 298771231
1 298771231
2 298771231
1 506396215
4 506396215
1 298771231
2 506396215
1 506396215
3 506396215
1 298771231
2 298771231
1 506396215
6 506396215
1 298771231
2 506396215
1 506396215
3 298771231
1 298771231
2 298771231
1 506396215
4 298771231
1 298771231
2 506396215
1 506396215
3 506396215
1 298771231
2 298771231
1 506396215
5 506396215
1 298771231
2 506396215
1 506396215
3 298771231
1 298771231
2 298771231
1 506396215
4 506396215
1 298771231
2 506396215
1 506396215
3 506396215
1 298771231
2 298771231
1 506396215
8 298771231
1 298771231
2 506396215
1 506396215
3 298771231
1 298771231
2 298771231
1 506396215
4 298771231
1 298771231
2 506396215
1 506396215
3 506396215
1 298771231
2 298771231
1 506396215
5 298771231
1 298771231
2 506396215
1 506396215
3 298771231
1 298771231
2 298771231
1 506396215
4 506396215
1 298771231
2 506396215
1 506396215
3 506396215
1 298771231
2 298771231
1 506396215
6 298771231
1 298771231
2 506396215
1 506396215
3 298771231
1 298771231
2 298771231
1 506396215
4 298771231
1 298771231
2 506396215
1 506396215
3 506396215
1 298771231
2 298771231
1 506396215
5 506396215
1 298771231
2 506396215
1 506396215
3 298771231
1 298771231
2 298771231
1 506396215
4 506396215
1 298771231
2 506396215
1 506396215
3 506396215
1 298771231
2 298771231
1 506396215
7 506396215
1 298771231
2 506396215
1 506396215
3 298771231
1 298771231
2 298771231
1 506396215
4 298771231
1 298771231
2 506396215
1 506396215
3 506396215
1 298771231
2 298771231
1 506396215
5 298771231
1 298771231
2 506396215
1 506396215
3 298771231
1 298771231
2 298771231
1 506396215
4 506396215
1 298771231
2 506396215
1 506396215
3 506396215
1 298771231
2 298771231
1 506396215
6 506396215
1 298771231
2 506396215
1 506396215
3 298771231
1 298771231
2 298771231
1 506396215
4 298771231
1 298771231
2 506396215
1 506396215
3 506396215
1 298771231
2 298771231
1 506396215
5 506396215
1 298771231
2 506396215
1 506396215
3 298771231
1 298771231
2 298771231
1 506396215
4 506396215
1 298771231
2 506396215
1 506396215
3 506396215
1 298771231
2 298771231
1 506396215
9 298771231
1 298771231
2 506396215
1 506396215
3 298771231
1 298771231
2 298771231
1 506396215
4 298771231
1 298771231
2 506396215
1 506396215
3 506396215
1 298771231
2 298771231
1 506396215
5 298771231
1 298771231
2 506396215
1 506396215
3 298771231
1 298771231
2 298771231
1 506396215
4 506396215
1 298771231
2 506396215
1 506396215
3 506396215
1 298771231
2 298771231
1 506396215
6 298771231
1 298771231
2 506396215
1 506396215
3 298771231
1 298771231
2 298771231
1 506396215
4 298771231
1 298771231
2 506396215
1 506396215
3 506396215
1 298771231
2 298771231
1 506396215
5 506396215
1 298771231
2 506396215
1 506396215
3 298771231
1 298771231
2 298771231
1 506396215
4 506396215
1 298771231
2 506396215
1 506396215
3 506396215
1 298771231
2 298771231
1 506396215
7 298771231
1 298771231
2 506396215
1 506396215
3 298771231
1 298771231
2 298771231
1 506396215
4 298771231
1 298771231
2 506396215
1 506396215
3 506396215
1 298771231
2 298771231
1 506396215
5 298771231
1 298771231
2 506396215
1 506396215
3 298771231
1 298771231
2 298771231
1 506396215
4 506396215
1 298771231
2 506396215
1 506396215
3 506396215
1 298771231
2 298771231
1 506396215
6 506396215
1 298771231
2 506396215
1 506396215
3 298771231
1 298771231
2 298771231
1 506396215
4 298771231
1 298771231
2 506396215
1 506396215
3 506396215
1 298771231
2 298771231
1 506396215
5 506396215
1 298771231
2 506396215
1 506396215
3 298771231
1 298771231
2 298771231
1 506396215
4 506396215
1 298771231
2 506396215
1 506396215
3 506396215
1 298771231
2 298771231
1 506396215
8 506396215
1 298771231
2 506396215
1 506396215
3 298771231
1 298771231
2 298771231
1 506396215
4 298771231
1 298771231
2 506396215
1 506396215
3 506396215
1 298771231
2 298771231
1 506396215
5 298771231
1 298771231
2 506396215
1 506396215
3 298771231
1 298771231
2 298771231
1 506396215
4 506396215
1 298771231
2 506396215
1 506396215
3 506396215
1 298771231
2 298771231
1 506396215
6 298771231
1 298771231
2 506396215
1 506396215
3 298771231
1 298771231
2 298771231
1 506396215
4 298771231
1 298771231
2 506396215
1 506396215
3 506396215
1 298771231
2 298771231
1 506396215
5 506396215
1 298771231
2 506396215
1 506396215
3 298771231
1 298771231
2 298771231
1 506396215
4 506396215
1 298771231
2 506396215
1 506396215
3 506396215
1 298771231
2 298771231
1 506396215
7 506396215
1 298771231
2 506396215
1 506396215
3 298771231
1 298771231
2 298771231
1 506396215
4 298771231
1 298771231
2 506396215
1 506396215
3 506396215
1 298771231
2 298771231
1 506396215
5 298771231
1 298771231
2 506396215
1 506396215
3 298771231
1 298771231
2 298771231
1 506396215
4 506396215
1 298771231
2 506396215
1 506396215
3 506396215
1 298771231
2 298771231
1 506396215
6 506396215
1 298771231
2 506396215
1 506396215
3 298771231
1 298771231
2 298771231
1 506396215
4 298771231
1 298771231
2 506396215
1 506396215
3 506396215
1 298771231
2 298771231
1 506396215
5 506396215
1 298771231
2 506396215
1 506396215
3 298771231
1 298771231
2 298771231
1 506396215
4 506396215
1 298771231
2 506396215
1 506396215
3 506396215
1 298771231
2 298771231
1 506396215
10 506396215
1 298771231
2 506396215
1 506396215
3 298771231
1 298771231
2 298771231
1 506396215
4 298771231
1 298771231
2 506396215
1 506396215
3 506396215
1 298771231
2 298771231
1 506396215
5 298771231
1 298771231
2 506396215
1 506396215
3 298771231
1 298771231
2 298771231
1 506396215
4 506396215
1 298771231
2 506396215
1 506396215
3 506396215
1 298771231
2 298771231
1 506396215
6 298771231
1 298771231
2 506396215
1 506396215
3 298771231
1 298771231
2 298771231
1 506396215
4 298771231
1 298771231
2 506396215
1 506396215
3 506396215
1 298771231
2 298771231
1 506396215
5 506396215
1 298771231
2 506396215
1 506396215
3 298771231
1 298771231
2 298771231
1 506396215
4 506396215
1 298771231
2 506396215
1 506396215
3 506396215
1 298771231
2 298771231
1 506396215
7 298771231
1 298771231
2 506396215
1 506396215
3 298771231
1 298771231
2 298771231
1 506396215
4 298771231
1 298771231
2 506396215
1 506396215
3 506396215
1 298771231
2 298771231
1 506396215
5 298771231
1 298771231
2 506396215
1 506396215
3 298771231
1 298771231
2 298771231
1 506396215
4 506396215
1 298771231
2 506396215
1 506396215
3 506396215
1 298771231
2 298771231
1 506396215
6 506396215
1 298771231
2 506396215
1 506396215
3 298771231
1 298771231
2 298771231
1 506396215
4 298771231
1 298771231
2 506396215
1 506396215
3 506396215
1 298771231
2 298771231
1 506396215
5 506396215
1 298771231
2 506396215
1 506396215
3 298771231
1 298771231
2 298771231
1 506396215
4 506396215
1 298771231
2 506396215
1 506396215
3 506396215
1 298771231
2 298771231
1 506396215
8 298771231
1 298771231
2 506396215
1 506396215
3 298771231
1 298771231
2 298771231
1 506396215
4 298771231
1 298771231
2 506396215
1 506396215
3 506396215
1 298771231
2 298771231
1 506396215
5 298771231
1 298771231
2 506396215
1 506396215
3 298771231
1 298771231
2 298771231
1 506396215
4 506396215
1 298771231
2 506396215
1 506396215
3 506396215
1 298771231
2 298771231
1 506396215
6 298771231
1 298771231
2 506396215
1 506396215
3 298771231
1 298771231
2 298771231
1 506396215
4 298771231
1 298771231
2 506396215
1 506396215
3 506396215
1 298771231
2 298771231
1 506396215
5 506396215
1 298771231
2 506396215
1 506396215
3 298771231
1 298771231
2 298771231
1 506396215
4 506396215
1 298771231
2 506396215
1 506396215
3 506396215
1 298771231
2 298771231
1 506396215
7 506396215
1 298771231
2 506396215
1 506396215
3 298771231
1 298771231
2 298771231
1 506396215
4 298771231
1 298771231
2 506396215
1 506396215
3 506396215
1 298771231
2 298771231
1 506396215
5 298771231
1 298771231
2 506396215
1 506396215
3 298771231
1 298771231
2 298771231
1 506396215
4 506396215
1 298771231
2 506396215
1 506396215
3 506396215
1 298771231
2 298771231
1 506396215
6 506396215
1 298771231
2 506396215
1 506396215
3 298771231
1 298771231
2 298771231
1 506396215
4 298771231
1 298771231
2 506396215
1 506396215
3 506396215
1 298771231
2 298771231
1 506396215
5 506396215
1 298771231
2 506396215
1 506396215
3 298771231
1 298771231
2 298771231
1 506396215
4 506396215
1 298771231
2 506396215
1 506396215
3 506396215
1 298771231
2 298771231
1 506396215
9 506396215
1 298771231
2 506396215
1 506396215
3 298771231
1 298771231
2 298771231
1 506396215
4 298771231
1 298771231
2 506396215
1 506396215
3 506396215
1 298771231
2 298771231
1 506396215
5 298771231
1 298771231
2 506396215
1 506396215
3 298771231
1 298771231
2 298771231
1 506396215
4 506396215
1 298771231
2 506396215
1 506396215
3 506396215
1 298771231
2 298771231
1 506396215
6 298771231
1 298771231
2 506396215
1 506396215
3 298771231
1 298771231
2 298771231
1 506396215
4 298771231
1 298771231
2 506396215
1 506396215
3 506396215
1 298771231
2 298771231
1 506396215
5 506396215
1 298771231
2 506396215
1 506396215
3 298771231
1 298771231
2 298771231
1 506396215
4 506396215
1 298771231
2 506396215
1 506396215
3 506396215
1 298771231
2 298771231
1 506396215
7 298771231
1 298771231
2 506396215
1 506396215
3 298771231
1 298771231
2 298771231
1 506396215
4 298771231
1 298771231
2 506396215
1 506396215
3 506396215
1 298771231
2 298771231
1 506396215
5 298771231
1 298771231
2 506396215
1 506396215
3 298771231
1 298771231
2 298771231
1 506396215
4 506396215
1 298771231
2 506396215
1 506396215
3 506396215
1 298771231
2 298771231
1 506396215
6 506396215
1 298771231
2 506396215
1 506396215
3 298771231
1 298771231
2 298771231
1 506396215
4 298771231
1 298771231
2 506396215
1 506396215
3 506396215
1 298771231
2 298771231
1 506396215
5 506396215
1 298771231
2 506396215
1 506396215
3 298771231
1 298771231
2 298771231
1 506396215
4 506396215
1 298771231
2 506396215
1 506396215
3 506396215
1 298771231
2 298771231
1 506396215
8 506396215
1 298771231
2 506396215
1 506396215
3 298771231
1 298771231
2 298771231
1 506396215
4 298771231
1 298771231
2 506396215
1 506396215
3 506396215
1 298771231
2 298771231
1 506396215
5 298771231
1 298771231
2 506396215
1 506396215
3 298771231
1 298771231
2 298771231
1 506396215
4 506396215
1 298771231
2 506396215
1 506396215
3 506396215
1 298771231
2 298771231
1 506396215
6 298771231
1 298771231
2 506396215
1 506396215
3 298771231
1 298771231
2 298771231
1 506396215
4 298771231
1 298771231
2 506396215
1 506396215
3 506396215
1 298771231
2 298771231
1 506396215
5 506396215
1 298771231
2 506396215
1 506396215
3 298771231
1 298771231
2 298771231
1 506396215
4 506396215
1 298771231
2 506396215
1 506396215
3 506396215
1 298771231
2 298771231
1 506396215
7 506396215
1 298771231
2 506396215
1 506396215
3 298771231
1 298771231
2 298771231
1 506396215
4 298771231
1 298771231
2 506396215
1 506396215
3 506396215
1 298771231
2 298771231
1 506396215
5 298771231
1 298771231
2 506396215
1 506396215
3 298771231
1 298771231
2 298771231
1 506396215
4 506396215
1 298771231
2 506396215
1 506396215
3 506396215
1 298771231
2 298771231
1 506396215
6 506396215
1 298771231
2 506396215
1 506396215
3 298771231
1 298771231
2 298771231
1 506396215
4 298771231
