1000
0 0 0 0 0 0 0 0 0 0 0 0 0 0 0 0 0 0 0 0 0 0 0 0 0 0 0 0 0 0 0 0 0 0 0 0 0 0 0 0 0 0 0 0 0 0 0 0 0 0 0 0 0 0 0 0 0 0 0 0 0 0 0 0 0 0 0 0 0 0 0 0 0 0 0 0 0 0 0 0 0 0 0 0 0 0 0 0 0 0 0 0 0 0 0 0 0 0 0 0 0 0 0 0 0 0 0 0 0 0 0 0 0 0 0 0 0 0 0 0 0 0 0 0 0 0 0 0 0 0 0 0 0 0 0 0 0 0 0 0 0 0 0 0 0 0 0 0 0 0 0 0 0 0 0 0 0 0 0 0 0 0 0 0 0 0 0 0 0 0 0 0 0 0 0 0 0 0 0 0 0 0 0 0 0 0 0 0 0 0 0 0 0 0 0 0 0 0 0 0 0 0 0 0 0 0 0 0 0 0 0 0 0 0 0 0 0 0 0 0 0 0 0 0 0 0 0 0 0 0 0 0 0 0 0 0 0 0 0 0 0 0 0 0 0 0 0 0 0 0 0 0 0 0 0 0 0 0 0 0 0 0 0 0 0 0 0 0 0 0 0 0 0 0 0 0 0 0 0 0 0 0 0 0 0 0 0 0 0 0 0 0 0 0 0 0 0 0 0 0 0 0 0 0 0 0 0 0 0 0 0 0 0 0 0 0 0 0 0 0 0 0 0 0 0 0 0 0 0 0 0 0 0 0 0 0 0 0 0 0 0 0 0 0 0 0 0 0 0 0 0 0 0 0 0 0 0 0 0 0 0 0 0 0 0 0 0 0 0 0 0 0 0 0 0 0 0 0 0 0 0 0 0 0 0 0 0 0 0 0 0 0 0 0 0 0 0 0 0 0 0 0 0 0 0 0 0 0 0 0 0 0 0 0 0 0 0 0 0 0 0 0 0 0 0 0 0 0 0 0 0 0 0 0 0 0 0 0 0 0 0 0 0 0 0 0 0 0 0 0 0 0 0 0 0 0 0 0 0 0 0 0 0 0 0 0 0 0 0 0 0 0 0 0 0 0 0 0 0 0 0 0 0 0 0 0 0 0 0 0 0 0 0 0 0 0 0 0 0 0 0 0 0 0 0 0 0 0 0 0 0 0 0 0 0 0 0 0 0 0 0 0 0 0 0 0 0 0 0 0 0 0 0 0 0 0 0 0 0 0 0 0 0 0 0 0 0 0 0 0 0 0 0 0 0 0 0 0 0 0 0 0 0 0 0 0 0 0 0 0 0 0 0 0 0 0 0 0 0 0 0 0 0 0 0 0 0 0 0 0 0 0 0 0 0 0 0 0 0 0 0 0 0 0 0 0 0 0 0 0 0 0 0 0 0 0 0 0 0 0 0 0 0 0 0 0 0 0 0 0 0 0 0 0 0 0 0 0 0 0 0 0 0 0 0 0 0 0 0 0 0 0 0 0 0 0 0 0 0 0 0 0 0 0 0 0 0 0 0 0 0 0 0 0 0 0 0 0 0 0 0 0 0 0 0 0 0 0 0 0 0 0 0 0 0 0 0 0 0 0 0 0 0 0 0 0 0 0 0 0 0 0 0 0 0 0 0 0 0 0 0 0 0 0 0 0 0 0 0 0 0 0 0 0 0 0 0 0 0 0 0 0 0 0 0 0 0 0 0 0 0 0 0 0 0 0 0 0 0 0 0 0 0 0 0 0 0 0 0 0 0 0 0 0 0 0 0 0 0 0 0 0 0 0 0 0 0 0 0 0 0 0 0 0 0 0 0 0 0 0 0 0 0 0 0 0 0 0 0 0 0 0 0 0 0 0 0 0 0 0 0 0 0 0 0 0 0 0 0 0 0 0 0 0 0 0 0 0 0 0 0 0 0 0 0 0 0 0 0 0 0 0 0 0 0 0 0 0 0 0 0 0 0 0 0 0 0 0 0 0 0 0 0 0 0 0 0 0 0 0 0 0 0 0 0 0 0 0 0 0 0 0 0 0 0 0 0 0 0 0 0 0 0 0 0 0 0 0 0 0 0 0 0 0 0 0 0 0 0 0 0 0 0 0 0 0 0 0 0 0 0 0 0 0 0 0 0 0 0 0 0 0 0 0 0 0 0 0 0 0 0 0 0 0 0 0 0 0 0 0 0 0 0 0 0 0 0 0 0 0 0 0 0 0 0 0 0 0 0 0 0 0 0 0 0 0 0 0 0 0 0 0 0 0 0 0 0 0 0 0
1000
406 0
807 0
873 0
924 0
838 0
640 0
915 0
521 0
512 0
782 0
796 0
45 0
710 0
446 0
689 0
188 0
442 0
560 0
905 0
425 0
786 0
444 0
327 0
707 0
716 0
181 0
254 0
363 0
680 0
978 0
380 0
442 0
315 0
138 0
529 0
805 0
376 0
733 0
39 0
890 0
710 0
943 0
849 0
466 0
223 0
726 0
357 0
983 0
364 0
601 0
620 0
237 0
731 0
296 0
159 0
346 0
515 0
384 0
913 0
183 0
717 0
6 0
513 0
870 0
954 0
777 0
478 0
196 0
81 0
170 0
675 0
462 0
447 0
500 0
842 0
653 0
158 0
766 0
27 0
436 0
553 0
262 0
332 0
150 0
252 0
261 0
551 0
882 0
733 0
311 0
569 0
129 0
471 0
913 0
374 0
124 0
980 0
739 0
760 0
48 0
376 0
998 0
687 0
603 0
139 0
733 0
920 0
414 0
828 0
85 0
744 0
826 0
520 0
574 0
216 0
989 0
274 0
105 0
664 0
604 0
730 0
985 0
469 0
528 0
81 0
708 0
93 0
203 0
736 0
241 0
647 0
161 0
750 0
922 0
445 0
953 0
137 0
401 0
27 0
196 0
145 0
156 0
255 0
386 0
210 0
922 0
273 0
921 0
104 0
853 0
474 0
983 0
634 0
7 0
518 0
669 0
737 0
359 0
179 0
668 0
327 0
467 0
762 0
881 0
315 0
485 0
491 0
178 0
441 0
456 0
258 0
79 0
876 0
994 0
846 0
924 0
998 0
217 0
318 0
563 0
444 0
64 0
612 0
708 0
852 0
249 0
907 0
719 0
519 0
833 0
491 0
726 0
65 0
561 0
705 0
830 0
406 0
872 0
145 0
812 0
141 0
372 0
126 0
849 0
238 0
720 0
406 0
839 0
533 0
101 0
888 0
867 0
150 0
507 0
7 0
219 0
32 0
166 0
14 0
431 0
269 0
475 0
323 0
994 0
70 0
570 0
126 0
432 0
320 0
451 0
944 0
487 0
59 0
731 0
734 0
512 0
327 0
790 0
742 0
460 0
207 0
643 0
703 0
752 0
79 0
93 0
10 0
859 0
584 0
670 0
148 0
645 0
241 0
628 0
715 0
296 0
949 0
966 0
983 0
528 0
849 0
213 0
824 0
604 0
907 0
381 0
164 0
140 0
126 0
619 0
167 0
882 0
115 0
262 0
746 0
171 0
71 0
79 0
102 0
477 0
330 0
563 0
688 0
353 0
619 0
837 0
965 0
303 0
166 0
710 0
796 0
606 0
432 0
439 0
736 0
787 0
463 0
147 0
469 0
974 0
820 0
288 0
992 0
187 0
466 0
60 0
202 0
620 0
270 0
233 0
491 0
161 0
446 0
579 0
888 0
842 0
884 0
534 0
750 0
568 0
842 0
706 0
566 0
409 0
870 0
553 0
658 0
971 0
949 0
565 0
356 0
678 0
32 0
156 0
235 0
100 0
307 0
158 0
766 0
914 0
171 0
915 0
808 0
126 0
238 0
646 0
949 0
824 0
500 0
878 0
473 0
931 0
57 0
522 0
773 0
291 0
946 0
778 0
323 0
741 0
981 0
67 0
239 0
324 0
203 0
576 0
341 0
688 0
408 0
563 0
55 0
934 0
287 0
252 0
366 0
349 0
63 0
166 0
302 0
460 0
810 0
918 0
556 0
79 0
419 0
541 0
305 0
233 0
373 0
707 0
469 0
297 0
832 0
484 0
686 0
471 0
61 0
36 0
721 0
245 0
510 0
28 0
389 0
576 0
201 0
804 0
85 0
149 0
420 0
680 0
92 0
366 0
551 0
846 0
664 0
429 0
247 0
396 0
281 0
789 0
887 0
779 0
632 0
446 0
790 0
816 0
474 0
623 0
469 0
455 0
885 0
756 0
392 0
336 0
376 0
375 0
818 0
325 0
276 0
647 0
451 0
39 0
454 0
350 0
979 0
333 0
476 0
564 0
910 0
942 0
269 0
927 0
663 0
140 0
28 0
973 0
6 0
857 0
147 0
190 0
76 0
98 0
562 0
964 0
940 0
393 0
575 0
819 0
946 0
780 0
396 0
59 0
613 0
593 0
358 0
3 0
389 0
780 0
673 0
534 0
535 0
628 0
767 0
791 0
294 0
179 0
416 0
342 0
33 0
484 0
489 0
762 0
986 0
693 0
367 0
654 0
443 0
36 0
202 0
262 0
256 0
348 0
4 0
496 0
545 0
71 0
113 0
910 0
534 0
602 0
647 0
224 0
579 0
534 0
109 0
668 0
676 0
219 0
509 0
184 0
87 0
764 0
963 0
251 0
934 0
223 0
981 0
657 0
380 0
900 0
618 0
54 0
453 0
611 0
285 0
271 0
320 0
768 0
338 0
470 0
374 0
120 0
957 0
781 0
601 0
619 0
311 0
983 0
808 0
634 0
714 0
587 0
519 0
767 0
66 0
235 0
729 0
465 0
699 0
846 0
592 0
751 0
559 0
523 0
112 0
674 0
887 0
928 0
785 0
485 0
343 0
172 0
92 0
318 0
460 0
451 0
715 0
236 0
863 0
439 0
858 0
304 0
904 0
57 0
794 0
494 0
885 0
727 0
362 0
67 0
787 0
965 0
950 0
174 0
801 0
103 0
970 0
240 0
322 0
370 0
990 0
894 0
328 0
648 0
897 0
851 0
51 0
530 0
887 0
960 0
738 0
429 0
196 0
918 0
855 0
328 0
544 0
464 0
277 0
2 0
867 0
500 0
906 0
910 0
999 0
384 0
215 0
16 0
475 0
902 0
868 0
422 0
700 0
706 0
431 0
769 0
508 0
40 0
564 0
739 0
509 0
817 0
315 0
761 0
164 0
244 0
78 0
800 0
72 0
926 0
306 0
74 0
601 0
965 0
539 0
624 0
747 0
550 0
906 0
286 0
122 0
692 0
208 0
131 0
598 0
810 0
850 0
824 0
22 0
941 0
980 0
990 0
878 0
340 0
968 0
186 0
995 0
666 0
678 0
475 0
827 0
920 0
539 0
512 0
639 0
573 0
644 0
907 0
538 0
560 0
441 0
194 0
424 0
489 0
204 0
42 0
730 0
909 0
425 0
901 0
631 0
33 0
270 0
475 0
938 0
332 0
402 0
305 0
816 0
871 0
823 0
615 0
136 0
845 0
665 0
691 0
579 0
21 0
254 0
841 0
19 0
981 0
517 0
924 0
605 0
806 0
601 0
491 0
529 0
244 0
589 0
71 0
958 0
245 0
664 0
425 0
936 0
983 0
128 0
974 0
684 0
619 0
72 0
860 0
448 0
870 0
667 0
76 0
997 0
5 0
904 0
711 0
782 0
358 0
14 0
83 0
616 0
427 0
631 0
293 0
978 0
55 0
710 0
358 0
716 0
872 0
370 0
729 0
345 0
269 0
619 0
272 0
710 0
200 0
970 0
11 0
947 0
619 0
210 0
354 0
846 0
660 0
811 0
968 0
861 0
530 0
131 0
120 0
602 0
495 0
997 0
569 0
566 0
717 0
924 0
156 0
48 0
539 0
326 0
642 0
637 0
496 0
962 0
496 0
624 0
76 0
548 0
20 0
672 0
995 0
342 0
487 0
430 0
507 0
718 0
970 0
190 0
218 0
29 0
243 0
627 0
499 0
307 0
903 0
924 0
495 0
6 0
847 0
772 0
182 0
433 0
749 0
731 0
453 0
487 0
301 0
479 0
167 0
95 0
542 0
848 0
455 0
702 0
776 0
165 0
65 0
659 0
118 0
633 0
110 0
971 0
731 0
130 0
478 0
715 0
990 0
662 0
37 0
268 0
568 0
597 0
832 0
198 0
849 0
596 0
959 0
239 0
112 0
286 0
675 0
539 0
162 0
586 0
302 0
755 0
688 0
898 0
623 0
919 0
427 0
975 0
29 0
607 0
497 0
424 0
425 0
339 0
31 0
473 0
62 0
720 0
246 0
86 0
130 0
323 0
576 0
575 0
76 0
845 0
497 0
243 0
533 0
983 0
712 0
743 0
137 0
821 0
685 0
381 0
677 0
629 0
186 0
8 0
736 0
582 0
924 0
268 0
132 0
731 0
145 0
688 0
35 0
432 0
538 0
157 0
692 0
985 0
328 0
757 0
181 0
103 0
455 0
191 0
304 0
564 0
727 0
687 0
328 0
427 0
688 0
768 0
578 0
251 0
299 0
755 0
327 0
299 0
198 0
303 0
302 0
773 0
645 0
73 0
268 0
820 0
43 0
810 0
981 0
199 0
953 0
126 0
657 0
22 0
155 0
729 0
970 0
921 0
648 0
737 0
282 0
926 0
384 0
665 0
391 0
642 0
821 0
89 0
617 0
700 0
316 0
41 0
632 0
958 0
923 0
797 0
824 0
837 0
10 0
463 0
206 0
918 0
508 0
569 0
137 0
241 0
805 0
434 0
540 0
528 0
227 0
