500
4 151 190 46 438
4 102 343 299 493
4 80 332 402 11
5 328 428 443 346 139
6 327 196 430 91 355 274
6 351 307 82 8 38 78
2 417 70
4 287 225 47 192
2 292 481
5 98 321 443 134 130
2 16 325
2 143 349
10 367 320 422 204 397 304 118 6 244 279
3 18 299 282
5 369 104 201 310 89
3 382 92 257
4 440 128 153 105
3 346 191 50
2 404 102
6 151 450 325 351 89 330
9 245 155 305 244 358 412 145 211 346
11 92 39 247 467 465 344 40 333 270 356 299
7 53 157 102 12 485 59 181
3 45 58 32
3 478 185 16
5 395 131 492 5 375
1 97
6 29 212 184 115 25 85
4 476 401 101 9
7 284 261 93 433 300 330 188
4 261 119 308 32
8 55 336 60 158 450 48 457 400
5 392 483 38 391 211
2 82 376
4 445 405 410 467
7 109 104 173 277 366 340 293
4 117 358 280 323
4 399 166 415 297
2 401 297
5 333 348 446 392 334
2 421 353
4 136 331 399 257
2 279 90
5 179 136 150 384 425
4 149 423 298 422
1 83
4 94 490 154 398
8 232 446 295 479 182 144 304 72
4 387 459 9 174
2 213 376
2 13 153
1 59
1 197
4 206 422 476 464
3 229 400 280
3 164 345 385
1 497
4 356 274 55 500
5 65 383 394 173 380
5 406 402 257 425 6
3 171 185 481
2 346 90
4 444 313 216 326
5 81 286 18 41 53
4 351 445 245 258
5 263 472 198 489 153
7 75 236 179 417 188 231 402
6 276 279 350 346 379 497
5 294 185 301 484 78
2 333 283
3 113 225 91
6 189 165 309 100 76 57
5 492 475 290 340 63
6 270 366 24 434 406 36
2 53 118
4 137 350 412 477
2 29 130
3 309 156 129
4 17 74 50 409
4 356 5 70 309
6 345 109 431 161 328 120
2 238 212
2 455 352
5 381 63 372 371 235
5 111 337 263 338 74
2 237 74
5 479 351 153 314 498
2 264 454
2 132 63
8 279 105 436 457 178 383 94 265
4 494 145 248 205
2 24 142
2 443 266
5 184 109 414 464 288
7 169 138 122 226 123 140 134
5 391 258 261 26 496
3 168 220 313
4 41 308 157 244
3 492 372 129
1 415
6 163 45 254 246 295 132
4 133 399 292 494
3 460 303 234
3 141 428 78
2 366 348
3 443 432 238
3 296 430 25
7 161 279 465 90 313 215 348
4 310 382 366 355
1 443
7 277 81 118 459 151 490 25
3 99 213 30
4 429 191 386 123
1 453
3 255 468 56
4 419 150 373 237
3 8 144 120
4 302 163 278 100
2 246 397
5 269 274 401 371 229
3 233 34 118
2 406 26
3 24 194 471
7 494 428 359 363 60 2 211
6 32 423 127 497 27 50
4 444 122 9 321
4 354 385 122 203
1 45
3 158 300 37
8 347 216 164 312 34 452 405 187
4 240 426 66 116
5 318 277 38 267 127
1 293
2 257 435
2 498 395
2 229 221
2 378 51
5 425 474 377 413 232
1 101
3 240 104 164
5 485 371 310 328 241
2 275 125
1 426
7 261 214 289 79 264 176 133
0
8 201 486 384 250 184 32 476 408
5 276 102 376 311 459
3 464 176 45
3 74 239 269
4 106 193 31 417
7 359 103 2 21 312 360 412
7 260 209 105 254 269 8 316
2 56 296
2 387 107
2 73 192
5 435 173 341 287 123
3 435 259 454
1 232
0
7 440 102 44 183 309 156 484
9 132 153 272 409 178 90 447 403 294
5 160 186 440 121 259
8 262 105 18 155 358 363 304 183
4 468 133 227 350
1 442
6 250 381 204 15 65 173
4 411 263 109 190
5 319 411 113 417 19
3 464 157 220
5 440 366 20 182 69
3 154 418 164
7 438 7 258 372 71 489 287
5 327 58 112 9 449
4 438 335 14 258
1 245
6 82 200 59 233 99 285
5 236 426 41 309 486
5 55 41 85 303 211
4 61 342 225 233
9 356 207 470 492 84 58 329 269 77
5 8 429 373 447 441
4 281 53 268 36
6 117 182 113 457 89 22
4 33 302 194 22
2 485 247
4 420 365 159 447
2 33 287
5 385 120 471 497 85
3 151 261 483
4 208 66 362 478
2 397 52
7 349 466 131 453 197 295 412
2 288 314
3 475 193 478
2 188 433
3 50 208 250
6 313 373 231 330 306 467
2 126 239
4 29 60 316 233
1 224
5 77 247 241 291 218
5 6 222 471 25 394
6 274 15 52 183 475 218
4 140 67 276 325
6 237 200 473 24 70 197
5 66 492 9 149 348
2 105 497
3 119 433 451
8 476 222 149 381 63 51 24 157
3 387 110 49
2 390 230
6 488 456 309 267 349 395
5 243 318 355 298 52
8 243 216 391 48 437 366 351 419
3 1 311 445
5 409 443 31 75 71
3 90 92 250
4 292 356 395 22
5 20 36 206 162 84
2 100 435
7 407 40 256 301 169 76 258
3 236 437 231
4 473 387 238 135
5 422 399 122 280 157
3 452 202 12
6 114 69 305 125 240 325
2 487 140
6 329 420 486 264 348 451
8 339 187 472 160 388 375 82 185
1 133
3 409 89 212
2 198 475
4 248 488 371 210
5 124 365 388 251 366
1 356
4 403 345 329 437
10 162 286 47 423 30 244 307 476 459 435
8 305 276 360 416 92 313 396 114
3 283 212 282
1 187
2 384 120
1 91
4 250 214 104 227
2 463 306
2 462 319
2 299 227
3 201 163 11
2 481 322
8 464 111 401 177 62 219 14 24
1 100
8 55 361 154 157 42 50 62 156
3 351 413 436
4 193 197 153 470
6 291 452 304 135 5 180
1 41
3 252 101 238
3 336 420 256
5 479 312 69 209 55
3 421 137 438
6 435 19 494 384 279 1
3 239 186 460
2 306 18
4 369 317 220 195
5 182 272 488 423 66
2 452 448
5 481 379 344 261 460
3 11 312 1
5 489 437 43 317 22
3 263 487 76
1 178
4 87 27 190 458
5 137 89 175 312 15
10 484 395 172 14 134 372 32 37 106 320
2 110 11
2 339 458
2 431 371
3 50 426 478
4 392 71 341 33
3 362 316 28
3 251 261 288
3 99 117 304
5 128 139 191 182 224
4 472 91 321 369
5 243 30 299 477 182
4 453 126 458 87
5 161 291 431 103 175
3 195 199 79
4 162 8 323 142
3 351 438 193
10 343 368 241 377 137 256 40 468 81 485
3 298 368 419
4 343 259 433 32
4 370 136 285 418
2 191 253
5 216 40 22 293 133
5 183 2 140 456 240
4 171 127 399 493
4 131 273 336 177
3 258 105 446
3 34 14 257
8 311 384 299 291 75 234 92 433
3 490 248 259
8 39 98 363 228 383 92 478 190
4 449 276 471 337
2 121 37
8 499 347 322 46 31 202 263 114
0
7 339 368 250 304 90 452 463
5 64 105 492 102 50
3 293 499 314
1 419
6 403 74 341 328 69 194
1 72
2 29 178
2 102 473
1 233
5 125 475 196 64 161
4 113 53 287 244
5 11 72 358 415 471
3 288 351 485
6 318 157 278 375 19 140
5 394 433 149 473 353
3 310 457 272
5 19 375 348 294 215
1 224
3 7 224 26
4 466 131 262 103
3 476 258 265
0
6 230 212 430 210 422 269
3 248 226 158
8 401 168 458 429 35 434 30 128
4 85 331 88 328
5 492 178 161 142 55
5 366 455 150 116 138
0
2 348 425
2 420 70
5 57 328 207 477 342
4 393 20 300 472
4 218 316 390 146
3 22 64 277
5 213 292 277 487 330
5 324 132 199 96 298
5 116 242 62 411 368
4 335 61 377 69
2 186 177
6 443 336 376 449 272 22
4 463 170 471 140
6 498 159 295 31 35 132
3 319 478 114
6 373 11 418 41 390 102
1 185
3 218 360 335
5 282 467 41 244 464
5 417 344 219 180 142
2 98 285
5 108 316 357 150 474
1 248
3 407 19 104
1 241
4 330 222 100 345
3 172 473 144
6 330 427 418 268 82 301
4 188 481 50 446
4 17 376 176 29
4 164 83 227 249
2 408 141
8 139 60 391 456 468 118 320 436
5 205 201 350 248 127
5 55 16 102 445 33
6 9 325 487 114 433 299
6 153 255 116 80 480 126
8 251 413 9 233 267 339 58 442
6 412 260 469 430 445 471
1 151
2 122 173
4 188 208 360 486
2 310 387
5 365 272 403 435 451
5 391 62 184 402 140
5 185 479 319 298 74
4 377 354 289 420
4 435 119 88 222
5 272 446 159 154 84
5 370 55 287 257 463
3 422 293 162
3 99 136 40
2 280 88
3 195 225 161
3 32 97 49
5 181 141 488 451 68
2 377 114
5 484 274 158 456 27
2 145 365
4 244 282 195 301
7 104 29 42 172 196 434 221
5 199 457 297 114 349
6 276 289 375 266 484 412
4 253 338 198 218
3 19 142 458
5 228 142 220 349 206
0
4 326 75 45 129
4 487 227 138 143
4 464 466 178 400
8 380 189 148 429 239 182 180 498
3 196 433 353
3 68 98 256
2 220 145
5 163 133 118 78 300
1 356
4 142 301 150 254
4 275 487 79 104
2 145 123
3 16 373 326
2 256 462
4 275 175 22 358
2 37 471
0
6 260 296 264 92 154 412
4 181 218 421 224
4 191 472 10 483
8 205 394 285 376 347 308 123 93
2 170 236
3 106 456 98
7 240 369 274 171 176 157 218
5 276 282 432 73 300
2 440 258
1 358
6 1 75 89 151 216 233
4 315 497 150 103
4 428 404 164 112
5 428 225 159 228 297
4 123 186 140 3
2 370 16
3 121 251 327
5 133 469 2 70 16
4 293 156 385 360
4 444 3 170 325
6 16 311 321 337 243 224
2 167 53
7 479 137 472 155 214 302 326
8 363 28 493 33 206 210 454 79
7 246 245 143 325 217 193 72
7 330 302 406 376 286 143 172
7 324 181 14 315 266 155 494
4 101 94 295 370
7 382 44 115 416 94 53 127
11 443 143 131 337 191 301 173 361 113 38 295
1 246
4 369 246 495 329
4 28 213 182 417
6 92 154 463 228 74 137
4 157 9 410 375
7 437 436 185 486 122 265 16
4 81 243 110 395
4 493 150 397 485
2 219 288
3 350 92 4
6 433 84 360 354 140 115
3 388 284 127
5 297 115 47 103 241
6 371 325 45 205 105 175
5 82 489 294 131 439
3 49 106 136
7 362 478 475 240 224 427 166
3 198 258 106
5 471 216 267 40 299
4 57 380 407 122
7 56 256 88 284 477 168 120
4 405 115 484 171
2 300 340
2 173 318
9 66 424 287 307 24 351 266 2 400
3 63 332 221
4 384 358 418 68
5 489 157 487 480 284
2 186 363
5 500 164 474 227 9
5 135 289 283 379 320
4 162 443 314 279
5 195 422 241 79 73
3 213 40 59
3 451 439 384
3 56 139 37
3 41 396 189
5 405 498 90 163 338
7 220 199 65 68 247 263 6
4 11 23 347 422
4 81 465 34 169
2 425 61
7 43 359 399 52 76 423 97
1 244
4 62 45 171 163
5 279 205 335 113 306
3 263 343 236
4 256 56 364 369
0
1 499
