500
10 156 91 191 199 263 283 325 143 422 58
2 359 465
5 426 204 471 55 499
3 175 305 482
4 250 336 437 48
6 435 149 103 425 331 77
6 328 324 401 5 38 42
4 352 129 481 465
1 205
2 3 158
5 150 354 476 417 97
9 406 69 372 500 373 381 376 110 114
3 199 394 60
5 15 67 50 282 227
7 276 212 213 353 369 62 294
1 314
2 48 108
5 170 265 473 300 374
5 248 275 82 403 451
3 188 268 466
6 418 172 484 383 14 293
6 269 209 92 482 489 60
6 87 168 284 30 419 200
1 391
3 261 202 492
2 122 32
7 444 64 341 384 446 303 321
4 176 25 123 182
5 469 161 59 25 206
8 344 109 331 281 464 71 455 283
6 168 371 428 114 365 398
7 421 55 81 45 352 322 236
2 221 398
3 421 479 110
4 33 53 458 17
3 82 83 356
3 75 301 351
1 137
4 64 382 478 218
8 91 51 180 313 188 331 360 58
4 21 419 337 403
3 239 163 183
4 482 427 491 126
2 171 41
5 265 180 16 309 478
5 497 335 142 485 452
9 123 114 386 122 412 339 409 480 382
2 225 241
5 419 473 51 78 94
5 9 23 170 93 14
1 376
3 78 337 131
5 439 285 356 366 75
3 305 352 278
3 391 362 477
3 354 95 165
6 207 338 445 15 293 435
7 448 126 96 498 163 324 177
3 259 301 170
0
4 276 329 330 223
9 317 103 232 43 404 437 79 349 308
0
2 254 59
0
3 162 67 40
6 378 38 347 467 423 7
3 373 394 239
2 32 50
4 370 73 480 137
4 433 377 180 355
1 169
4 470 272 294 255
4 421 483 492 337
3 482 402 201
4 335 276 389 357
8 128 69 462 57 197 96 216 35
5 279 409 466 211 69
4 423 234 457 450
3 60 323 443
2 149 176
3 445 25 63
6 385 341 146 309 226 284
2 212 137
6 226 157 362 308 100 384
6 357 468 77 40 11 5
3 63 496 313
1 179
9 344 79 499 241 7 330 383 434 277
7 3 14 324 47 250 256 189
3 54 364 376
4 166 420 297 347
6 351 352 426 210 456 187
9 95 15 86 29 498 335 159 404 414
5 413 463 395 309 22
2 242 367
6 435 63 88 304 411 264
6 77 293 202 455 110 217
7 396 122 268 115 71 390 313
3 381 14 456
5 471 17 89 84 158
3 338 246 287
3 383 66 401
8 113 402 45 436 230 265 399 5
0
3 368 398 40
2 233 263
6 308 225 139 104 249 121
6 171 56 310 217 354 448
6 77 371 383 155 146 490
6 307 425 222 278 321 415
10 355 277 189 275 294 197 85 201 490 365
2 311 495
6 51 334 373 410 149 82
1 101
7 386 425 160 11 300 455 154
3 388 158 177
4 18 249 102 470
2 92 83
3 360 391 122
0
1 104
6 63 495 465 407 412 200
5 71 325 339 145 403
6 10 206 289 329 270 446
4 322 69 373 41
3 460 110 417
2 195 267
2 45 285
2 177 128
6 215 361 295 125 466 286
7 345 179 224 482 61 372 22
4 456 394 392 64
2 118 451
2 207 357
7 64 59 193 70 186 174 484
1 55
8 262 375 134 320 327 372 482 304
3 455 309 3
4 433 484 54 374
1 176
1 491
1 384
5 18 189 125 172 219
5 340 67 154 386 478
3 415 427 17
5 253 264 430 463 116
6 179 184 41 397 473 200
7 194 114 270 424 97 319 142
4 112 500 424 394
4 208 400 140 349
3 432 310 256
3 335 253 91
5 139 381 344 84 350
5 52 282 99 308 107
0
4 23 160 268 135
5 498 295 173 482 116
7 428 417 359 112 252 155 478
2 128 10
3 346 90 445
8 273 294 163 172 23 250 480 439
3 437 400 130
5 360 409 377 257 252
2 363 288
8 161 328 40 453 352 204 126 355
4 288 257 293 208
3 39 298 115
1 340
3 344 266 325
3 422 452 220
2 255 379
2 38 324
2 219 368
2 211 337
4 209 281 183 87
2 401 452
1 240
6 494 224 454 420 477 298
2 496 315
5 225 459 163 362 474
5 293 360 175 206 119
3 386 355 321
1 51
4 500 387 322 415
7 241 144 425 63 82 252 329
7 138 114 500 352 498 22 320
4 244 235 35 213
4 5 473 166 492
8 490 380 327 427 25 397 452 34
2 195 214
5 420 53 464 101 423
4 159 412 178 28
1 158
4 498 162 484 416
1 307
3 192 117 406
7 3 55 138 496 15 477 437
4 245 105 236 405
6 312 307 467 51 499 235
4 159 220 406 243
7 15 351 142 451 405 427 456
10 467 383 292 294 246 110 453 451 72 115
2 465 233
2 297 212
7 90 297 451 214 161 42 49
3 409 73 239
4 375 173 440 191
5 85 457 360 422 78
2 114 452
4 380 413 310 372
2 403 326
3 72 394 104
2 495 217
3 116 270 74
7 277 17 108 91 85 331 53
3 131 430 218
3 356 303 204
3 234 129 247
5 144 25 261 397 123
6 319 144 73 87 243 227
6 173 293 182 490 101 306
2 325 11
3 198 28 423
6 388 402 420 54 229 271
2 96 69
4 71 82 411 7
4 317 467 373 495
6 72 396 32 34 158 489
4 180 394 260 214
3 113 139 290
3 1 265 129
6 48 138 398 42 408 406
10 496 449 96 332 324 3 426 377 493 257
2 264 56
5 292 50 2 458 98
5 411 315 129 473 134
5 90 33 88 9 440
5 353 59 42 398 363
2 364 292
3 124 498 346
3 45 381 275
7 76 339 170 202 479 265 476
3 446 70 195
7 227 411 340 329 362 204 392
4 139 37 67 282
2 189 67
7 407 168 324 352 299 293 464
2 405 207
2 177 471
3 96 74 438
5 387 435 268 361 384
6 86 336 357 206 464 269
1 114
4 266 480 246 99
5 409 36 80 373 367
3 179 433 413
2 354 90
1 155
4 496 327 473 203
3 226 290 306
2 432 413
4 406 169 255 178
5 272 247 486 16 8
4 461 308 95 472
3 94 238 144
2 190 277
11 320 192 186 244 20 497 143 44 447 408 369
3 485 4 268
1 100
2 148 356
3 101 43 394
1 112
6 327 243 444 199 363 61
2 374 26
3 9 232 415
4 206 11 129 345
2 237 229
8 378 360 284 461 372 428 273 171
5 227 170 458 265 384
4 153 296 448 333
2 211 438
6 430 128 81 76 485 413
6 439 58 430 449 66 136
7 128 212 170 80 346 254 323
2 114 289
6 50 157 11 289 298 202
4 472 106 88 225
1 452
1 432
3 458 426 188
4 50 378 238 186
3 67 438 337
2 102 182
5 389 64 269 396 375
5 93 269 346 45 128
8 207 342 296 201 343 209 81 14
6 282 161 13 105 452 121
1 209
0
8 398 263 385 250 120 429 332 421
4 418 432 244 318
3 170 449 380
1 169
4 360 219 173 478
5 24 15 392 407 445
2 77 287
4 371 378 138 436
4 36 463 500 491
3 255 293 225
3 167 427 123
8 55 81 233 419 326 58 404 406
6 24 27 494 400 209 451
3 285 36 136
7 72 110 146 52 336 75 500
9 178 106 378 76 169 470 164 455 463
6 71 364 165 297 50 30
3 123 169 43
5 188 101 252 284 448
3 230 185 394
4 204 23 249 54
4 369 407 48 111
2 453 72
5 107 362 451 404 50
1 256
9 211 16 455 144 422 4 35 390 324
2 406 62
3 190 394 17
2 206 332
5 438 258 357 321 446
4 75 448 346 276
3 258 82 356
3 472 445 77
5 287 106 136 11 404
8 259 178 354 29 293 411 274 340
2 343 395
5 360 461 207 288 22
5 455 102 151 70 307
2 173 192
3 369 411 32
2 343 128
4 493 110 28 278
4 36 39 256 82
3 57 250 447
4 224 417 326 415
6 113 453 154 235 184 187
3 331 420 46
1 273
9 220 264 321 500 469 334 407 185 239
6 110 323 204 161 423 163
3 251 153 376
5 175 127 487 405 385
5 289 313 467 218 451
4 192 126 131 9
8 31 159 283 155 76 110 255 360
3 132 415 33
3 144 242 182
4 155 221 51 351
8 319 282 342 179 157 84 42 401
6 170 425 95 359 155 406
3 454 108 267
3 499 449 403
3 82 381 256
4 226 48 71 107
4 120 193 494 459
3 227 412 358
6 234 150 397 60 374 141
3 129 156 425
2 414 373
5 164 402 104 437 365
4 158 376 140 206
5 325 233 446 201 176
8 495 111 186 379 73 461 258 104
2 291 381
2 113 474
9 125 23 445 490 383 327 36 166 4
2 455 173
4 419 367 492 263
2 436 73
7 492 390 495 319 5 123 240
6 406 180 293 239 481 181
0
3 116 489 79
2 29 445
4 433 421 300 348
4 474 170 310 3
1 396
7 337 181 339 99 196 480 43
0
4 180 65 56 290
2 498 358
3 225 440 152
6 273 171 480 420 227 46
4 466 139 195 187
6 478 200 187 434 482 111
5 488 357 114 190 363
3 15 109 239
3 442 168 11
3 31 317 324
0
3 340 292 236
2 129 82
3 373 471 333
2 191 491
4 217 104 207 226
4 39 140 455 425
6 243 141 75 81 73 187
4 37 174 296 415
3 40 398 304
4 38 138 42 282
7 406 254 306 367 186 375 23
2 238 473
5 458 491 419 253 93
3 298 304 397
7 458 484 473 364 151 4 235
8 403 310 304 146 37 84 288 165
3 112 91 224
6 454 166 144 251 256 58
7 30 289 491 383 370 310 212
4 57 145 85 437
4 284 467 345 238
3 132 289 86
4 24 444 34 43
7 361 365 272 157 447 332 475
0
3 322 455 500
0
5 463 244 300 412 40
5 331 341 343 374 184
3 124 330 28
4 418 372 206 353
2 403 117
6 252 386 319 61 162 444
7 338 188 303 495 480 192 166
1 477
3 323 365 156
2 392 443
3 15 75 159
6 267 369 492 466 445 256
3 322 101 179
4 186 126 58 376
3 342 492 107
8 12 59 192 461 20 96 429 109
3 166 103 135
3 137 426 496
5 352 213 292 323 114
3 427 173 202
6 96 97 65 269 125 181
6 110 180 277 216 132 334
2 261 195
2 277 233
1 64
5 219 195 242 315 322
3 380 421 41
7 313 440 476 71 324 392 7
8 80 275 331 491 96 215 305 81
2 453 113
5 309 177 343 227 261
6 220 44 411 181 364 490
4 191 207 463 24
4 303 498 354 385
2 98 477
4 298 108 293 368
5 80 230 410 326 199
4 291 190 339 204
10 460 37 424 377 465 463 25 286 220 156
1 303
1 75
6 72 459 188 12 213 411
5 283 355 489 4 271
2 137 401
6 159 83 215 328 382 176
2 120 96
4 265 53 141 260
0
6 117 370 201 208 341 106
3 481 275 379
3 239 426 53
4 48 256 487 273
3 45 170 465
7 303 336 213 317 385 391 22
1 239
5 168 264 113 123 183
2 186 267
3 326 4 199
5 195 105 5 459 201
0
4 274 10 179 85
5 332 388 208 206 80
5 205 165 431 189 477
4 225 194 480 352
2 303 250
4 164 86 364 346
4 436 76 168 50
3 309 300 346
5 437 71 462 433 359
3 80 116 44
4 35 363 10 55
1 443
2 141 176
