500
3 92 443 352
1 212
4 358 290 157 257
4 100 433 338 159
3 273 394 12
1 465
3 84 281 162
3 423 285 384
2 111 22
6 104 18 430 149 410 2
4 359 350 232 491
2 247 216
4 267 151 312 42
3 25 160 219
5 459 411 345 229 298
3 332 177 220
4 251 383 101 486
0
0
3 401 169 141
3 7 418 76
2 72 443
5 161 421 370 126 427
6 145 276 240 233 428 144
5 245 35 376 256 155
4 282 259 463 113
7 412 111 103 329 122 426 47
0
5 435 48 354 351 224
3 299 211 228
1 319
3 45 263 379
8 212 34 2 10 66 140 215 430
5 18 471 33 215 304
1 71
3 266 230 188
5 354 29 64 59 48
7 214 115 300 489 448 165 36
3 481 207 313
4 192 222 342 213
2 370 69
2 89 312
3 178 252 210
4 3 141 453 196
2 263 384
4 78 378 476 455
2 122 9
0
1 206
1 228
7 382 65 223 479 175 450 189
0
3 322 415 102
3 392 242 266
3 360 366 119
4 469 97 387 311
2 498 407
2 487 117
1 177
4 67 40 93 222
2 292 301
1 412
1 32
5 343 48 224 29 354
0
4 140 33 212 471
5 452 232 350 83 485
3 43 395 210
3 303 427 23
5 308 481 365 127 80
2 267 404
2 1 352
8 206 286 272 381 261 49 193 493
4 346 229 345 15
5 100 4 128 338 433
3 81 84 162
2 408 300
2 455 254
2 394 5
2 294 365
3 75 4 265
3 132 158 439
6 485 40 213 60 222 342
4 75 81 129 265
3 363 327 198
0
4 55 249 357 131
3 391 116 134
3 385 102 322
2 456 326
4 69 80 370 70
3 122 22 111
3 350 213 447
0
3 487 436 18
5 173 20 101 397 320
4 442 387 146 469
2 147 137
6 302 108 198 405 56 327
2 338 497
3 478 251 458
4 85 248 150 363
4 426 62 202 223
1 228
3 220 59 19
5 402 138 286 193 306
2 372 306
0
2 193 206
5 262 239 407 409 444
6 329 352 443 9 280 27
2 415 89
5 380 282 63 422 490
3 123 226 194
1 242
2 137 321
5 471 215 487 436 304
3 255 170 48
3 366 319 400
5 228 30 460 430 299
4 21 418 374 480
4 111 341 47 27
0
2 233 144
5 284 167 419 425 200
6 299 182 461 23 238 388
4 484 303 238 182
2 345 15
4 265 100 4 338
5 153 147 355 90 330
6 152 231 366 207 55 249
4 264 305 439 79
8 470 191 59 243 478 19 332 105
1 441
3 466 197 456
3 292 61 424
3 52 355 130
4 49 73 106 227
2 487 95
2 149 34
2 250 196
3 235 290 253
2 353 166
1 449
1 144
3 78 254 476
4 355 283 323 153
4 188 186 230 123
0
4 85 164 99 310
1 53
1 231
5 355 323 28 283 90
6 13 217 199 187 71 404
4 376 154 35 187
4 368 337 334 495
6 204 290 250 257 253 429
4 439 132 264 79
3 331 15 497
4 221 205 244 219
4 126 421 23 370
4 81 4 100 75
2 494 278
1 99
6 115 492 38 214 392 242
5 371 457 386 6 288
4 218 139 425 284
4 172 416 114 262
4 190 20 196 453
1 40
3 146 476 203
1 114
5 169 20 453 397 190
1 107
7 479 51 31 382 189 309 360
7 60 118 342 222 255 192 289
0
3 282 113 252
1 368
6 136 61 424 384 285 423
8 449 440 300 314 144 240 195 408
1 427
0
5 328 185 24 276 428
5 24 195 94 124 276
3 467 115 188
5 267 199 217 71 404
6 230 499 467 54 266 168
2 202 103
4 141 401 250 236
1 101
1 289
2 493 381
2 398 114
4 124 24 144 449
1 190
0
2 302 405
3 404 42 13
1 425
6 212 50 140 33 211 120
2 223 65
5 378 134 254 88 455
4 183 375 253 390
4 219 155 221 25
5 138 306 73 49 109
8 131 325 357 472 365 481 319 231
2 68 395
0
4 113 259 463 26
2 410 212
6 367 201 33 410 430 140
7 342 67 93 83 452 361 60
4 300 77 492 314
1 66
4 247 221 244 205
1 199
5 436 438 275 167 425
3 25 155 316
2 59 435
1 219
2 474 118
4 51 479 450 175
2 118 289
2 441 321
2 188 467
0
3 388 299 393
2 411 82
2 392 123
5 313 131 39 319 249
4 333 143 491 414
2 195 185
6 306 227 124 24 109 372
1 307
4 196 190 290 141
5 43 463 178 26 210
5 69 370 126 182 303
0
6 181 408 440 195 185 449
0
4 214 448 54 165
5 191 462 478 220 17
4 376 25 221 219
4 154 316 376 35
3 368 495 500
4 221 14 160 244
2 363 310
4 472 55 357 39
3 196 157 190
5 191 17 462 173 458
4 422 113 63 259
0
4 88 455 432 391
1 351
3 199 217 154
6 324 358 307 204 44 142
0
3 63 490 113
3 234 494 174
2 493 73
2 407 444
2 384 423
4 79 274 5 273
0
5 467 392 448 54 242
4 454 312 42 112
2 190 468
2 235 389
4 205 244 14 216
2 301 335
5 286 206 396 389 73
4 496 318 406 394
4 12 406 318 270
0
3 145 24 184
5 425 419 284 218 139
2 494 174
3 348 347 291
0
2 162 75
4 490 32 451 422
4 326 456 279 466
5 218 200 419 139 288
2 424 271
1 269
1 477
8 277 386 125 419 284 275 465 200
6 170 176 222 431 255 40
1 307
3 477 163 356
4 121 335 480 301
4 94 234 227 276
5 41 69 209 303 365
4 441 321 403 116
0
4 49 389 73 261
3 315 417 229
4 30 421 120 228
4 214 38 165 489
2 21 121
5 311 405 56 387 108
5 427 238 127 69 91
5 34 117 471 215 2
0
6 138 372 227 402 106 206
5 142 257 235 253 377
2 325 39
1 450
4 164 302 198 108
3 442 469 476
2 112 454
1 325
0
4 264 82 158 417
2 187 35
4 379 180 423 8
1 14
7 119 207 131 366 87 249 31
2 96 383
0
3 248 385 150
1 135
3 157 307 257
4 481 308 365 209
1 279
2 56 97
0
0
2 90 28
5 346 15 74 497 345
0
1 350
4 368 362 488 337
4 121 21 7 480
3 43 208 210
4 156 437 362 373
4 331 433 497 159
5 348 347 197 287 291
3 209 294 70
4 202 103 62 426
4 60 93 213 361
6 59 48 435 351 37 19
2 65 223
4 459 411 315 298
2 417 315
4 477 163 291 434
4 477 356 434 291
2 273 264
5 414 11 232 485 491
4 475 48 354 435
1 72
1 465
0
4 28 90 283 135
2 163 445
1 55
4 157 290 429 324
6 485 369 232 452 491 93
6 119 382 31 366 87 258
3 60 83 474
2 498 334
2 302 327
1 102
5 294 472 308 207 70
6 258 55 119 249 360 87
5 201 211 120 228 50
2 495 334
0
2 161 427
4 275 425 125 483
1 107
1 407
0
4 204 396 390 253
0
4 358 375 253 157
5 432 134 455 391 88
5 424 285 136 180 384
0
4 49 396 206 73
6 258 400 152 51 450 119
5 20 251 101 268 320
1 271
4 310 363 248 85
6 125 166 200 371 465 284
0
2 241 393
3 286 261 272
0
4 116 432 403 295
0
1 461
2 216 270
3 26 463 210
6 183 389 381 390 375 73
4 320 251 101 486
2 239 262
5 330 321 130 137 52
4 450 309 175 51
2 429 236
6 336 428 306 106 208 193
4 321 399 98 137
2 312 296
2 387 311
3 216 12 247
4 262 444 398 416
5 144 195 145 77 240
3 57 437 362
4 201 104 120 211
5 132 349 82 417 158
5 103 65 62 341 9
3 107 293 372
2 369 457
4 248 102 150 446
3 226 148 194
0
3 76 162 84
4 438 218 167 275
3 460 367 50
0
3 32 63 380
2 61 292
2 292 335
4 275 200 371 125
1 341
4 388 421 161 370
2 237 336
5 196 44 157 324 141
2 50 420
3 170 354 48
4 225 116 295 403
2 159 74
1 278
2 351 29
7 487 167 58 438 277 425 117
1 368
7 304 95 471 487 436 139 419
2 5 406
4 314 144 300 181
4 321 130 137 52
3 78 469 171
4 280 352 122 111
2 409 373
4 260 86 413 293
1 150
0
6 392 115 300 165 492 38
1 240
2 400 344
0
0
5 190 397 401 20 141
2 151 364
2 134 295
3 348 279 466
4 491 482 353 414
4 191 96 251 320
2 411 417
0
7 427 393 238 126 421 299 182
1 251
5 113 282 422 259 63
1 335
2 386 125
5 197 279 291 347 348
8 36 188 194 226 115 230 186 123
6 383 196 458 141 190 20
4 78 476 146 203
7 37 435 105 29 59 133 220
1 117
3 365 308 481
5 395 43 208 336 68
6 447 192 83 60 289 361
6 105 29 220 64 470 177
3 254 78 203
0
6 243 101 17 177 320 486
5 189 400 450 344 62
2 76 281
2 209 70
4 333 232 11 359
1 369
3 41 91 80
5 232 359 447 93 350
4 101 17 397 251
4 438 117 95 218
0
3 300 77 492
4 380 263 45 8
0
2 440 77
3 286 106 381
2 234 276
3 500 334 179
0
2 345 298
6 57 407 437 179 409 362
3 188 266 230
4 495 337 368 334
