500
2 294 411
4 125 493 315 372
4 56 163 137 480
4 37 81 46 204
2 365 224
0
4 455 167 32 86
3 277 80 310
4 143 298 277 200
1 196
2 23 31
6 17 393 462 11 401 343
0
8 95 449 168 265 290 453 314 172
2 364 179
3 90 226 264
6 491 11 343 31 356 179
2 497 448
0
6 350 242 445 93 431 133
3 50 435 153
3 120 88 152
3 272 423 462
0
2 355 76
4 107 378 425 186
5 392 300 477 489 130
4 260 132 408 330
3 284 254 1
3 64 51 219
7 423 12 444 35 272 364 144
4 397 309 368 291
4 480 140 268 63
2 225 390
4 462 393 17 423
1 105
7 360 446 490 4 83 81 487
7 43 319 168 450 270 243 95
4 167 455 397 32
7 16 25 90 197 477 76 392
4 268 191 419 366
5 486 301 139 402 91
0
3 348 45 82
5 127 111 44 286 469
1 339
3 1 6 396
5 418 276 221 334 312
5 422 189 178 229 458
2 478 79
8 425 451 266 30 219 134 380 26
3 416 351 329
5 317 259 492 20 133
2 384 164
2 198 403
2 494 41
8 8 353 257 215 80 97 126 340
4 18 170 120 207
7 352 400 81 122 490 69 299
5 175 165 196 211 484
1 294
6 55 362 476 116 321 467
3 3 419 366
6 425 26 30 186 219 156
4 498 318 96 394
0
0
6 43 118 338 450 117 279
7 59 414 86 352 293 193 160
4 418 447 198 405
4 453 14 238 290
4 222 348 44 127
1 113
2 469 127
1 173
3 297 355 197
3 421 358 438
6 466 106 412 296 376 292
0
4 235 257 310 57
3 487 209 83
3 242 482 288
5 360 414 37 487 232
3 85 275 342
2 24 443
5 308 193 69 293 7
3 326 184 429
5 442 212 188 258 341
1 8
1 391
5 486 470 439 323 324
6 296 376 412 106 318 78
2 242 222
0
2 319 38
3 318 412 376
1 80
2 398 442
3 25 465 436
1 99
1 415
5 48 472 312 336 227
1 382
2 464 349
5 328 261 183 386 488
3 457 296 412
3 417 413 415
0
3 278 372 493
4 217 420 234 427
4 424 45 274 469
5 390 447 192 475 334
5 404 210 332 158 149
6 219 279 64 162 425 30
8 15 31 444 173 144 35 479 52
1 407
4 43 473 256 243
2 270 162
5 151 273 18 263 103
4 258 13 194 152
4 272 356 35 491
0
3 264 313 40
1 136
1 190
3 257 310 8
0
4 103 250 263 239
3 146 187 67
6 123 403 392 456 373 477
4 497 269 212 246
2 408 28
2 482 66
2 417 107
5 237 184 13 194 437
0
2 195 140
2 355 154
3 324 91 486
4 28 302 132 33
4 230 375 217 234
3 428 105 287
2 9 298
1 329
5 244 205 223 169 481
1 259
3 308 176 32
4 441 22 58 398
7 452 283 332 21 478 404 435
4 430 58 22 398
6 128 207 131 448 246 239
0
4 201 210 478 404
4 377 391 177 205
4 309 176 32 368
2 417 101
4 292 394 65 10
1 305
4 106 92 498 96
4 400 496 69 164
4 252 388 94 175
1 68
4 480 28 327 140
5 352 414 86 193 54
4 37 4 81 490
0
2 291 147
5 206 270 95 172 314
6 465 104 145 485 154 406
0
4 208 411 494 254
2 449 14
6 75 468 304 351 87 115
4 389 489 27 130
2 10 157
3 499 155 322
4 233 154 76 465
4 229 301 139 402
6 31 12 15 35 115 272
3 315 323 493
2 463 475
1 55
4 289 159 357 287
3 329 304 87
8 217 427 295 253 390 34 108 166
6 30 51 134 378 26 451
6 129 478 146 306 361 317
1 341
1 402
4 73 109 278 125
4 419 327 56 163
4 358 379 438 77
2 54 164
6 237 437 212 429 188 88
0
3 252 211 204
1 392
8 280 202 434 387 476 374 467 405
2 307 426
0
4 435 158 452 149
5 198 102 387 476 336
5 155 499 474 322 176
0
3 244 154 481
1 314
1 497
3 284 47 29
5 46 83 232 4 37
5 435 305 278 109 73
4 46 161 60 446
0
0
6 460 493 251 365 224 262
5 8 353 491 97 340
3 19 182 62
4 166 253 110 420
2 105 357
4 30 433 114 338
3 257 340 80
2 102 447
3 274 242 231
3 145 169 406
4 2 493 359 180
2 110 295
1 297
4 312 70 336 472
3 302 265 408
6 324 139 402 301 91 42
2 217 110
0
5 267 414 59 352 209
0
7 185 420 230 253 141 218 110
5 8 97 353 337 57
3 85 413 263
3 341 442 188
3 449 453 14
3 103 250 443
1 352
4 172 314 453 370
3 482 344 288
6 319 241 206 43 38 450
2 104 145
8 278 493 249 180 109 315 372 73
2 448 18
5 432 89 298 143 220
4 262 5 460 365
3 73 109 305
5 236 246 239 413 103
6 248 189 262 359 460 458
1 211
6 225 420 181 427 110 217
0
4 410 418 387 434
0
2 143 97
6 194 135 88 13 437 237
2 187 146
4 440 303 28 302
3 217 230 295
4 251 323 5 248
3 443 236 250
4 90 174 40 76
0
4 51 417 415 26
4 496 122 414 232
2 137 191
4 341 441 188 98
5 206 95 473 172 118
6 174 27 495 371 300 374
1 11
0
6 286 348 72 127 82 111
7 85 84 266 156 382 378 236
2 447 334
0
3 315 2 245
2 256 338
1 476
5 48 202 334 312 276
3 226 76 297
3 79 50 361
7 396 171 61 6 494 41 47
1 474
4 399 231 348 82
5 261 218 142 488 183
3 93 350 66
8 159 376 466 105 394 488 36 386
2 172 168
5 322 176 155 39 368
2 175 157
4 164 193 54 299
0
4 234 141 230 166
1 183
3 355 123 392
6 354 220 310 331 247 8
2 160 54
2 373 116
4 91 324 486 439
0
2 440 383
3 87 326 367
2 278 315
2 492 482
3 426 227 102
4 455 86 54 32
2 285 147
1 277
0
3 276 70 334
5 174 16 40 495 264
4 14 290 449 453
4 245 73 190 180
3 235 126 337
5 492 259 344 129 53
4 388 94 65 10
0
3 238 440 136
3 116 403 407
7 309 285 500 291 499 32 203
4 460 251 49 5
6 346 5 486 464 251 439
2 189 178
0
6 6 480 171 33 254 195
0
5 87 333 304 75 429
2 33 260
1 277
5 149 153 113 435 249
4 87 367 483 184
3 336 461 112
8 147 86 160 384 54 167 308 455
0
1 23
5 451 30 433 114 43
0
6 220 80 257 126 277 8
3 150 58 430
3 273 443 236
5 479 31 121 15 179
2 431 20
5 461 390 199 311 276
0
4 9 74 331 277
3 127 274 72
5 325 363 464 104 485
3 259 44 399
7 304 173 144 333 429 416 329
7 164 59 122 267 400 496 490
3 356 316 491
2 432 74
1 100
2 35 423
3 105 428 36
0
1 214
7 81 37 46 165 209 484 490
3 21 283 478
3 280 55 255
7 381 349 485 346 464 395 104
6 179 423 444 35 52 144
6 214 5 251 2 359 224
5 56 419 137 163 191
3 120 329 135
3 167 147 455
3 383 136 440
5 314 14 320 449 124
3 362 19 216
0
6 321 403 116 374 300 456
4 19 216 62 385
3 234 230 217
4 183 394 428 96
3 436 282 99
3 107 101 24
6 108 421 358 34 438 461
0
2 325 178
3 380 84 85
8 260 330 228 124 136 440 303 369
5 455 299 308 7 293
3 62 467 19
3 36 142 428
7 255 280 418 405 102 202 476
4 10 60 161 94
2 495 27
3 379 358 192
3 99 177 377
5 389 313 264 123 16
4 462 11 23 401
2 498 92
2 481 145
2 284 411
4 285 309 368 291
5 430 170 22 58 441
0
3 160 164 122
4 356 121 491 343
4 486 301 439 324
5 374 495 456 174 489
3 158 435 153
8 255 434 198 307 227 102 476 418
0
4 403 182 385 271
4 330 28 302 480
5 448 441 459 246 269
2 255 476
5 284 494 254 396 47
5 296 292 457 36 466
6 275 85 236 382 84 24
0
3 186 64 219
6 75 444 304 351 173 468
5 51 101 275 64 415
3 202 336 198
0
2 225 427
1 34
3 139 402 229
3 11 393 272
5 45 222 469 72 348
6 114 30 26 451 186 51
4 281 227 102 472
0
4 386 289 287 488
1 120
3 483 58 88
2 350 231
0
4 338 279 117 68
4 307 387 202 426
2 283 21
1 226
2 184 304
6 112 181 34 345 108 463
5 422 325 458 346 178
5 320 124 136 228 303
2 442 341
4 341 58 430 150
2 128 273
4 364 479 179 144
5 350 93 53 133 399
3 60 4 211
2 276 221
4 131 119 212 188
4 238 320 265 290
3 95 38 243
1 380
5 249 305 113 332 153
0
4 282 436 177 99
6 39 147 293 335 291 368
4 271 373 403 116
0
4 301 229 42 178
3 273 151 239
0
5 345 447 192 221 77
5 11 479 179 23 491
5 390 181 379 475 192
7 325 406 363 49 458 381 485
4 391 355 154 377
0
2 198 182
4 351 329 333 173
2 72 347
6 464 349 439 363 485 325
5 465 169 100 454 355
4 70 48 418 281
6 206 38 95 68 270 256
2 309 500
3 77 358 379
2 202 198
4 123 495 264 16
5 361 129 146 50 283
6 115 444 35 12 364 52
2 366 419
3 138 145 395
0
0
2 209 360
6 145 406 104 349 464 470
7 346 460 470 323 439 248 5
6 414 232 165 240 360 4
8 289 466 428 261 142 183 287 218
3 392 197 389
7 240 83 360 487 81 232 267
5 393 423 23 353 215
4 482 187 133 306
7 214 372 245 359 109 2 125
4 268 41 366 171
1 456
2 122 414
6 188 441 212 151 442 246
3 92 412 78
3 203 322 176
3 285 155 499
