500
1 425
5 187 207 254 392 38
4 248 102 71 136
7 497 463 461 222 458 431 294
1 247
4 179 81 391 224
3 177 304 32
3 317 226 169
0
4 494 8 226 91
5 261 74 369 228 444
0
7 127 106 461 60 420 333 377
3 280 270 190
2 253 171
5 112 217 388 187 454
0
2 60 227
3 378 485 62
0
2 306 305
4 300 468 195 473
5 202 339 149 42 499
4 487 467 165 36
3 359 232 30
5 336 224 289 473 468
5 319 225 378 441 496
1 311
6 2 454 207 496 384 225
1 359
2 265 254
4 268 54 15 171
2 316 267
0
4 398 341 184 382
4 10 430 269 364
2 27 62
4 465 324 66 101
3 19 110 83
3 161 235 59
3 28 107 311
3 125 400 149
3 408 486 293
5 288 107 180 368 204
1 141
2 448 245
3 447 368 120
2 432 46
2 195 79
5 401 386 469 442 237
1 196
4 105 426 446 209
0
2 138 177
4 293 122 320 130
2 96 121
3 423 108 252
8 41 436 464 383 153 28 97 266
2 196 21
7 420 470 333 77 127 461 18
2 240 193
4 381 110 39 353
2 448 206
3 314 144 39
2 395 378
0
1 281
2 415 290
2 385 450
2 33 482
7 89 223 272 248 136 73 178
3 445 480 255
3 102 399 160
4 307 148 103 12
7 103 275 188 236 142 12 220
4 419 221 105 209
2 227 60
1 298
4 123 310 494 166
3 347 425 1
1 256
3 297 478 488
8 19 62 381 378 389 39 441 110
2 468 302
0
4 294 244 322 497
2 58 404
1 467
1 73
6 148 12 11 75 261 277
1 409
4 421 78 166 338
5 135 228 194 413 114
0
3 414 137 492
4 358 219 366 246
2 28 436
0
0
4 459 318 64 126
0
5 71 399 475 259 136
5 261 307 188 228 12
4 447 368 204 128
8 385 52 451 76 450 209 419 69
6 4 222 333 458 463 244
4 232 344 311 25
0
5 226 258 390 286 282
6 39 62 19 83 144 146
0
4 496 324 225 66
4 87 349 493 192
1 295
0
6 158 183 293 154 43 257
6 346 220 237 142 68 479
4 332 61 367 471
2 117 469
3 180 335 150
4 363 267 299 249
4 305 55 293 43
4 338 421 317 166
1 48
8 42 400 175 327 491 342 241 499
6 141 170 405 45 115 407
4 77 350 329 470
3 204 447 292
7 473 336 81 278 224 231 6
1 20
0
4 388 112 319 187
3 330 393 162
2 335 368
5 147 93 114 397 495
6 303 73 429 248 410 178
2 315 334
6 304 171 442 15 373 54
0
1 205
6 144 64 475 3 459 99
3 307 75 236
5 326 445 352 472 59
5 353 126 45 39 314
0
2 62 83
3 354 406 295
3 277 369 340
7 23 400 499 125 42 339 372
5 180 368 120 335 134
3 256 263 391
4 428 434 159 356
4 232 25 107 344
3 305 183 158
0
4 135 93 114 413
0
3 408 306 293
2 264 247
3 259 456 399
0
1 96
0
4 414 491 342 137
1 430
7 118 421 182 476 338 409 411
2 91 364
4 478 280 82 297
5 109 370 250 282 422
8 456 259 64 459 141 407 115 405
5 253 403 464 15 287
0
2 98 396
2 489 440
5 125 372 491 414 202
0
1 253
2 136 71
5 151 302 81 231 84
1 153
4 344 311 153 107
2 123 409
3 305 230 116
4 410 341 270 178
0
1 218
3 324 112 319
2 90 148
4 386 54 32 50
4 297 152 488 434
4 199 51 57 130
5 287 291 58 288 134
0
4 156 495 397 114
4 22 338 310 166
6 21 158 305 55 252 108
5 315 95 255 492 9
0
1 453
0
3 380 431 67
3 125 23 149
1 396
4 335 150 63 128
0
5 104 35 245 398 448
4 376 366 454 187
0
3 426 105 52
5 211 276 455 435 76
5 1 105 343 446 455
0
3 266 171 383
0
0
2 47 368
5 207 366 384 345 70
0
2 185 363
2 68 75
2 449 362
5 279 13 497 106 60
1 160
4 473 129 26 6
5 496 16 2 38 392
3 163 162 250
6 333 222 420 461 77 377
4 261 103 275 74
1 416
6 293 306 183 408 116 305
3 256 371 81
3 349 87 113
0
0
4 457 161 143 59
4 142 415 12 346
3 117 442 479
0
0
3 193 471 145
4 400 23 499 491
2 467 88
4 268 32 50 15
2 463 333
0
4 242 299 24 185
0
1 71
0
5 258 282 109 466 422
0
4 305 122 21 43
0
0
2 174 9
0
2 443 176
3 92 286 390
5 126 407 115 456 3
0
3 90 74 275
0
2 371 151
4 283 360 247 124
2 284 65
3 58 153 28
2 242 299
2 479 243
0
0
0
5 184 178 14 424 429
0
7 134 150 245 128 206 120 44
3 103 148 369
3 347 211 452
4 11 103 74 369
4 289 310 195 79
4 431 458 86 4
4 82 152 488 297
0
0
2 48 247
4 66 378 37 441
3 208 309 40
4 338 182 92 123
4 97 403 28 464
0
8 26 300 336 310 338 166 278 195
1 220
4 97 436 266 404
3 180 150 134
5 486 474 116 230 212
0
5 296 354 402 406 500
1 114
2 434 111
0
4 467 165 242 88
1 79
0
4 336 473 129 231
1 102
2 213 171
2 306 293
5 486 230 293 474 116
6 75 220 188 275 90 103
4 217 56 384 207
6 98 122 235 196 40 161
4 338 166 473 336
4 359 232 349 87
0
3 130 191 453
2 100 99
6 164 414 491 375 197 480
0
3 251 169 466
2 100 144
4 324 496 2 225
4 51 453 191 199
0
4 176 257 443 201
0
0
0
5 489 72 309 394 174
0
3 94 40 396
8 371 263 256 470 350 377 81 179
4 172 198 482 96
0
4 79 193 49 240
5 461 222 279 13 458
3 375 164 492
0
1 302
2 499 42
4 317 123 494 182
6 209 23 337 450 385 499
7 495 397 93 11 275 156 261
5 488 424 410 190 168
1 125
1 210
4 359 30 113 349
6 217 358 16 132 207 417
6 479 142 220 237 290 236
4 210 80 276 455
0
5 436 87 292 404 291
1 77
0
7 235 59 440 489 394 196 481
0
4 296 406 402 374
0
0
0
4 345 366 217 207
2 192 291
2 48 247
0
0
3 24 242 299
0
1 329
5 308 70 132 33 217
0
3 206 447 274
3 261 397 90
4 282 258 422 390
2 365 77
4 499 491 327 125
3 138 7 54
2 296 500
5 414 197 9 480 481
0
4 365 263 127 350
2 441 37
2 252 108
1 281
3 146 19 83
2 484 216
3 54 253 464
2 366 417
2 105 426
2 442 268
0
2 319 66
6 38 254 465 392 319 31
1 92
5 263 179 224 84 350
1 465
0
1 309
2 146 378
2 285 94
3 444 495 413
5 429 168 424 272 82
0
1 209
3 189 442 373
4 114 397 194 135
0
1 287
1 99
3 114 397 402
6 141 318 3 115 456 64
4 55 212 320 474
0
2 248 178
1 61
0
0
7 202 315 327 137 372 492 334
2 74 188
3 210 425 452
5 482 56 384 96 345
2 63 206
0
2 13 279
0
2 390 258
1 328
3 190 82 280
2 210 435
0
1 284
0
0
0
2 4 463
0
1 173
3 5 264 356
6 347 52 105 211 455 452
0
2 498 229
0
0
4 143 457 489 197
4 378 37 146 485
4 7 243 386 119
4 176 201 116 230
0
3 235 309 59
4 76 105 69 52
2 35 206
1 216
2 437 186
4 42 400 337 426
0
3 211 105 52
4 57 21 379 252
4 217 358 112 308
2 435 343
1 3
2 352 472
1 497
3 353 405 170
3 10 36 430
2 279 227
3 286 393 163
2 4 86
1 253
0
4 109 422 282 370
0
4 310 289 300 336
1 119
6 263 371 151 350 377 420
3 79 193 310
6 326 352 445 309 481 394
1 336
1 212
4 270 272 248 136
4 78 367 239 411
0
4 159 152 428 434
4 142 401 469 117
3 481 197 375
1 72
2 366 217
0
4 368 128 447 104
2 110 62
5 443 257 313 116 380
2 91 269
4 428 111 434 152
4 197 255 334 9
1 404
0
1 327
2 134 150
1 317
5 11 93 413 135 114
4 389 101 38 392
4 244 463 431 86
2 210 425
5 372 339 400 202 175
2 354 374
