500
2 293 318
3 139 195 23
2 420 134
6 496 37 82 44 154 133
4 8 495 197 384
0
1 483
3 385 91 269
5 430 418 280 484 455
1 301
6 165 193 252 56 300 431
3 151 225 51
1 211
5 262 15 20 176 6
5 14 183 262 157 176
2 351 166
0
2 399 159
5 428 189 469 271 103
4 358 210 33 67
0
5 68 329 320 367 144
6 175 195 467 482 139 465
2 410 355
4 174 200 438 264
3 94 224 468
9 397 375 436 204 338 128 324 159 419
7 277 494 207 217 499 333 43
1 246
4 25 408 477 200
1 416
4 111 168 227 123
1 53
4 414 50 44 402
3 78 347 172
1 458
7 50 34 223 133 448 154 402
4 368 283 48 236
2 331 206
5 286 108 401 247 468
3 353 155 335
3 11 405 252
6 28 135 333 307 434 417
0
0
2 214 38
5 166 362 291 412 202
0
0
5 34 4 44 402 37
2 174 151
8 209 164 30 126 462 29 246 453
4 91 447 67 33
1 313
3 255 454 124
6 252 83 42 97 259 188
5 155 41 378 196 353
0
1 396
3 129 189 493
7 310 110 322 148 452 195 175
4 97 457 416 398
1 306
3 279 181 495
6 272 387 89 278 450 120
0
4 358 296 497 20
4 80 288 22 407
4 170 443 122 118
8 328 459 66 92 266 169 158 182
4 407 80 288 463
1 392
1 275
1 81
6 211 7 12 404 225 471
4 117 132 105 171
7 103 76 487 271 389 98 129
6 152 212 415 317 35 216
1 387
3 463 71 407
5 19 458 189 393 428
0
5 405 301 360 143 42
4 357 116 147 330
5 418 18 430 423 9
2 175 290
2 373 16
2 318 184
2 120 65
3 196 213 378
7 53 8 33 5 153 385 497
3 95 374 73
1 216
0
2 365 258
3 253 462 209
3 11 300 359
4 421 389 132 366
6 204 436 334 338 316 324
5 294 21 341 337 185
5 208 168 32 111 227
6 191 260 281 180 496 323
2 189 19
6 368 48 386 38 236 185
4 63 398 177 344
3 275 432 119
4 481 179 470 286
2 40 468
5 57 299 118 381 353
4 2 290 175 195
0
6 161 47 388 291 138 270
8 141 143 221 301 352 10 309 405
1 444
3 239 244 427
1 435
3 171 421 132
3 170 109 472
5 323 275 191 73 365
2 387 413
0
3 109 41 69
3 36 393 458
3 454 382 354
4 489 332 149 361
2 253 462
0
1 241
6 98 487 194 493 189 238
2 133 359
2 411 268
3 487 105 303
0
4 466 289 456 474
0
2 93 152
3 222 251 240
3 388 245 449
7 2 61 467 140 195 23 110
1 61
3 149 301 221
6 123 192 74 458 36 19
5 352 221 363 405 113
3 411 230 325
0
3 437 401 94
4 435 485 84 330
4 135 310 322 383
5 115 332 372 361 410
4 278 461 65 272
5 200 33 13 477 174
1 146
0
5 44 402 50 223 130
1 353
8 478 257 233 231 199 336 321 403
5 145 235 121 228 273
4 92 66 70 182
0
4 32 339 227 101
5 47 163 348 351 291
0
3 47 161 201
6 126 209 479 246 52 462
8 298 56 300 62 431 259 429 97
4 201 47 163 161
4 71 80 265 111
3 458 142 123
2 261 253
5 173 381 299 118 443
2 76 421
4 212 35 121 426
5 186 122 473 203 472
3 218 51 343
0
5 262 273 400 6 157
3 117 171 303
4 196 213 378 234
4 198 473 312 345
0
5 387 450 64 263 495
3 158 119 459
7 206 235 400 157 331 176 273
4 114 205 199 305
4 104 283 368 254
3 170 473 480
4 21 308 464 215
2 259 83
3 81 74 192
0
4 432 275 260 119
4 428 189 19 74
2 10 83
1 493
3 23 290 371
4 378 90 234 59
0
1 247
5 403 205 257 321 392
8 174 30 264 477 438 25 406 151
4 112 291 362 270
3 441 138 214
4 470 473 186 179
6 324 377 375 249 9 99
6 305 199 321 184 403 257
0
4 454 354 255 379
5 339 407 265 80 71
2 29 164
2 67 91
5 343 51 162 218 174
2 426 235
5 59 335 90 353 234
7 138 245 319 311 449 202 236
3 187 357 330
6 93 426 347 317 121 45
6 499 434 28 207 277 354
2 75 404
1 419
3 456 433 420
6 301 113 24 143 309 141
3 215 294 190
4 50 402 465 154
1 401
7 7 483 295 396 162 229 404
3 332 149 125
3 101 242 265
5 183 176 15 206 331
4 75 12 471 162
1 267
3 373 16 233
1 349
1 351
5 178 90 59 446 396
5 157 145 426 35 39
2 319 254
4 124 217 382 454
2 393 428
0
7 254 282 294 251 185 222 100
7 338 292 397 334 55 488 248
5 227 142 111 458 168
2 318 409
7 390 159 239 376 427 372 125
4 270 412 202 47
8 408 297 209 479 29 96 52 453
5 345 342 26 481 198
4 219 292 379 255
0
2 489 18
0
2 188 193
2 96 364
2 240 386
6 55 248 124 488 207 292
1 86
3 205 478 373
5 73 260 275 182 106
3 188 193 431
4 127 432 102 395
3 164 126 169
6 273 15 67 358 497 296
5 8 89 495 413 391
1 51
3 463 407 71
5 66 70 169 459 374
1 268
5 411 22 315 131 267
3 495 391 384
0
6 487 194 74 19 189 103
3 150 474 380
4 296 400 20 262
5 62 457 429 298 165
8 73 102 127 119 260 95 258 191
7 305 114 1 409 318 287 314
1 499
8 79 17 150 461 340 486 272 474
4 391 263 197 285
7 484 423 85 9 159 390 430
7 448 180 133 496 102 191 432
5 100 185 49 254 104
4 48 38 311 46
4 489 125 250 376
5 385 384 391 181 279
3 247 107 342
1 184
7 71 315 68 22 268 367 425
1 220
8 175 482 140 465 2 86 467 110
5 87 202 112 166 47
5 354 379 219 241 55
0
5 215 464 100 475 337
6 460 90 225 229 7 483
4 6 400 14 273
1 164
1 11
3 57 353 41
8 97 11 429 252 193 304 431 165
4 113 352 309 141
8 93 172 437 35 216 347 415 78
2 177 105
4 62 398 457 344
1 314
5 117 171 303 177 389
4 383 135 498 349
2 294 464
3 361 24 363
3 498 424 383
1 449
6 179 472 342 203 186 345
3 267 325 84
3 444 1 293
3 22 425 367
7 324 241 397 99 375 334 128
4 216 437 302 78
4 88 439 409 314
0
1 22
3 392 478 199
4 349 383 452 256
3 496 180 281
3 249 490 99
0
0
5 282 104 386 49 283
1 158
2 411 315
6 440 147 435 54 308 215
3 235 45 35
8 24 489 361 372 355 149 284 376
1 417
3 27 99 377
1 460
0
0
0
3 242 123 160
3 65 79 120
5 386 282 240 251 222
5 247 198 470 26 473
3 218 12 75
8 31 177 105 304 398 416 274 457
4 470 247 186 473
3 483 90 295
5 93 172 302 317 426
6 161 373 233 231 336 351
0
1 380
1 163
0
4 178 57 118 41
0
5 332 284 141 361 226
4 422 420 370 456
5 187 485 464 147 116
0
6 37 496 448 133 34 154
4 221 113 143 10
1 332
5 161 201 138 112 412
6 352 143 405 141 309 10
5 158 492 261 266 169
0
1 303
5 22 80 288 144 320
4 49 254 327 185
1 134
7 451 456 58 289 420 500 369
6 414 195 290 467 139 223
4 332 125 284 149
6 87 16 351 321 348 156
6 169 328 92 266 182 66
3 334 316 99
6 372 427 239 115 284 244
6 27 324 316 423 334 490
1 213
0
6 422 466 474 134 369 278
0
1 379
6 322 307 310 452 148 424
0
3 447 53 5
5 240 100 282 327 104
1 64
4 46 449 214 311
0
4 484 280 455 85
6 181 263 495 447 197 385
6 184 243 287 205 199 156
1 238
6 68 463 71 367 265 407
2 130 127
6 378 446 225 234 7 90
4 338 27 375 334
4 344 457 304 62
6 390 427 280 159 484 85
2 183 15
1 40
5 4 414 50 37 34
4 392 287 88 439
4 151 12 343 218
2 188 42
6 364 246 408 297 29 25
3 167 101 80
4 453 25 264 477
0
0
7 144 329 131 313 22 491 268
0
4 181 495 64 279
0
4 401 437 152 108
1 303
4 135 277 498 43
0
2 27 338
4 451 3 58 356
6 76 366 194 487 306 132
2 420 58
4 430 9 85 436
3 498 135 232
4 288 463 329 315
2 35 302
6 399 159 390 376 18 372
1 271
1 165
5 9 280 490 455 484
3 429 11 292
4 275 119 127 73
0
7 217 333 307 277 237 43 417
6 190 357 116 464 147 21
1 99
4 93 347 78 317
1 264
4 243 318 305 276
4 54 84 267 131
3 112 412 47
7 446 404 295 396 225 162 229
4 299 118 41 381
3 305 318 293
0
2 234 90
4 210 53 33 91
4 37 4 34 154
4 214 38 388 311
6 65 340 17 387 79 181
3 433 220 500
5 135 349 61 256 310
2 52 164
4 333 124 237 217
6 280 85 418 445 427 159
1 451
4 344 31 416 177
4 469 142 123 227
6 182 158 95 92 266 70
2 335 59
3 65 466 150
2 328 364
4 68 80 394 320
2 485 215
1 23
6 461 134 272 474 486 456
3 23 326 414
7 481 26 247 136 146 40 108
4 81 74 192 19
7 203 107 345 40 342 286 247
1 51
3 203 179 186
3 203 179 186
5 486 461 466 380 272
2 222 251
3 183 331 206
4 408 200 30 25
4 156 257 373 321
6 364 253 261 126 96 453
4 473 203 381 472
2 286 468
6 50 2 467 371 23 326
2 442 225
4 430 490 418 9
8 215 187 84 330 116 440 357 435
4 3 380 356 369
7 194 98 76 493 271 389 129
4 55 354 248 255
0
1 122
2 116 54
4 328 459 70 266
2 77 487
4 43 232 424 498
5 285 384 263 413 8
6 130 133 102 359 191 448
2 153 400
4 277 424 43 494
4 217 354 333 454
2 433 420
