498
2 277 57
1 332
4 64 156 475 398
1 267
1 248
1 166
1 335
2 385 141
2 421 418
1 351
2 432 187
4 127 68 258 157
1 337
2 212 493
2 88 45
1 314
1 215
3 442 280 158
1 356
1 484
2 467 164
1 50
4 62 349 474 458
4 231 200 369 123
1 104
1 479
1 328
4 242 118 300 79
1 18
2 43 312
1 447
1 308
1 6
1 343
1 1
1 28
1 43
2 190 436
1 357
1 226
1 295
2 225 354
4 46 30 94 386
2 203 221
2 482 15
1 315
1 189
1 403
2 412 108
1 78
1 179
1 135
2 125 85
1 43
1 278
4 390 193 335 361
1 124
1 178
1 151
2 158 366
2 372 292
1 162
1 143
2 299 3
2 474 323
1 29
2 299 229
2 12 256
2 70 268
2 447 69
1 486
1 204
2 315 382
2 134 318
2 88 133
2 130 164
1 203
1 235
1 59
1 238
1 187
3 111 407 317
1 437
2 344 243
4 153 150 273 53
2 246 218
2 300 152
4 75 186 424 15
2 315 345
1 278
2 254 155
1 71
1 25
2 43 413
2 120 419
2 263 245
1 452
2 301 403
1 121
1 288
4 245 147 263 289
2 180 176
1 425
1 497
1 166
2 157 256
1 23
2 49 429
1 207
2 303 149
1 223
1 122
2 152 484
1 82
4 255 302 435 307
2 395 178
2 229 334
2 28 217
1 379
2 95 278
1 213
1 126
1 239
1 411
2 53 462
1 24
2 12 154
2 200 440
1 3
4 146 246 477 76
1 363
1 222
2 75 485
2 74 243
1 497
1 101
2 282 369
1 165
1 352
1 303
2 365 8
1 388
1 178
1 422
1 163
1 456
3 249 4 101
1 136
2 110 409
1 487
1 496
2 113 87
2 441 85
2 224 127
2 91 479
2 3 485
4 106 467 12 214
3 60 13 18
2 335 193
1 109
2 432 180
1 77
1 436
2 76 21
1 292
4 305 472 438 225
1 243
1 423
2 407 403
1 319
1 403
1 72
1 240
1 339
1 372
2 462 102
2 309 483
4 464 116 383 103
1 85
4 102 478 161 448
1 337
1 377
2 337 366
1 447
1 321
1 466
4 455 199 11 284
1 378
1 243
2 324 38
4 220 306 482 471
1 460
2 159 56
1 17
2 437 361
1 66
1 24
1 430
1 192
4 274 128 367 197
1 322
2 483 245
4 44 145 23 436
1 115
1 56
2 255 484
1 100
2 217 498
2 384 409
1 266
1 184
2 455 14
1 130
1 99
1 441
1 80
2 118 208
2 420 86
1 291
1 327
2 323 44
1 451
1 144
2 363 154
2 166 42
1 82
1 131
1 180
4 299 297 117 67
1 281
2 24 338
2 461 418
1 406
1 264
1 90
2 278 421
1 41
1 309
1 338
1 97
1 396
1 492
4 22 84 134 182
1 260
4 216 202 454 96
2 86 130
1 191
1 52
2 277 147
1 51
1 55
1 415
1 429
2 91 337
2 115 206
2 68 106
2 312 382
1 490
1 158
4 443 402 132 296
1 272
2 317 400
2 101 96
1 409
1 376
1 444
1 35
2 69 395
1 260
1 33
1 372
1 85
1 293
2 282 200
2 428 288
1 198
2 1 249
4 47 236 392 120
2 371 288
2 497 18
4 93 476 408 429
2 274 137
1 417
1 201
1 330
1 130
1 233
4 404 279 275 359
1 34
1 304
1 112
4 276 168 61 324
1 228
2 345 330
1 171
2 427 260
4 375 229 413 39
1 7
4 92 64 67 229
2 87 28
2 98 465
1 341
4 110 347 363 287
1 174
4 354 270 31 447
1 88
1 313
1 26
4 441 194 177 329
2 335 471
1 16
2 30 257
1 20
1 244
4 73 89 330 37
1 230
4 346 82 40 262
2 74 400
1 234
1 139
1 200
1 180
2 65 221
2 292 190
1 203
2 408 429
1 480
1 297
1 394
4 315 365 290 294
1 148
1 285
1 172
2 117 375
4 159 310 265 205
1 251
4 479 254 364 183
4 219 410 231 340
1 399
1 2
1 459
2 461 435
1 495
2 419 84
2 294 89
1 167
2 405 303
2 465 479
1 160
1 241
1 299
1 115
1 449
2 305 42
1 320
1 473
1 463
1 325
1 353
1 316
2 195 56
1 237
4 224 380 405 173
1 450
2 330 141
2 183 60
1 439
1 185
2 24 137
1 445
2 458 279
4 187 138 493 61
1 261
1 245
2 297 334
1 426
1 397
1 317
1 491
1 140
1 157
2 73 257
2 178 489
2 412 209
2 8 410
1 27
1 56
1 358
2 437 427
1 119
1 288
1 461
1 10
1 374
2 268 116
1 105
1 188
1 370
1 338
2 262 318
1 28
1 283
4 114 32 169 98
1 311
2 363 347
1 409
2 169 82
2 326 281
4 209 303 253 149
2 338 385
1 147
2 384 49
2 94 297
1 437
1 281
1 331
1 391
2 232 9
2 95 344
2 438 218
2 236 9
1 48
1 175
1 191
1 368
1 247
2 296 389
2 275 443
4 170 360 108 326
1 436
1 3
2 161 11
1 292
2 476 497
2 342 115
4 38 203 210 142
4 195 389 269 469
2 420 166
1 58
2 489 128
3 309 153 250
1 5
2 260 428
1 468
1 88
1 401
3 70 305 453
1 373
1 107
1 259
1 83
1 12
1 63
1 416
2 187 212
1 381
1 336
2 371 23
1 461
1 271
4 333 342 457 232
2 125 176
1 54
1 488
2 301 348
1 129
2 157 21
1 433
1 387
1 484
2 191 310
1 19
1 286
2 23 65
1 393
2 281 434
1 350
1 81
4 362 348 181 155
1 298
1 431
2 45 191
2 177 202
4 355 206 36 113
2 133 156
1 481
1 441
1 211
2 383 440
1 227
1 414
1 494
2 372 14
1 498
1 147
1 470
4 434 280 252 196
2 208 446
