500
3 163 108 250
4 461 381 412 306
5 80 325 274 147 39
4 363 344 14 315
3 249 120 140
8 15 410 315 155 31 220 343 402
1 355
6 181 96 34 97 232 244
2 347 130
4 395 30 181 142
1 460
5 307 464 55 224 32
5 164 68 187 328 482
4 369 6 15 185
0
5 166 404 391 284 267
3 56 102 233
0
6 128 357 67 123 290 385
5 287 386 497 325 3
3 185 344 124
3 500 493 28
4 305 348 260 330
4 425 51 186 50
5 245 49 423 194 162
5 376 197 269 277 483
5 173 367 331 358 44
3 500 493 40
0
8 142 96 181 428 131 97 71 339
5 369 183 15 315 6
4 175 329 327 432
5 423 134 100 85 355
2 8 484
5 420 159 283 302 115
2 406 67
2 46 113
3 213 78 403
0
6 324 393 493 28 193 215
3 133 356 11
7 374 180 118 303 153 489 256
3 337 91 317
4 150 488 308 331
2 372 98
4 471 64 347 9
6 128 149 290 385 298 342
2 106 441
7 194 25 273 294 478 246 245
2 301 425
3 24 50 257
4 322 288 292 417
6 239 280 203 288 268 467
2 51 477
3 99 311 327
4 17 76 233 126
2 459 266
3 107 379 201
5 70 177 306 2 62
2 147 253
5 17 191 144 490 259
5 412 306 321 481 2
3 342 480 312
1 104
0
0
2 476 463
1 118
4 467 234 322 386
4 177 412 306 321
1 278
2 48 353
6 127 257 301 158 438 332
8 256 374 237 7 303 489 187 498
5 98 407 416 401 434
4 499 414 278 231
0
7 38 87 403 494 167 213 172
2 273 194
2 274 3
1 446
6 114 314 51 300 50 262
3 4 185 21
6 3 274 398 304 147 325
3 33 360 237
1 318
4 436 78 403 213
2 380 112
2 241 253
7 411 94 297 365 431 419 421
5 379 58 451 337 110
3 295 234 304
7 443 427 340 211 228 466 279
1 196
5 35 307 271 283 329
4 142 97 71 428
4 181 30 8 428
4 335 401 117 451
3 32 327 334
7 323 423 134 194 355 101 85
5 194 25 245 49 454
4 233 170 76 126
6 259 261 178 371 193 169
6 130 223 113 29 347 46
5 406 36 23 247 258
5 338 44 473 353 305
4 337 58 317 110
2 333 188
6 270 112 93 466 88 211
5 43 451 91 58 495
3 72 330 247
8 380 224 465 138 279 55 109 340
4 364 29 130 223
7 51 257 186 272 82 314 345
1 362
4 361 172 141 494
4 91 394 372 43
3 187 153 180
3 152 219 378
4 389 352 263 415
3 213 403 87
4 468 413 171 276
2 63 385
2 420 302
8 474 265 129 145 18 390 496 151
3 102 76 17
1 73
2 149 290
0
0
5 254 496 97 474 395
1 358
0
3 355 156 85
6 328 475 190 472 68 453
4 352 263 249 120
2 33 134
1 279
5 122 171 108 468 384
4 415 214 352 389
1 167
0
3 210 146 77
0
0
2 16 166
0
0
3 128 252 123
8 44 455 27 154 367 308 358 132
5 474 458 145 254 339
6 281 166 119 219 341 313
1 328
5 455 308 488 441 367
4 217 226 183 220
5 360 33 85 100 101
2 248 400
6 479 419 365 127 86 318
4 115 271 437 470
2 235 332
5 198 29 446 130 81
7 423 454 101 245 79 49 478
4 139 122 276 108
3 180 153 328
3 103 144 168
4 77 152 391 284
2 213 78
1 200
5 193 371 207 103 178
4 56 17 126 233
6 198 122 161 276 333 413
3 494 238 87
0
2 129 458
5 32 159 311 464 432
3 24 479 54
4 62 412 306 2
2 144 490
0
3 242 26 225
7 97 484 30 10 96 496 8
5 116 238 286 41 133
5 6 220 410 11 155
2 397 264
3 315 66 363
3 82 477 24
3 242 225 192
4 250 384 276 122
0
4 377 135 370 253
4 251 165 170 259
2 26 282
3 168 169 324
2 101 49
4 416 401 375 442
6 189 421 57 248 400 411
0
4 468 171 413 333
5 448 263 120 249 140
3 324 169 168
3 210 107 77
5 177 373 59 366 70
3 234 209 467
1 475
3 172 167 494
4 105 309 247 240
2 165 169
5 399 132 173 331 216
5 295 53 203 497 304
6 391 107 143 201 396 166
5 109 270 279 93 340
1 285
3 494 444 121
2 352 389
3 193 324 493
2 292 417
2 6 220
7 331 426 132 173 417 399 358
4 480 313 457 435
4 155 11 369 410
4 275 450 439 486
2 388 466
5 198 161 37 29 113
1 12
5 277 483 242 192 269
7 460 433 286 11 155 343 217
6 429 459 336 422 316 266
2 427 387
4 133 41 433 460
1 212
0
4 142 8 428 484
4 491 278 452 499
6 325 209 497 92 53 386
3 479 318 365
7 387 64 471 409 397 222 184
2 134 156
4 116 229 41 133
0
0
2 89 190
3 269 483 197
3 417 65 52
2 96 232
7 162 100 79 49 137 423 454
3 459 429 422
4 240 309 105 206
4 429 326 227 316
3 263 389 120
2 1 163
4 382 144 490 414
5 128 290 285 149 123
4 377 475 89 190
1 10
4 353 48 441 106
1 7
4 50 477 114 51
3 111 105 247
4 490 61 371 168
3 48 353 305
3 193 169 200
2 345 314
0
3 471 9 424
6 18 300 447 199 272 345
1 157
3 313 341 480
1 350
3 376 277 282
6 211 138 334 55 392 380
6 35 302 368 420 485 492
1 265
6 162 101 429 49 246 478
3 370 449 80
2 450 383
2 108 384
2 483 197
6 56 232 487 34 71 76
3 340 388 93
2 239 288
3 16 391 267
3 376 197 489
5 302 368 271 437 115
6 281 166 396 210 16 391
2 230 19
4 433 11 217 460
4 449 80 274 39
3 53 280 346
1 397
0
4 230 128 290 385
3 216 417 208
4 68 328 482 187
3 429 316 459
4 386 203 209 92
2 486 129
3 400 90 421
4 313 312 385 457
7 346 280 292 350 52 268 239
2 345 272
1 176
5 359 83 115 124 368
1 489
4 80 3 325 84
3 330 23 260
5 461 321 412 381 481
1 12
7 27 331 150 455 44 173 338
4 111 258 23 247
2 195 407
0
2 342 435
4 312 342 341 480
3 174 18 458
3 402 155 6
5 429 294 422 478 248
2 394 451
0
4 394 456 45 43
6 235 189 431 365 411 421
1 439
2 299 239
5 194 25 162 101 85
4 393 193 215 493
4 20 80 295 84
7 79 429 148 227 266 422 316
8 392 329 307 99 334 224 12 311
4 68 418 118 482
6 327 437 432 32 307 99
0
7 27 132 308 426 367 208 44
5 158 419 160 176 318
4 413 171 468 81
3 138 55 12
2 98 434
2 227 248
2 110 372
3 455 255 353
1 395
0
4 119 281 166 16
2 385 480
0
4 14 369 66 15
4 174 82 477 186
0
1 471
0
0
3 417 399 426
3 125 383 450
3 389 373 202
4 72 260 258 330
1 347
2 303 7
4 229 433 116 286
3 285 128 252
1 399
3 363 124 185
3 303 74 489
0
5 83 115 124 368 420
5 124 66 402 315 359
7 198 161 104 446 130 29 46
2 189 431
3 59 177 62
6 331 488 218 358 132 308
1 35
8 220 6 31 155 183 14 15 402
6 84 241 147 274 253 398
4 324 28 261 193
4 394 337 451 91
5 177 70 2 62 412
4 269 192 187 242
5 401 416 195 75 456
5 118 256 489 374 42
7 253 453 135 430 68 89 190
1 341
4 110 394 317 58
3 224 334 327
6 296 351 221 275 450 439
2 499 191
3 129 125 390
1 250
5 342 290 19 123 291
5 280 209 467 234 69
7 228 236 409 397 289 427 179
2 465 109
2 373 202
6 496 265 131 18 129 272
6 152 396 284 404 267 210
3 311 32 327
5 371 40 103 215 22
2 110 379
7 30 428 97 474 131 145 339
4 146 284 77 210
3 424 427 408
3 253 241 89
3 208 132 218
2 94 431
5 434 456 75 442 98
4 344 66 363 315
3 38 407 375
3 281 146 166
0
7 206 240 36 463 440 445 247
1 38
2 387 289
7 424 184 264 64 397 222 236
6 220 226 11 343 6 460
5 157 320 297 57 94
2 221 321
4 198 37 161 223
5 499 251 382 61 126
2 70 366
3 407 375 195
5 65 299 52 358 243
6 187 180 242 293 118 153
3 189 94 431
4 362 83 359 4
4 431 320 189 86
7 429 294 266 326 459 148 57
5 323 137 355 162 100
4 397 354 264 184
7 301 176 50 24 262 438 477
3 358 208 173
2 466 228
2 395 181
3 478 294 454
5 482 68 164 135 328
2 320 94
1 307
7 133 116 356 238 286 182 460
2 375 416
1 457
5 78 444 38 121 213
4 329 492 95 175
4 235 479 462 127
4 275 296 383 450
5 206 67 240 476 463
6 260 255 338 305 348 48
5 75 403 38 407 121
5 93 222 279 211 340
1 403
3 440 357 476
3 161 29 130
3 249 448 136
3 140 214 249
0
5 296 125 390 151 383
2 98 319
7 484 56 278 487 491 34 232
6 472 430 475 482 190 164
4 429 294 478 246
5 488 308 154 255 338
4 372 43 335 98
4 152 312 342 313
2 272 174
3 429 326 248
1 356
1 439
0
2 206 36
1 12
3 340 279 88
5 109 179 340 228 289
0
5 333 81 413 122 198
3 458 265 18
2 32 432
7 184 46 264 9 113 354 424
4 190 89 164 453
2 154 308
8 496 448 199 131 10 447 97 254
3 241 453 204
0
4 301 114 257 24
0
5 235 438 127 318 462
0
5 439 275 221 450 381
4 430 164 135 472
6 418 42 256 282 180 197
3 181 34 452
0
0
4 452 102 232 56
6 27 255 308 150 173 455
1 498
2 165 200
0
4 175 432 470 32
4 40 500 324 193
4 238 133 361 205
2 201 349
4 254 199 145 447
5 304 234 449 92 295
3 360 187 237
3 126 102 17
3 40 22 215
