500
3 404 7 32
2 145 13
4 311 188 444 80
4 359 113 433 217
6 357 454 339 478 128 396
8 481 432 64 380 338 18 414 459
3 69 299 144
1 437
6 292 116 336 482 53 181
0
6 489 333 164 491 269 482
0
4 2 486 473 25
3 477 126 318
8 18 455 445 88 414 322 39 487
8 386 261 44 273 402 115 190 447
2 269 198
6 64 459 24 387 88 334
4 346 472 452 421
3 65 316 177
4 88 334 487 18
0
4 142 240 308 365
1 322
2 145 13
1 101
5 392 160 336 428 117
7 477 13 126 488 25 297 486
3 458 302 160
3 202 203 16
3 198 164 17
4 299 7 404 484
4 430 355 100 139
8 273 467 386 44 324 457 371 436
4 349 278 219 435
1 306
7 296 430 272 139 335 304 100
0
4 279 322 129 106
2 207 120
4 264 405 166 285
3 97 58 79
4 229 197 396 84
5 324 469 273 261 182
1 231
5 313 156 383 132 149
4 346 270 234 80
6 348 14 90 114 251 374
6 293 463 315 337 236 362
2 369 65
6 104 399 138 376 31 17
0
1 9
0
8 243 85 297 94 473 228 145 13
3 82 264 285
6 379 356 130 162 309 327
2 268 141
5 34 386 261 182 273
4 133 218 310 78
6 30 115 273 467 190 475
1 50
7 92 319 332 223 154 73 125
2 487 6
2 199 206
4 456 58 312 97
0
2 219 289
4 86 1 404 7
6 471 319 160 125 63 351
2 500 493
3 274 181 27
2 267 295
0
0
5 37 498 461 248 161
3 415 343 170
1 310
3 347 87 268
3 127 140 444
1 5
2 249 46
4 57 224 221 173
2 197 81
3 394 496 372
2 154 408
7 134 257 437 258 96 175 347
4 279 21 322 459
3 90 91 239
8 318 308 38 477 348 126 114 239
5 488 48 242 374 90
2 174 252
0
0
0
5 440 400 42 330 137
2 8 437
2 402 203
2 11 482
3 248 54 120
3 228 331 256
0
4 491 368 482 494
0
0
4 485 172 363 492
1 365
2 178 401
2 372 331
4 233 170 343 266
1 70
5 309 254 130 438 379
3 390 158 413
4 367 91 344 89
5 469 61 447 190 203
2 213 265
3 336 265 213
3 28 126 318
2 330 303
2 37 248
3 30 261 475
0
3 364 184 422
4 259 424 271 287
8 295 471 384 73 63 223 470 267
6 477 118 193 318 151 367
5 366 74 454 478 409
3 439 229 5
2 363 370
4 57 464 453 221
0
5 286 383 275 93 255
0
2 258 153
6 19 238 472 284 418 452
4 313 378 93 498
4 119 42 124 440
6 99 17 220 399 198 31
2 100 227
4 444 195 19 450
7 462 258 437 134 268 87 257
1 323
1 389
0
4 118 297 28 13
4 405 222 264 410
1 402
1 472
5 383 156 275 82 286
2 28 477
2 91 48
3 243 473 75
3 266 301 403
1 295
1 40
4 419 249 149 46
0
3 210 200 191
1 129
2 351 302
0
3 113 173 83
0
1 491
0
3 410 405 264
2 185 279
5 192 158 450 390 108
4 316 434 62 20
4 77 415 343 375
2 70 29
4 101 279 427 451
0
0
3 141 437 268
3 226 449 447
2 179 65
6 49 293 325 401 236 315
0
5 18 481 64 6 499
4 103 262 117 213
4 469 475 61 30
1 393
2 422 399
0
0
0
1 127
5 121 469 61 30 475
3 202 189 447
0
3 108 284 311
4 367 91 151 242
2 218 52
1 452
3 247 124 393
2 377 281
4 164 494 482 11
2 380 369
2 45 231
2 230 169
2 147 203
0
4 408 223 154 73
1 178
5 369 338 222 199 499
3 161 345 358
3 343 423 170
3 443 446 277
2 22 200
2 210 479
0
6 215 490 72 237 441 274
4 86 245 241 204
2 237 428
0
1 205
3 310 364 133
2 35 289
0
6 162 250 130 112 356 309
0
2 214 73
2 83 173
3 360 144 69
5 449 320 411 395 98
1 248
4 152 55 473 243
2 439 396
5 316 62 20 442 169
2 431 4
0
5 77 343 212 403 423
4 188 80 195 238
3 43 396 81
4 108 168 192 463
5 72 274 428 329 392
2 19 148
0
4 308 474 365 105
5 86 232 7 299 484
2 374 348
3 394 85 109
1 221
5 223 73 204 232 484
4 497 282 171 70
8 119 393 196 436 271 183 407 259
3 37 143 314
3 476 149 383
7 162 221 254 356 130 83 260
0
2 102 111
3 400 407 137
4 112 464 250 77
3 285 300 166
0
4 258 341 301 153
3 280 175 8
1 393
6 173 113 413 57 221 250
1 495
4 237 215 213 441
5 371 457 495 259 424
6 166 405 321 82 41 56
0
3 423 453 343
7 63 470 223 332 471 384 319
4 350 8 341 175
4 422 51 489 184
2 140 188
0
1 335
2 44 34
7 181 428 27 29 392 117 302
1 93
3 445 185 455
4 275 93 378 136
5 289 365 107 474 317
3 24 129 445
2 134 257
4 229 298 396 197
0
2 336 9
4 472 19 148 452
1 166
5 93 209 56 313 446
4 66 400 483 137
0
5 320 425 435 395 219
1 458
2 71 493
4 67 53 103 9
5 463 362 315 236 168
4 353 20 169 434
4 412 214 86 204
0
6 55 150 28 488 152 460
1 377
1 408
0
0
6 160 262 213 458 290 70
2 263 259
1 71
4 161 136 443 358
0
0
3 239 374 114
3 83 260 173
0
4 325 108 238 284
0
4 93 275 209 446
1 304
5 463 337 236 168 362
4 442 177 65 50
4 105 107 474 142
1 151
6 63 267 92 154 384 186
2 465 395
0
3 445 455 39
1 142
2 386 34
0
1 420
4 415 57 375 77
3 171 246 282
4 458 29 290 351
1 124
6 101 26 256 55 145 13
2 252 174
6 184 422 11 482 292 491
5 15 455 88 21 487
1 36
5 116 368 441 213 181
3 238 168 192
1 21
2 194 420
1 178
4 257 141 437 268
2 185 167
4 379 170 233 208
5 114 142 417 239 251
1 76
3 270 234 188
3 175 341 8
4 150 318 488 477
1 435
1 119
2 290 332
2 32 404
5 62 20 316 230 169
3 147 98 388
3 143 155 100
3 260 221 83
6 478 127 439 396 140 74
6 345 76 277 161 207 305
1 340
1 1
4 420 78 218 60
1 168
3 342 185 276
4 184 422 51 489
6 105 417 323 278 23 35
4 444 148 140 195
4 91 48 114 89
3 103 67 9
3 405 222 499
4 185 172 485 451
6 436 44 467 424 457 261
2 26 427
1 102
3 38 193 367
6 423 415 254 327 266 170
4 220 84 448 288
0
2 46 419
1 130
3 353 294 230
0
0
2 446 313
0
3 391 201 264
1 59
3 414 64 6
3 447 98 320
0
4 113 244 173 433
2 169 294
4 458 117 329 160
6 303 119 407 424 247 196
4 372 256 331 109
0
0
4 435 68 219 349
6 226 402 388 411 203 449
3 104 164 198
2 97 42
5 236 315 463 293 337
4 176 203 98 398
4 266 134 212 153
1 32
3 201 410 264
1 70
4 400 137 96 350
2 470 154
1 128
4 285 264 391 321
3 226 147 176
2 214 223
0
5 338 481 487 64 459
7 130 379 254 208 423 233 343
0
2 240 317
4 325 315 401 178
1 383
4 218 78 60 123
1 3
2 17 31
4 343 415 77 266
2 457 259
2 320 388
3 225 144 352
5 331 451 159 256 101
5 368 117 329 458 392
0
2 227 143
2 12 217
0
2 22 200
2 50 20
2 349 278
4 196 259 183 263
3 141 341 268
4 130 112 464 254
3 409 197 128
0
0
3 199 50 206
7 76 305 275 446 277 358 498
6 19 127 195 148 472 140
5 334 39 279 455 322
5 275 498 93 277 136
1 115
3 43 81 288
7 425 219 397 176 226 354 465
5 148 472 284 452 421
6 496 159 55 106 331 256
5 346 47 3 270 421
2 415 423
2 74 409
8 322 15 159 445 459 24 88 279
4 437 347 58 8
0
3 70 471 290
5 15 455 487 88 334
2 473 152
0
4 280 153 301 110
0
3 343 77 438
6 226 320 395 349 411 425
5 323 23 240 344 417
4 182 44 59 34
4 393 440 303 124
1 115
5 63 73 412 408 214
4 267 63 174 332
4 421 3 47 452
2 85 10
4 349 278 105 240
4 115 190 467 16
2 286 383
3 318 28 348
1 444
1 158
4 429 359 307 340
7 6 380 64 294 201 414 391
0
2 456 79
2 299 7
3 101 185 167
3 297 55 460
0
2 126 477
4 220 376 17 31
2 392 72
4 164 283 103 333
2 129 363
5 430 500 37 355 139
4 67 53 292 283
1 436
7 228 256 55 101 427 451 13
1 160
0
7 64 294 6 387 201 391 432
2 37 33
