500
2 138 226
4 404 369 456 164
1 239
4 65 300 87 363
1 288
2 192 385
1 175
2 480 90
1 11
1 288
4 219 245 100 258
1 243
2 235 47
2 128 353
1 110
2 398 362
1 388
4 363 269 484 268
1 305
2 476 405
1 307
1 110
1 341
1 408
1 453
1 444
2 315 190
1 202
1 455
1 129
1 322
2 147 433
1 198
2 423 178
2 97 327
1 312
1 255
2 171 140
1 96
1 452
1 156
2 263 472
1 15
1 267
4 301 415 264 169
2 285 271
2 13 301
1 161
1 212
1 362
4 103 292 195 494
1 184
1 204
2 331 300
2 146 110
1 284
1 122
1 368
1 275
4 331 273 435 446
1 218
1 485
1 132
1 215
1 186
2 153 432
2 164 314
1 364
2 226 461
2 421 310
2 365 419
1 454
1 262
2 482 398
1 451
4 59 105 336 201
1 486
1 21
1 369
1 498
1 284
1 106
1 464
2 171 258
1 409
4 265 182 237 95
2 4 363
1 326
1 374
2 155 8
1 147
2 224 260
1 454
2 463 223
2 86 256
1 136
4 265 35 86 98
1 321
1 313
1 297
1 413
1 500
1 170
2 412 410
2 234 76
1 130
2 312 181
2 375 380
1 360
4 261 193 55 63
2 434 337
2 125 121
2 498 217
1 60
4 247 318 272 23
1 50
1 376
1 340
1 331
2 160 487
2 112 242
1 498
2 185 253
1 5
2 159 112
1 190
1 250
2 391 14
1 78
1 438
1 364
1 57
1 276
2 180 417
2 478 425
4 162 183 348 257
1 24
2 1 179
2 379 174
2 362 38
4 459 342 416 425
2 251 390
2 449 175
1 68
1 144
2 55 338
4 232 401 268 32
1 260
1 9
1 298
1 372
1 373
2 66 378
1 449
2 227 90
1 316
1 491
2 463 279
2 125 267
4 490 432 362 120
1 12
1 467
1 18
4 67 133 2 439
1 205
1 124
1 183
2 444 287
1 82
1 303
2 38 84
1 114
4 431 214 429 356
2 139 183
4 274 143 236 189
1 361
1 306
2 34 442
2 138 226
2 134 337
2 107 417
1 460
4 426 174 136 37
1 352
2 491 123
1 228
1 370
1 190
2 175 358
4 27 315 339 375
1 371
2 364 6
1 414
1 368
1 489
1 465
1 97
4 454 477 334 449
2 498 350
1 367
4 497 88 234 383
1 85
1 109
1 420
1 457
1 293
1 466
1 351
1 226
1 172
1 221
1 175
1 194
1 31
1 81
1 315
2 113 376
1 399
2 369 11
1 36
1 147
2 294 295
2 94 260
2 358 92
1 432
4 266 69 179 1
2 155 264
1 241
1 151
1 127
1 281
2 147 479
1 397
2 201 105
2 396 13
1 443
1 332
1 3
1 115
1 145
1 493
2 121 409
1 45
1 198
1 369
1 363
2 289 115
2 330 271
1 58
1 4
2 142 497
1 391
2 284 123
1 76
4 448 183 396 379
2 284 95
1 277
2 11 84
1 343
4 349 223 92 233
2 110 350
4 442 28 377 378
2 42 333
2 45 227
2 86 97
1 216
4 231 159 302 77
4 479 91 163 419
1 282
1 495
2 248 46
1 176
1 196
1 101
1 62
1 2
1 206
4 347 385 240 418
2 360 158
1 72
1 403
1 246
1 447
4 427 253 256 411
2 480 46
1 449
2 168 389
4 283 353 39 333
2 247 314
1 304
1 230
2 51 355
1 167
2 347 222
2 222 418
1 79
1 116
1 18
1 307
2 4 54
2 47 45
2 343 267
1 203
1 394
1 329
1 80
4 496 478 368 249
1 366
4 421 476 481 200
2 392 70
1 391
3 323 376 107
1 44
2 289 67
4 461 27 328 126
1 309
1 141
2 115 481
2 342 380
2 432 487
1 421
1 450
1 337
1 164
1 259
1 89
2 35 392
1 165
1 492
2 444 248
3 60 469 54
1 197
2 288 263
1 473
1 360
2 76 391
4 325 180 345 111
2 146 373
1 317
1 43
1 488
2 319 141
4 302 434 354 99
1 7
1 357
1 238
2 294 278
2 136 472
1 335
2 199 261
1 201
1 470
2 14 288
1 229
2 292 360
2 412 173
1 312
2 224 189
2 500 468
4 407 279 355 428
1 324
4 140 16 270 137
4 87 384 150 18
4 187 278 192 390
2 71 484
1 440
1 115
4 446 307 210 30
4 2 430 219 19
1 208
1 160
1 337
4 118 338 468 445
1 131
2 108 190
4 217 312 220 474
1 75
2 153 262
2 139 255
2 319 108
1 441
1 213
1 254
1 291
2 278 6
1 64
1 400
1 73
2 287 433
2 142 364
4 76 336 128 29
2 310 327
1 311
1 164
1 381
2 255 235
1 49
2 74 16
1 97
1 422
1 26
1 191
1 343
1 296
2 20 421
1 480
1 51
1 149
4 267 423 17 242
2 494 104
1 86
2 356 104
1 260
1 373
1 255
1 437
2 181 134
4 173 295 429 471
2 268 71
1 188
4 61 458 405 70
1 211
2 34 409
1 152
2 135 141
1 25
1 491
1 475
2 173 418
1 11
1 51
4 320 66 160 262
2 32 389
2 111 343
1 382
1 344
1 299
1 480
1 346
1 406
1 45
2 262 178
1 286
4 330 387 308 168
1 102
2 368 60
1 393
1 48
4 33 143 462 198
1 418
1 225
1 244
1 136
4 40 491 198 157
1 10
1 499
1 209
1 41
1 53
1 56
2 69 315
1 436
2 94 158
1 148
1 119
1 154
1 166
2 373 359
1 4
1 444
1 278
2 348 42
1 93
1 177
1 83
2 309 20
1 207
2 307 135
2 232 268
4 285 395 52 8
2 318 309
2 490 74
1 280
2 365 18
1 252
1 409
2 120 320
1 309
1 173
2 160 482
4 185 454 483 386
1 2
1 331
2 51 410
1 402
1 141
2 251 201
4 199 22 117 113
1 290
2 359 424
