500
6 44 429 313 299 392 30
6 384 41 72 476 216 66
1 440
6 176 217 151 167 77 145
3 149 104 125
7 91 348 366 182 189 220 90
3 100 355 9
5 34 466 387 459 114
3 48 250 459
2 397 216
2 328 36
5 446 322 372 413 479
5 121 316 397 343 476
6 101 243 24 46 387 351
6 291 137 126 375 220 188
5 217 368 444 384 32
8 160 491 79 429 459 339 315 124
4 35 99 338 442
4 89 120 420 454
7 466 173 151 324 380 67 126
5 171 202 408 182 312
6 195 400 482 495 34 280
3 370 132 260
4 397 177 182 463
2 295 89
4 245 197 432 89
3 326 494 8
2 52 320
4 450 221 25 68
5 371 247 461 451 188
6 113 316 304 401 381 340
2 57 356
5 262 294 384 481 37
1 128
5 497 26 165 162 445
7 332 1 263 417 385 368 239
5 64 462 347 328 312
4 361 349 304 240
2 494 349
6 438 28 376 61 207 321
6 375 78 283 364 453 346
3 449 215 231
5 57 338 222 89 115
3 363 280 335
2 374 295
7 348 394 364 250 96 31 347
7 231 438 19 11 435 53 219
5 351 311 457 488 217
6 377 132 350 307 145 221
4 253 400 170 412
7 44 420 471 435 495 60 491
3 242 103 130
3 178 423 416
4 152 149 466 68
4 225 359 352 179
1 486
4 402 464 425 166
2 325 225
0
3 485 18 243
5 456 70 470 63 211
4 279 264 466 188
5 273 238 83 404 216
3 32 434 66
6 319 478 226 11 352 338
1 337
5 84 21 415 401 329
6 231 59 388 290 291 232
4 365 343 18 404
1 426
5 317 300 325 405 124
1 69
2 466 155
5 15 137 258 53 320
6 374 333 314 383 234 122
6 5 479 92 261 350 203
6 172 239 392 328 358 303
4 429 350 185 355
3 273 367 51
2 287 439
5 493 294 97 274 492
5 378 445 69 254 250
4 251 222 224 366
4 419 196 27 349
1 374
5 156 397 328 88 139
2 221 73
2 327 409
2 111 99
5 100 148 415 319 483
5 204 412 329 454 246
4 27 236 62 168
3 360 393 177
5 270 342 486 405 329
2 158 351
3 186 239 37
3 138 214 438
9 359 406 390 52 193 374 5 125 224
4 384 61 401 476
7 444 136 187 413 45 473 354
3 224 271 217
2 295 337
7 130 357 261 29 96 193 144
11 143 202 353 10 106 405 50 327 306 148 410
1 466
1 500
5 413 57 68 293 42
5 382 115 353 12 256
4 316 139 54 355
5 135 33 311 386 114
6 449 437 200 311 92 206
4 274 294 47 150
2 488 368
3 281 336 251
7 205 29 183 459 394 189 282
7 63 199 397 93 15 457 358
2 414 295
4 121 241 44 243
3 155 118 43
5 342 288 31 214 398
4 180 208 190 480
3 348 71 189
4 449 91 316 389
5 205 6 117 288 84
2 72 25
3 30 475 201
1 9
4 150 48 7 273
5 131 238 167 44 427
3 470 46 278
3 38 1 253
2 104 350
5 467 378 273 3 355
3 7 228 345
4 173 295 415 105
5 186 291 443 52 223
2 192 397
5 392 208 48 108 462
6 15 140 491 193 448 226
3 296 335 207
6 316 149 393 481 177 275
6 222 103 187 216 460 83
2 177 448
3 232 439 48
4 20 397 447 113
3 373 193 184
7 463 191 113 312 134 90 12
6 469 112 19 10 340 29
1 448
5 489 243 32 386 175
2 452 218
4 377 131 204 317
5 14 288 19 433 441
5 163 215 95 359 80
5 412 494 310 398 87
5 229 41 479 106 172
2 494 66
3 240 30 262
5 331 85 461 284 87
1 153
3 181 182 32
11 197 39 219 458 496 77 97 84 333 291 60
5 136 107 154 87 369
4 393 388 228 26
3 234 468 97
5 318 478 433 190 146
4 237 489 212 391
7 88 244 125 122 411 28 271
3 275 361 319
6 337 84 441 159 482 341
6 486 79 220 452 464 94
5 150 171 130 182 12
4 286 342 499 103
4 405 122 12 142
4 487 179 442 7
2 141 301
2 191 305
5 457 320 466 455 189
1 146
6 100 148 155 230 423 192
0
4 385 64 459 46
0
4 127 256 233 387
8 180 466 81 51 232 418 488 483
3 176 34 451
3 265 260 500
3 165 393 394
2 309 97
6 490 353 497 446 63 69
5 323 476 489 52 312
9 92 321 198 293 424 128 290 350 91
4 455 432 297 396
4 102 258 279 400
5 370 228 296 119 133
2 154 382
4 201 129 441 223
5 32 252 1 68 405
3 225 177 477
6 55 424 289 190 172 291
2 181 43
4 291 365 224 274
6 209 125 307 117 485 14
4 321 32 90 200
4 65 21 414 319
3 48 148 4
5 142 462 412 265 228
6 229 269 254 313 261 263
4 21 484 46 30
3 335 56 91
9 277 313 234 119 423 184 19 185 238
6 418 196 385 487 217 45
3 269 227 376
4 202 112 305 172
2 37 479
3 63 34 11
4 327 156 41 227
5 468 423 401 34 200
4 310 60 494 407
1 247
5 443 433 482 12 314
4 358 410 144 364
1 241
5 80 109 226 428 52
6 405 435 412 256 246 353
4 436 488 115 269
3 289 205 397
5 116 360 72 374 2
5 95 75 43 72 386
4 185 137 327 476
5 354 263 347 499 129
1 368
5 74 271 179 14 139
3 312 443 19
5 224 469 138 119 322
3 381 104 8
4 426 56 311 305
1 404
4 13 365 251 145
4 328 110 389 148
5 182 10 385 455 210
2 408 395
4 355 299 370 476
3 319 494 162
6 173 402 207 149 75 103
2 24 284
6 494 47 352 14 245 218
4 134 411 231 156
4 390 320 392 33
5 65 124 200 149 132
1 421
4 494 117 208 352
0
3 290 401 60
3 360 427 49
4 100 93 82 59
2 196 359
2 186 324
6 324 289 137 382 46 387
6 422 413 182 284 327 389
3 36 376 404
9 90 425 439 63 10 467 403 32 19
3 107 495 380
3 420 14 338
3 434 117 183
5 135 255 33 193 112
8 234 417 70 255 144 335 492 215
3 90 266 474
11 328 55 486 496 283 6 357 90 285 116 193
5 85 120 451 421 119
7 385 397 232 360 473 20 164
1 375
9 201 456 349 280 37 69 121 475 454
5 217 240 457 332 472
3 206 400 126
3 412 237 199
4 249 247 96 236
3 413 497 126
4 327 261 382 189
3 333 433 273
3 216 242 477
6 153 277 245 50 24 454
5 37 432 28 40 82
3 84 67 280
2 399 56
3 419 496 208
4 298 497 340 239
4 318 93 128 418
5 99 156 300 77 248
3 394 352 442
3 247 20 217
7 114 61 248 320 58 179 414
2 80 131
5 195 260 86 213 474
4 189 104 298 407
0
5 261 391 244 110 402
4 354 430 153 327
3 88 417 168
4 330 349 438 131
2 245 101
7 92 493 388 131 494 460 325
1 225
1 124
2 456 143
7 493 127 252 222 496 402 386
5 285 455 38 22 228
4 68 451 182 279
5 189 498 308 236 186
2 216 308
3 405 201 59
7 99 373 219 454 140 79 50
3 235 84 70
4 123 243 384 335
7 32 247 460 379 41 258 302
3 295 172 128
7 137 159 484 383 374 129 457
7 400 416 341 313 403 463 462
7 184 329 224 340 482 486 461
7 35 9 209 241 122 390 326
6 153 18 455 383 9 22
2 449 490
3 433 132 162
4 169 165 170 291
1 189
0
3 50 25 495
3 214 60 25
4 343 7 270 495
2 387 292
4 59 399 355 368
1 320
2 310 25
1 380
5 241 404 8 110 407
1 232
4 418 438 187 200
2 271 24
6 368 92 395 468 27 28
7 119 168 497 342 17 206 191
5 177 328 48 67 145
6 28 25 273 69 413 492
3 52 376 370
4 152 13 445 17
1 231
6 42 116 274 245 444 196
4 94 375 198 411
4 324 175 15 281
4 14 121 294 333
1 102
4 85 208 406 411
3 264 447 301
3 481 423 129
7 220 323 76 360 257 285 55
2 162 278
4 256 302 349 308
5 158 293 221 237 493
5 453 48 109 285 98
4 95 294 9 265
1 341
4 52 342 75 472
2 479 355
6 145 75 43 381 332 470
7 94 357 18 379 139 235 120
4 379 363 261 63
6 115 69 313 318 359 217
3 61 472 133
3 94 307 440
2 283 282
3 462 132 380
5 124 111 397 144 366
5 251 496 266 227 277
3 173 367 402
2 251 13
7 408 274 461 358 430 267 118
5 364 476 222 46 420
2 440 410
5 191 189 416 373 169
5 102 296 494 365 500
2 39 105
6 14 392 117 96 347 477
3 478 400 216
5 326 55 165 446 2
6 399 416 367 132 23 489
2 24 496
6 334 469 356 463 439 100
2 328 171
1 267
2 341 264
5 405 488 26 358 283
6 373 169 99 70 444 88
9 287 14 417 245 122 170 295 451 118
3 349 21 373
7 199 255 214 368 299 268 356
3 448 291 259
2 128 100
6 147 52 360 413 226 48
9 162 73 193 257 473 215 106 116 417
4 100 410 118 192
5 493 272 253 469 264
2 1 451
5 498 257 454 34 27
3 126 63 433
4 438 85 390 348
3 494 217 474
7 412 72 263 367 386 273 442
3 262 294 39
5 333 379 149 219 445
6 325 275 55 337 77 319
6 235 386 262 307 269 249
7 267 499 238 58 257 486 452
4 283 472 385 387
5 197 155 438 138 305
5 81 341 263 217 47
3 391 77 245
4 351 243 141 103
4 390 132 386 190
2 396 208
3 71 148 188
5 155 379 334 347 248
3 286 483 160
5 166 12 260 1 498
6 241 39 58 77 53 202
8 189 175 311 441 384 277 324 461
0
2 323 132
4 360 92 383 271
2 387 445
1 29
3 295 370 42
4 37 70 195 14
8 98 437 291 129 399 263 445 213
2 339 452
1 326
4 148 332 324 20
5 292 142 154 210 455
3 434 387 383
5 206 364 236 416 102
7 319 288 227 83 356 163 3
4 113 491 388 66
4 309 379 373 253
5 162 104 206 62 31
4 304 298 385 376
2 357 8
2 68 483
4 90 137 55 319
0
6 348 46 358 271 412 200
4 8 310 300 477
6 483 389 88 428 82 383
5 400 240 27 273 353
3 312 247 272
0
4 298 161 132 166
6 193 83 82 335 31 310
4 379 392 430 25
4 292 205 282 7
5 369 304 106 434 298
7 107 316 185 54 406 259 490
3 98 292 356
1 347
5 216 448 431 212 458
6 282 207 11 146 191 30
4 318 122 75 499
5 241 349 233 36 32
2 114 441
2 1 191
3 221 78 133
2 499 203
5 75 43 340 483 120
2 18 479
0
4 116 457 403 339
4 459 403 151 132
4 183 49 296 3
4 199 7 489 201
3 119 87 52
3 248 242 211
4 435 162 66 80
5 459 132 235 239 457
11 213 223 486 100 317 490 77 465 435 373 257
5 114 345 78 185 243
3 89 425 323
3 445 82 266
4 384 391 412 174
3 485 468 271
1 293
4 228 417 174 296
3 390 246 62
4 29 493 368 139
3 383 115 21
3 304 85 33
0
1 194
4 308 49 48 403
2 367 72
2 60 354
3 255 203 144
2 292 120
5 143 311 134 426 226
