500
1 432
1 377
3 252 80 32
4 202 466 43 351
2 440 482
8 89 249 155 84 401 298 435 29
2 252 116
3 161 153 113
2 184 459
3 170 187 74
2 153 404
0
3 209 116 391
6 400 94 465 224 139 30
4 354 44 341 360
0
6 216 278 290 83 69 228
2 433 342
0
1 272
3 10 170 469
0
5 76 24 375 152 339
5 420 193 311 436 375
3 215 97 197
0
3 139 411 400
5 408 485 342 79 452
2 6 438
2 224 94
1 57
3 7 80 331
2 441 106
3 377 488 160
6 108 33 384 258 441 416
7 401 386 52 147 29 412 298
3 161 30 8
8 320 443 440 276 135 212 264 5
1 407
3 166 333 150
6 421 320 5 212 60 364
2 252 434
1 75
2 221 390
3 181 455 25
4 323 369 444 112
4 253 370 256 334
4 430 179 51 133
4 194 65 242 432
1 427
5 283 343 124 430 340
5 140 382 36 141 448
4 34 236 388 95
0
7 165 231 274 13 168 397 306
0
2 461 417
4 213 296 455 243
2 42 80
2 98 327
5 317 425 99 107 182
2 449 118
3 162 383 416
3 142 315 422
3 267 494 232
5 72 207 217 7 474
7 68 157 56 458 316 199 480
3 67 199 480
4 278 216 344 178
4 182 335 61 134
5 448 140 182 337 141
4 341 217 474 207
0
5 366 92 171 492 105
4 447 459 173 184
2 288 31
2 14 352
2 132 348
6 408 485 293 198 18 452
3 373 331 168
5 311 257 399 428 50
5 250 310 118 481 325
4 222 253 256 334
4 401 337 386 298
2 56 272
4 285 232 379 267
4 267 285 494 300
6 444 100 46 265 112 369
5 6 415 435 438 281
7 407 378 476 101 469 468 396
7 273 418 293 198 176 146 22
7 74 243 185 414 105 143 240
2 463 398
2 400 14
5 53 424 254 377 188
5 115 229 271 149 254
2 350 358
8 216 327 138 421 26 117 302 228
1 97
6 241 470 167 360 456 112
7 352 410 237 77 90 224 396
5 190 428 81 257 312
2 353 427
6 85 480 56 365 157 477
0
4 441 384 205 371
6 425 317 335 99 134 235
6 384 205 258 19 318 292
7 402 392 346 214 142 426 315
8 125 43 54 75 381 466 359 445
4 248 384 371 219
6 88 167 265 100 369 323
4 203 27 460 37
4 171 491 308 455
5 96 463 229 467 53
2 3 373
7 327 419 302 138 26 60 98
0
7 236 472 388 374 377 454 95
2 258 377
3 389 177 166
5 107 61 425 335 235
4 96 450 271 229
5 259 150 442 430 179
6 359 230 462 452 54 433
6 311 428 152 436 376 193
2 130 206
5 105 114 213 243 240
4 186 431 385 484
3 206 309 303
1 409
3 200 348 226
4 121 333 40 48
5 122 140 107 335 141
4 98 60 117 327
2 345 353
3 349 280 368
0
5 37 113 460 77 27
3 382 335 448
5 326 71 382 448 182
5 393 417 211 439 422
6 128 105 39 171 10 74
4 453 392 413 402
4 220 284 154 304
6 198 293 273 22 11 485
5 337 71 298 412 52
2 447 184
2 450 463
4 389 322 177 40
1 405
5 193 420 367 126 436
4 11 301 203 8
6 446 284 363 163 282 307
3 87 438 89
4 246 186 431 129
6 68 365 20 233 497 480
1 192
4 127 357 225 338
4 377 34 292 19
4 301 418 27 490
2 356 371
6 154 395 234 279 9 498
5 130 303 338 309 330
4 13 406 391 274
4 179 48 124 340
4 456 487 287 470
7 7 274 80 116 55 209 3
0
4 10 237 469 468
4 143 21 105 492
2 324 289
8 202 16 73 459 184 261 4 395
4 251 132 159 183
5 109 263 315 346 180
0
2 389 121
2 344 17
0
4 263 479 109 175
4 58 25 308 455
4 382 141 61 52
3 269 305 328
7 4 16 307 75 261 148 73
2 491 414
4 129 268 145 260
1 218
3 95 236 454
3 458 473 316
7 436 81 102 311 126 314 428
3 85 295 297
5 260 246 268 362 12
3 420 152 376
2 1 387
0
2 200 159
3 122 235 25
6 28 433 485 342 79 146
4 473 67 483 365
7 78 357 348 196 303 225 226
4 294 62 47 208
4 173 73 351 110
2 161 176
3 267 285 232
1 106
1 391
5 191 217 434 66 221
3 380 481 62
5 168 406 309 13 306
3 362 158 192
1 142
1 135
2 128 414
4 392 451 402 453
2 296 25
2 98 278
3 59 390 354
5 101 476 396 352 187
3 19 292 489
3 282 498 279
3 354 44 239
8 344 47 361 496 290 370 83 253
3 340 343 93
4 372 322 465 101
0
6 227 275 348 251 174 132
2 348 275
2 117 419
4 398 123 355 93
2 125 452
4 406 397 168 331
7 65 204 494 242 300 89 87
0
7 16 498 279 363 395 282 148
4 70 61 358 107
2 188 95
5 469 319 101 468 170
4 150 389 333 133
4 262 241 456 470
2 171 92
3 287 470 360
4 300 285 232 267
6 213 308 414 128 491 114
0
6 189 322 394 40 177 493
4 260 484 291 145
0
7 120 258 441 111 292 489 108
2 29 6
0
4 275 183 255 196
6 59 42 66 331 434 80
1 69
4 119 53 472 95
5 183 136 103 269 328
3 47 294 361
6 428 190 312 399 471 50
4 205 120 318 292
3 430 340 124
2 291 431
2 173 9
7 100 112 321 287 470 241 456
0
6 443 212 403 364 5 41
6 112 482 46 444 167 456
2 1 49
5 87 285 204 232 86
3 246 362 260
4 305 345 251 183
5 455 181 350 486 215
5 96 149 115 398 93
4 20 483 365 56
3 22 176 11
4 168 116 231 165
5 174 227 226 196 225
0
4 430 223 51 442
2 117 327
4 9 307 261 163
3 347 499 481
1 494
4 498 304 284 220
2 93 259
1 279
0
4 316 458 40 189
0
2 367 211
3 478 362 172
7 17 138 69 83 419 228 222
2 260 431
3 258 111 248
7 176 198 11 79 91 22 146
4 118 82 201 310
2 483 131
6 181 455 308 486 270 25
3 172 210 191
7 147 412 326 29 386 36 6
3 343 442 277
4 432 65 266 242
2 490 161
4 98 26 38 41
5 225 200 164 159 127
3 129 145 156
4 353 227 183 226
1 130
2 163 363
4 128 455 240 270
4 13 209 130 306
4 380 62 118 201
4 436 152 126 81
4 257 495 81 314
3 102 312 345
4 190 311 471 81
4 426 214 263 175
0
1 122
0
1 469
0
6 239 221 244 241 390 354
3 394 286 245
5 88 265 46 482 167
3 295 457 477
5 208 82 347 449 368
2 147 382
7 135 421 26 138 419 216 178
4 255 345 136 353
1 84
1 165
3 231 373 397
3 481 325 368
7 48 166 133 177 286 40 389
3 83 222 69
7 141 382 182 70 61 425 122
0
0
3 130 309 306
7 367 288 23 376 76 417 461
2 259 223
2 287 390
6 79 146 433 18 408 198
2 283 259
6 228 222 370 278 69 290
3 313 136 427
3 175 263 109
5 62 250 208 481 380
2 200 127
3 162 33 137
4 270 215 296 25
6 423 445 43 381 4 447
2 410 372
6 251 269 255 183 345 103
3 15 390 72
3 229 123 93
1 475
6 330 303 275 225 130 159
0
6 54 423 351 43 381 230
2 487 15
4 380 294 118 201
5 478 385 289 12 172
6 395 9 279 282 234 261
3 5 440 264
1 233
5 74 170 39 10 21
7 23 288 76 461 152 31 339
2 332 63
4 464 487 167 112
6 17 83 253 496 344 178
4 35 416 384 383
2 101 410
2 3 168
4 467 472 271 96
0
2 126 23
4 424 489 120 388
3 77 101 237
3 204 281 438
4 47 449 310 62
2 125 452
6 182 448 141 326 52 425
2 63 137
1 318
5 362 12 431 484 478
2 415 36
0
3 53 119 454
5 189 150 238 121 286
4 321 221 44 474
5 274 116 231 206 168
4 175 109 214 263
3 64 405 211
4 68 497 322 286
2 459 148
4 407 476 352 101
3 168 209 7
2 343 463
1 102
1 247
1 249
3 175 426 109
2 440 482
3 293 11 22
4 339 375 31 288
1 306
4 468 396 319 218
4 198 18 28 433
0
3 224 14 411
3 224 465 77
2 401 386
2 336 500
2 92 492
1 89
2 441 356
8 64 405 339 31 393 142 57 461
6 161 247 437 8 273 490
2 60 327
4 190 126 311 193
4 302 276 41 212
0
3 125 359 381
3 219 489 120
5 235 317 335 448 382
4 392 439 453 180
3 328 495 47
5 193 312 399 126 190
3 183 269 345
5 340 442 51 238 124
0
5 1 266 49 65 194
4 404 485 198 462
2 244 403
3 155 415 84
5 193 24 126 376 311
4 91 293 273 22
0
2 426 193
6 264 369 443 403 482 464
0
4 277 299 283 343
0
2 88 369
0
0
2 173 184
3 52 140 326
2 118 62
3 149 343 93
2 144 500
5 359 433 125 54 381
5 500 451 413 144 402
4 467 149 115 374
3 350 58 181
7 470 100 360 112 265 262 287
2 324 297
2 480 286
7 173 447 202 148 16 184 73
4 139 490 37 400
2 422 417
4 28 198 18 433
3 149 115 96
4 369 112 323 444
3 372 378 476
0
0
3 218 352 237
1 10
0
5 102 420 436 257 190
4 119 374 388 188
3 68 497 316
3 434 66 32
0
4 378 319 465 101
2 56 131
5 291 268 385 172 192
3 439 422 346
4 68 458 233 20
5 368 325 250 82 332
5 443 264 5 369 440
4 477 104 457 365
4 186 260 246 431
4 22 176 293 404
2 296 97
3 360 470 456
6 388 160 2 424 34 236
0
3 437 301 8
3 243 414 92
2 10 187
1 286
4 242 281 432 86
0
0
0
8 234 156 284 446 154 282 145 163
1 347
1 453
