500
2 152 385
3 181 361 70
4 141 286 448 426
3 428 107 84
3 75 339 342
6 201 301 481 167 182 237
1 460
1 376
8 99 444 480 452 364 26 223 179
5 142 162 22 81 433
3 445 139 395
5 232 228 47 355 114
3 404 161 164
5 384 147 282 104 151
4 340 452 38 486
6 324 52 343 4 365 77
3 118 24 209
6 305 240 492 178 256 33
3 426 45 97
2 137 458
2 253 321
3 104 11 222
7 50 288 303 146 404 470 461
5 429 187 173 87 102
5 245 314 197 40 386
5 283 240 500 475 94
2 22 230
3 244 276 408
8 307 88 21 311 284 471 417 470
0
7 215 22 307 220 76 122 348
4 142 249 19 104
8 174 343 353 175 184 50 273 239
7 249 272 112 378 108 252 51
6 86 402 127 249 3 393
0
7 58 225 272 349 376 332 61
7 473 426 76 68 281 130 314
1 257
4 445 338 20 412
5 490 320 396 178 191
2 229 399
2 266 335
4 90 441 278 317
5 414 388 451 2 43
3 94 59 12
5 187 84 265 348 54
8 83 67 64 74 43 364 374 63
2 256 245
5 34 294 457 404 421
2 191 232
3 494 94 227
6 262 470 232 301 74 242
6 330 277 375 164 460 461
4 110 288 375 203
5 470 123 410 280 256
5 477 275 438 92 359
2 296 21
1 162
4 29 160 435 321
5 147 195 42 435 456
3 250 468 490
1 163
3 252 438 280
0
1 7
0
3 443 300 219
6 157 141 355 436 476 203
4 221 278 466 356
5 380 149 73 347 203
1 190
6 306 159 156 283 15 234
4 452 16 204 186
8 346 196 67 48 456 86 474 358
5 259 268 251 384 413
5 26 359 238 385 313
6 188 365 44 491 229 29
7 427 138 433 270 24 92 217
3 462 353 94
4 237 90 196 128
2 148 183
3 422 302 398
1 381
5 118 232 311 325 174
1 284
1 56
5 61 315 252 40 412
4 302 465 490 8
3 305 195 462
3 117 388 356
6 54 176 257 475 49 35
3 173 288 472
2 376 102
2 80 404
3 363 476 135
1 485
4 127 344 227 66
7 176 280 97 106 56 24 326
4 5 444 43 203
6 194 365 261 437 46 61
5 80 76 148 124 68
3 419 431 476
5 316 417 357 358 177
6 219 330 451 110 67 221
10 500 384 230 281 372 233 111 48 371 308
5 93 76 324 302 402
4 315 72 16 86
4 458 487 96 398
3 245 425 382
2 124 372
2 174 448
5 63 265 222 246 205
5 220 272 358 357 178
2 283 476
1 166
1 286
9 87 110 46 234 4 144 72 90 282
1 60
3 31 306 38
6 325 134 205 126 250 336
5 452 490 477 349 355
4 212 43 353 400
2 201 379
2 304 284
6 258 162 74 269 312 338
8 268 488 193 255 333 272 115 214
6 10 233 331 180 247 27
1 351
2 427 278
3 16 31 192
2 78 340
7 478 412 191 218 259 435 182
5 108 56 50 222 335
2 437 455
5 141 322 256 417 40
6 221 147 201 16 163 340
3 41 446 490
4 348 295 268 187
1 456
4 318 378 75 462
5 472 216 145 190 250
3 244 255 90
5 392 256 410 381 177
5 23 246 469 227 108
5 103 185 422 322 189
8 331 167 441 276 68 337 382 79
3 223 462 404
5 486 156 254 351 284
4 141 394 189 62
4 179 24 418 354
2 8 5
3 218 19 123
3 36 128 39
3 375 29 25
5 275 82 135 185 45
1 356
3 348 247 281
1 468
3 490 482 197
4 225 248 452 81
0
6 402 156 354 112 104 270
4 490 48 146 324
4 377 195 88 143
4 39 173 296 150
7 367 349 444 333 317 302 441
4 422 77 67 71
4 471 399 312 329
4 85 309 45 356
2 173 126
3 10 309 179
6 340 22 443 317 448 152
5 139 209 303 189 224
6 89 339 426 162 283 80
5 83 257 85 42 494
3 221 14 309
5 115 305 453 95 94
3 79 429 284
5 411 492 318 281 373
4 383 5 292 327
2 341 213
5 230 422 264 75 185
6 350 475 6 73 220 86
4 147 302 237 216
2 83 489
4 460 132 77 241
4 170 164 121 180
4 377 127 11 248
3 395 54 64
3 249 375 487
6 316 403 293 77 416 356
4 370 209 98 12
6 12 251 319 374 40 346
1 168
5 316 484 233 217 92
5 133 500 327 75 256
6 425 80 470 199 132 385
5 37 290 356 91 416
1 30
4 79 63 311 24
2 255 309
1 96
4 329 9 314 456
2 66 395
3 473 105 67
7 38 15 129 382 63 250 321
7 409 10 89 420 12 445 46
2 110 403
7 24 7 315 149 396 273 55
3 92 154 5
5 31 491 372 106 36
4 413 218 121 64
3 352 205 76
2 8 428
3 257 150 300
4 343 269 111 122
4 161 227 52 40
4 320 338 103 471
3 416 413 228
3 93 282 170
2 277 50
5 166 481 337 95 177
5 306 243 25 428 165
3 190 24 335
5 432 125 494 147 15
6 326 178 122 341 15 394
6 262 435 128 111 155 392
5 86 140 124 427 403
8 6 189 306 169 258 315 271 255
8 496 101 102 289 166 1 202 370
7 393 217 330 427 181 136 359
5 488 141 63 88 446
5 438 211 319 193 320
6 450 273 270 419 171 48
5 442 98 154 447 71
0
1 482
10 101 456 217 141 15 154 171 410 234 96
3 24 195 464
3 76 164 330
3 141 393 369
7 417 103 166 94 396 171 55
3 89 132 239
3 229 273 99
4 12 450 374 475
2 318 442
6 326 192 208 474 322 403
6 233 144 62 329 481 115
7 310 406 211 367 226 297 358
4 370 360 71 338
3 389 173 250
2 46 222
4 315 170 302 10
3 13 198 257
1 342
5 148 84 354 328 213
4 22 313 217 6
1 290
3 448 500 381
5 287 329 59 386 247
3 486 102 226
2 109 26
5 162 439 440 109 56
8 408 15 289 110 32 334 43 207
3 273 376 397
2 222 114
5 477 372 38 182 493
4 273 204 113 404
5 313 394 191 48 411
5 476 173 446 264 423
3 163 402 332
7 39 343 149 449 422 318 289
4 119 130 62 338
5 34 195 367 37 384
6 157 11 245 104 281 248
6 494 281 4 446 24 345
3 40 185 196
2 153 322
5 128 326 305 243 319
7 326 259 144 9 268 2 358
6 330 406 76 290 280 53
4 478 208 267 144
0
2 6 445
4 473 251 376 399
3 122 479 448
1 111
4 68 20 417 183
4 442 266 376 342
3 314 263 275
4 243 274 219 127
5 435 235 89 395 210
7 401 344 272 372 182 16 178
4 12 133 94 378
3 115 139 259
4 404 136 45 405
1 260
4 140 104 411 207
2 485 203
3 409 357 132
3 456 17 438
7 337 313 426 118 229 374 357
4 178 303 236 149
6 141 495 447 285 473 105
4 154 311 144 13
7 317 105 125 4 452 59 236
2 233 391
7 360 100 477 233 497 224 44
4 19 130 98 427
0
6 354 128 79 320 309 253
4 458 359 410 481
4 74 190 291 487
3 310 86 357
4 56 352 25 379
5 36 332 422 160 239
1 391
2 294 447
4 459 344 473 180
7 163 363 39 291 59 17 148
5 491 87 45 20 246
4 250 373 152 245
3 170 156 198
5 263 483 409 457 230
3 256 329 154
5 59 438 31 81 276
10 83 224 203 368 398 392 95 207 94 170
3 164 378 150
4 266 374 28 304
2 28 478
3 49 324 483
3 258 216 50
1 305
4 188 89 78 132
1 81
5 330 54 378 457 303
1 444
0
3 174 293 477
3 465 434 294
1 175
3 3 80 371
5 416 204 199 31 381
8 98 291 162 309 423 248 173 266
4 156 176 300 150
5 341 439 412 238 413
5 42 84 271 291 475
2 153 111
5 279 55 248 392 337
7 317 429 66 283 210 279 476
6 82 2 19 211 331 364
5 346 134 451 305 494
2 198 263
3 350 272 353
4 14 277 233 97
5 219 49 56 420 119
4 228 416 33 23
3 172 261 222
7 403 3 289 149 437 10 170
3 96 232 390
5 271 7 293 254 16
0
3 28 353 53
5 213 170 333 6 450
10 10 444 243 440 408 47 146 429 378 115
3 486 459 84
5 77 154 444 295 120
2 341 16
6 48 171 500 308 338 452
7 59 284 124 183 135 273 255
2 266 217
4 423 298 489 455
3 17 271 319
4 150 60 463 122
2 425 350
6 86 437 275 500 334 395
4 427 33 8 85
4 220 438 415 325
4 193 415 176 89
4 91 97 386 235
4 278 141 372 400
3 500 116 172
2 351 221
1 281
2 425 182
4 449 184 207 454
6 125 379 112 309 303 204
2 392 114
1 196
4 380 54 229 344
2 253 385
7 226 469 402 5 20 123 445
3 193 256 322
5 496 372 135 34 393
5 234 319 173 276 184
4 212 230 359 306
6 422 359 75 126 135 204
2 424 176
1 369
4 159 5 179 3
6 236 408 313 490 200 307
9 78 379 419 257 128 326 324 161 70
3 252 341 124
7 264 128 298 118 55 172 362
4 392 332 19 224
3 192 30 132
3 382 91 3
5 292 394 124 425 86
7 418 457 21 97 256 206 495
5 160 123 430 366 434
5 60 325 115 420 368
3 183 66 289
2 288 209
3 196 341 108
5 278 91 351 136 414
3 312 68 122
7 91 89 166 39 79 272 399
3 391 64 99
8 175 484 34 476 58 22 13 181
6 23 164 251 450 436 39
4 321 149 452 265
4 256 12 40 87
5 151 376 23 479 471
5 4 308 279 164 118
5 125 143 55 293 200
5 441 48 224 64 319
2 76 362
3 188 124 389
1 493
3 445 364 269
5 292 364 280 223 128
4 376 395 65 201
4 226 326 172 471
1 338
3 466 42 10
3 226 337 299
3 456 4 204
4 182 107 116 86
2 496 106
5 437 398 475 228 297
2 225 428
3 265 358 242
3 205 106 483
2 401 127
0
4 315 223 464 131
7 174 44 499 138 333 326 295
4 323 194 461 467
5 120 425 146 14 349
5 324 354 97 247 203
2 69 34
5 207 476 450 404 419
2 389 400
4 4 333 162 36
2 6 472
4 14 156 482 81
1 4
6 280 482 463 485 474 383
4 316 450 58 141
3 83 384 181
2 30 412
5 482 413 385 497 485
8 156 59 266 286 47 353 494 296
2 43 421
8 339 122 298 64 138 409 186 130
3 262 380 36
6 236 440 419 213 292 486
8 115 410 257 393 351 125 383 421
3 155 427 58
4 355 222 173 106
2 126 108
2 191 116
3 29 143 369
5 144 455 181 81 126
2 61 119
6 395 431 458 452 116 316
3 241 438 210
13 172 311 44 228 489 317 56 283 382 386 184 198 329
8 221 120 158 210 335 248 404 189
4 110 60 129 282
5 423 348 205 479 217
1 88
8 69 140 193 240 317 443 311 6
2 116 287
8 362 104 318 312 96 5 277 482
6 49 353 65 18 155 296
3 264 265 172
5 142 58 161 208 232
4 22 481 329 129
5 487 271 163 462 382
4 288 495 132 404
2 10 480
5 203 273 10 289 162
4 239 251 313 309
3 97 76 414
3 243 455 394
2 356 252
4 49 34 81 283
7 267 92 260 367 470 479 405
