500
4 212 40 34 491
4 247 486 166 29
2 473 289
3 364 169 13
0
2 278 94
2 396 461
2 395 98
4 238 280 128 201
6 211 63 360 401 174 210
3 125 466 32
2 186 493
1 217
5 97 26 49 219 190
4 427 84 311 137
3 278 399 6
6 43 243 325 249 157 154
4 54 284 262 465
4 198 301 309 269
5 225 46 210 475 401
5 365 251 66 480 60
5 82 435 192 71 208
2 81 500
4 377 79 50 405
4 72 86 135 457
5 266 335 440 286 411
2 87 349
5 45 166 261 374 2
2 45 484
4 482 167 112 293
3 164 197 391
2 240 204
3 140 163 449
1 380
5 47 342 96 209 442
4 83 110 464 120
1 444
6 400 226 315 142 128 59
5 312 134 178 146 189
5 34 380 167 155 30
3 426 452 400
4 450 153 286 26
4 157 154 243 53
1 25
5 194 124 29 374 371
4 277 337 401 211
3 333 96 209
5 140 449 61 415 295
3 435 22 294
3 408 391 109
3 143 404 35
3 137 259 134
4 291 202 243 355
0
2 25 436
2 36 279
4 369 7 296 206
3 487 462 432
3 142 489 38
2 352 151
7 299 265 272 48 415 497 295
1 163
5 440 20 174 433 413
0
3 276 84 373
0
5 149 388 50 37 419
1 343
3 76 356 397
6 353 263 365 361 348 474
4 321 208 55 44
8 275 191 49 97 86 422 457 294
0
2 322 465
1 170
3 397 328 343
2 25 190
2 393 181
0
6 242 494 255 396 461 456
4 23 459 138 162
2 44 71
2 236 403
0
0
1 49
0
5 444 395 349 469 359
2 293 218
4 358 158 278 390
1 392
0
1 94
0
7 339 195 485 223 118 407 121
5 333 220 498 310 297
5 411 14 190 275 294
0
0
6 62 163 273 299 33 48
3 89 410 293
4 417 29 124 194
5 381 160 472 313 409
3 309 301 19
3 259 366 134
4 421 378 313 493
0
2 220 297
1 408
3 439 236 403
5 389 116 484 303 179
3 482 1 293
7 151 353 361 352 21 66 235
0
7 58 265 368 340 470 73 272
1 293
5 248 169 451 13 217
6 418 371 121 428 424 339
2 252 323
2 221 216
3 261 305 424
2 267 200
7 181 284 78 161 370 499 431
5 453 29 484 218 2
2 187 354
2 198 104
0
2 238 9
0
4 375 114 260 304
5 367 9 416 344 346
0
6 50 31 197 377 79 386
6 259 105 52 183 189 39
4 72 86 457 294
4 297 498 96 333
4 105 129 259 52
3 162 476 213
2 32 125
2 362 33
6 176 146 189 204 178 471
5 489 400 232 38 452
5 170 342 345 223 300
4 82 435 321 192
4 395 324 207 168
6 366 231 177 39 319 471
3 248 169 172
3 452 59 232
1 391
0
3 365 21 235
3 463 107 233
4 266 326 450 360
3 53 157 355
6 112 482 380 167 30 491
0
1 387
6 78 181 246 322 161 393
5 222 90 399 246 278
5 205 292 106 12 478
3 393 283 308
3 476 23 138
2 100 140
5 67 239 445 406 227
4 132 463 253 107
6 28 329 29 194 417 247
4 380 234 1 389
0
6 269 364 19 248 217 127
0
6 316 126 198 494 309 301
4 117 364 451 248
5 152 165 92 253 107
1 401
2 303 116
6 331 141 204 146 11 240
4 312 471 39 366
3 141 259 366
2 303 484
3 132 412 92
2 308 414
1 8
0
5 203 487 290 148 462
5 497 272 288 73 115
1 375
4 474 423 348 392
8 398 363 93 6 20 467 277 199
3 39 231 146
8 435 294 49 82 286 144 335 97
5 422 435 82 457 219
3 208 436 44
3 404 75 143
4 410 484 124 166
2 143 223
4 187 125 458 423
4 164 406 239 227
5 270 330 224 171 301
2 20 188
3 122 403 425
2 128 351
3 154 43 274
3 452 148 400
3 11 231 319
5 493 254 495 130 285
1 276
7 168 219 245 27 349 191 87
4 55 436 25 44
5 333 136 498 220 297
4 211 10 46 401
6 225 337 398 199 63 174
4 40 34 491 155
4 268 376 490 250
3 448 381 313
4 175 111 179 218
6 119 334 483 307 455 382
0
2 175 89
3 321 22 71
5 51 152 297 498 333
0
5 363 93 467 158 94
4 342 447 339 75
0
4 398 337 93 277
5 489 59 315 142 400
5 67 239 469 37 402
2 331 240
6 217 127 147 438 258 383
6 52 105 264 134 259 312
3 146 176 331
6 426 142 487 59 400 357
6 253 165 108 173 107 96
1 40
0
3 17 249 325
5 7 396 206 373 369
0
3 67 24 359
8 331 32 231 176 11 146 228 204
6 456 126 443 171 270 80
4 7 494 80 255
1 53
7 170 223 345 339 75 95 298
0
2 283 181
3 329 28 407
5 269 451 309 383 224
5 403 274 43 243 202
0
4 254 480 352 306
2 109 408
4 463 233 107 173
4 446 304 375 260
1 456
2 115 185
4 81 138 476 162
7 383 43 477 154 229 488 387
4 230 129 366 105
0
8 28 418 371 305 428 118 407 424
0
3 392 113 353
3 137 427 65
2 288 272
7 411 413 326 468 42 450 360
2 473 289
6 437 376 465 284 490 250
0
8 104 241 481 456 330 494 126 379
3 487 452 148
4 384 185 415 295
5 299 85 69 100 163
4 157 325 43 17
3 335 26 286
0
4 20 211 398 337
5 222 6 467 93 158
4 317 83 110 200
4 351 315 338 201
1 69
3 416 351 238
4 287 414 420 308
5 268 18 370 54 465
4 378 472 103 12
5 42 450 275 411 153
6 123 358 278 499 399 74
2 61 497
6 464 221 267 36 216 307
2 357 148
3 243 17 154
1 186
3 34 491 30
6 286 411 335 144 97 275
7 140 61 497 299 265 272 449
3 327 311 206
5 152 51 498 442 310
1 195
5 61 295 497 140 449
2 485 442
3 4 126 19
4 113 392 263 235
3 116 111 89
4 480 60 260 314
8 247 407 329 261 298 28 121 374
2 114 304
3 289 36 464
2 123 262
1 19
0
2 327 276
3 471 189 366
1 378
4 186 160 292 12
4 226 280 201 238
0
3 122 236 110
5 466 228 139 458 354
2 11 176
5 264 84 454 427 156
1 208
1 393
1 109
5 88 460 422 385 207
8 274 291 236 200 425 202 17 122
2 450 360
5 7 320 296 206 156
6 479 68 214 397 350 430
0
4 481 494 270 19
0
4 256 470 368 432
3 233 165 310
4 483 216 119 221
2 286 153
4 441 445 406 227
3 5 93 188
6 344 367 9 180 416 282
2 447 485
7 332 290 99 256 368 115 432
6 61 185 449 497 384 115
3 300 195 485
4 397 430 76 356
7 416 367 180 253 282 372 132
4 35 342 195 300
1 416
0
3 423 70 474
3 8 324 444
7 448 409 479 356 397 430 76
3 201 282 131
4 151 113 66 480
6 251 66 361 365 235 151
3 331 318 228
8 274 64 291 258 17 249 438 477
6 281 76 68 496 163 350
4 340 432 487 290
1 363
0
5 468 153 450 266 10
1 21
4 343 281 85 69
7 94 188 467 6 278 93 358
3 248 269 451
7 348 361 235 392 263 353 151
6 146 259 230 312 189 178
0
3 115 265 256
6 296 242 373 7 237 461
7 284 268 431 123 437 499 54
3 305 247 28
8 173 282 132 253 412 346 338 131
3 156 369 206
2 486 417
0
6 476 250 54 437 162 268
3 24 31 386
6 160 285 103 381 495 292
1 396
2 293 482
2 479 448
7 119 434 483 289 252 307 334
2 387 172
0
1 98
4 133 377 50 405
2 154 157
3 336 197 182
1 30
5 278 358 90 6 222
1 441
3 458 423 139
4 308 283 287 159
6 173 107 132 233 152 463
4 324 168 460 98
4 296 7 255 369
1 479
4 277 363 475 20
5 90 222 278 6 16
7 271 38 452 148 142 203 489
2 199 225
7 386 133 50 388 469 359 67
0
1 170
5 408 377 252 419 323
4 239 37 67 445
8 28 428 247 121 305 118 418 261
5 133 221 24 252 216
7 448 285 472 103 350 479 76
7 124 417 166 102 179 453 2
7 335 286 294 275 450 153 468
2 173 253
0
6 74 420 287 90 431 123
3 497 33 341
1 372
0
4 298 485 195 95
6 391 336 79 408 133 31
1 308
4 205 378 106 292
6 457 144 395 324 385 22
5 70 392 91 125 458
4 118 261 28 374
3 17 439 291
5 400 59 203 232 226
4 454 230 65 264
6 485 447 95 407 339 418
2 280 238
3 69 281 343
4 54 499 262 370
0
3 440 210 174
0
2 321 71
4 49 72 25 135
8 250 465 54 213 81 490 284 18
7 217 127 383 43 258 229 387
0
3 266 450 26
5 402 445 406 239 164
4 47 143 209 345
0
3 469 388 27
5 402 227 239 37 67
2 205 352
2 428 404
4 495 409 103 472
7 299 295 61 497 62 33 48
2 335 266
4 19 269 301 316
4 226 41 59 142
5 218 179 484 29 102
2 15 320
0
3 241 242 270
6 22 8 395 191 245 145
0
2 138 162
5 168 207 27 349 385
4 492 80 379 494
7 332 340 470 368 487 357 148
6 233 253 107 372 108 412
2 279 3
3 262 284 268
1 204
7 399 222 337 278 94 188 390
6 266 360 14 411 440 26
1 27
0
6 146 366 178 141 347 259
4 103 378 479 68
6 307 289 110 120 200 464
2 187 423
0
2 138 162
5 383 147 43 217 229
4 378 306 205 130
0
4 114 352 60 306
0
4 215 389 89 293
3 455 252 307
7 179 175 218 303 29 194 102
1 339
0
1 271
6 229 43 157 53 355 438
5 59 426 201 315 238
6 250 257 437 54 465 23
4 482 380 389 112
2 330 80
1 103
0
1 292
2 356 430
1 48
7 310 152 233 165 394 51 35
2 262 268
2 476 138
