100 100 400
80 93
0 33
60 65
63 49
13 65
93 17
21 36
82 90
72 36
32 68
30 49
99 42
26 51
50 3
9 2
88 18
5 53
7 40
44 4
41 94
82 92
79 37
80 4
38 16
56 70
98 99
5 59
71 65
10 51
19 87
73 6
26 68
15 57
76 97
54 31
37 16
79 92
44 30
19 75
33 22
82 98
37 2
92 75
78 56
13 28
88 15
83 99
23 8
63 19
55 9
3 67
7 72
6 90
85 82
72 2
45 92
20 58
11 24
1 45
88 20
31 47
20 87
52 70
75 46
93 26
40 7
67 96
19 65
93 70
16 99
80 15
7 3
21 5
92 41
23 85
41 95
51 30
60 90
40 78
23 29
63 0
77 3
68 92
22 92
40 97
41 99
87 99
42 62
78 19
17 93
55 99
2 5
79 11
43 4
65 85
42 80
58 62
33 10
47 59
59 48
30 63
83 46
53 24
54 8
55 26
87 72
7 14
57 33
29 28
67 42
8 78
62 96
91 37
59 60
48 2
58 8
52 26
81 65
48 61
51 75
13 62
44 47
51 40
88 99
48 4
90 33
40 25
24 93
57 76
30 23
93 19
33 12
13 66
49 15
80 29
77 57
93 31
20 59
18 82
77 56
60 41
34 3
96 34
25 25
34 65
65 11
66 74
71 36
43 16
72 28
69 14
84 61
55 12
38 53
85 32
70 23
18 42
24 66
51 89
36 9
16 55
25 32
74 77
62 61
84 11
26 61
46 44
61 11
58 54
33 71
72 48
21 56
23 13
82 17
41 17
28 2
27 85
82 18
83 45
45 22
55 8
18 76
34 36
15 38
61 63
36 28
32 96
68 1
17 25
78 57
37 59
91 2
96 61
97 51
88 52
53 90
7 30
36 16
5 80
71 80
