100 100 400
1 95
74 34
43 48
66 22
78 31
6 43
36 67
84 38
79 68
51 81
60 74
38 97
15 19
34 14
64 71
48 49
32 27
96 14
76 6
3 57
68 57
62 44
52 78
48 47
15 85
94 16
56 57
55 77
18 5
80 16
70 71
32 9
76 96
69 86
20 97
45 3
83 99
59 54
15 72
27 97
88 86
76 3
51 85
87 96
6 52
79 29
86 74
4 44
84 90
27 90
44 90
75 22
72 55
17 57
51 56
68 67
40 21
39 79
15 98
4 59
41 59
31 68
23 26
73 83
33 77
61 82
18 8
96 71
42 15
44 26
29 93
37 42
45 15
79 99
31 49
62 33
0 23
44 24
82 37
29 14
45 9
82 88
59 91
12 35
49 16
83 90
40 61
25 84
56 71
61 1
21 95
19 66
57 32
82 86
94 75
40 74
78 8
86 26
87 75
85 23
21 38
54 57
41 44
41 25
93 59
10 14
97 69
26 85
80 97
90 24
57 64
22 31
36 3
42 70
55 92
59 21
98 40
47 36
8 11
76 35
36 73
11 34
26 61
10 61
44 3
19 35
78 54
36 38
81 3
60 92
69 10
78 74
10 71
59 83
46 63
46 43
93 60
4 20
85 92
45 91
30 78
77 29
26 42
49 65
11 1
23 10
91 56
20 80
28 49
30 22
43 81
45 44
43 95
23 47
8 35
51 21
9 9
15 73
54 98
16 32
13 1
0 56
34 97
40 1
29 20
73 91
57 63
59 33
98 56
75 80
78 89
76 85
21 3
47 52
62 8
53 57
90 38
55 42
54 29
5 99
29 96
7 69
87 32
5 58
84 26
85 7
0 96
15 4
49 73
33 83
2 6
96 7
50 9
61 58
17 66
8 59
91 2
30 88
69 22
95 8
