100 100 400
24 86
45 1
8 88
23 72
34 98
31 22
89 81
35 23
58 25
88 54
60 29
59 3
10 12
77 57
81 46
77 90
88 74
99 29
63 28
14 6
0 73
24 81
98 4
24 45
73 28
1 87
78 73
67 2
48 19
84 83
50 19
24 48
66 31
87 68
64 40
28 50
67 66
61 25
19 3
79 60
9 65
41 99
56 77
23 22
5 78
16 28
87 79
15 3
54 36
42 20
32 59
39 7
34 60
54 8
49 84
54 68
65 52
2 44
59 27
77 55
15 2
33 89
59 16
91 78
83 66
65 41
69 43
51 34
72 58
10 26
51 36
32 14
0 98
57 24
94 57
36 90
32 13
20 16
55 30
63 18
30 25
74 33
96 42
44 96
20 49
35 81
83 93
36 55
37 1
28 49
43 27
4 29
22 86
73 70
63 22
40 96
78 58
83 51
78 1
31 1
7 2
78 46
55 38
64 15
45 40
82 41
17 1
59 87
3 5
34 97
4 3
71 86
45 4
5 4
73 89
71 32
68 48
97 72
42 42
19 88
25 7
94 58
73 18
18 85
91 41
87 71
3 53
24 12
88 65
84 11
17 9
29 96
53 83
91 11
54 28
80 76
95 54
71 80
91 99
80 85
55 11
99 87
30 62
90 58
68 78
87 38
83 86
81 74
67 41
54 48
23 8
4 60
32 16
96 31
80 1
10 91
28 41
74 9
85 64
82 44
86 86
85 93
29 36
65 1
69 24
11 37
59 0
94 92
5 5
42 7
47 32
92 74
7 83
79 67
59 48
11 69
20 30
35 56
63 24
32 93
27 38
73 67
76 2
52 2
29 3
50 13
59 93
53 54
57 70
75 63
42 82
67 88
37 22
39 77
13 25
73 72
13 18
10 27
6 69
32 76
