100 100 400
8 0
62 43
12 26
44 61
63 46
26 45
39 24
45 61
11 9
3 32
39 13
19 17
64 13
49 26
21 17
39 37
46 62
14 41
13 17
2 50
34 29
51 2
23 17
6 1
14 49
53 41
13 15
60 4
57 7
40 63
39 7
7 21
11 44
18 5
3 57
3 60
47 62
16 32
28 12
32 13
57 3
35 56
49 18
60 8
20 42
57 4
30 49
56 41
13 12
13 39
28 6
19 13
3 14
19 63
31 42
29 29
32 22
50 45
59 18
23 12
26 19
45 37
44 5
33 51
22 29
39 5
41 22
54 22
42 35
30 23
44 48
38 39
17 12
0 10
3 19
29 4
11 4
40 27
40 48
19 66
25 32
46 22
43 8
37 54
14 20
47 60
39 4
57 51
8 43
49 13
9 65
65 39
11 42
32 29
15 55
36 1
18 3
43 53
16 57
55 43
22 66
45 63
4 32
38 7
8 34
63 9
35 5
65 33
46 2
30 34
36 64
58 41
42 19
43 33
19 4
30 40
12 32
38 51
32 51
40 64
4 12
12 50
56 18
59 22
46 42
26 23
26 66
49 7
50 58
34 33
26 30
61 10
7 31
29 8
4 1
31 9
35 34
54 48
41 1
17 58
52 35
28 53
3 3
36 16
35 54
66 27
62 1
52 57
49 34
53 5
41 32
37 27
16 41
39 19
28 24
9 4
0 54
29 12
47 1
62 24
9 56
8 17
61 13
48 34
53 19
0 2
40 17
47 6
4 0
20 39
49 14
0 16
20 57
51 18
47 65
63 24
12 3
7 1
12 6
48 44
22 46
46 54
1 35
24 34
43 14
64 66
34 23
17 32
46 12
13 57
54 9
60 2
48 17
55 62
33 27
66 42
39 41
39 44
50 19
23 37
