100 100 400
8 2
21 22
8 12
7 9
8 8
1 7
12 14
17 22
5 12
14 18
8 14
2 13
17 6
14 4
4 9
17 7
19 18
10 9
11 16
18 4
14 22
4 11
22 8
1 14
10 1
20 7
13 19
7 20
19 6
20 1
22 4
11 18
9 9
10 2
21 10
4 13
6 15
4 4
5 20
10 20
15 18
11 22
20 2
22 14
0 14
5 9
4 2
7 16
9 22
14 20
17 19
9 21
5 19
6 3
22 18
4 0
17 8
5 5
6 1
18 22
17 21
18 11
20 19
2 16
10 14
3 0
11 13
21 14
3 11
0 11
10 0
18 3
19 2
9 0
21 3
0 13
18 6
19 5
14 8
9 8
22 5
12 22
3 5
0 19
15 15
18 18
4 6
13 10
19 4
15 5
11 20
14 9
2 5
13 7
10 19
21 13
13 5
16 4
12 2
3 16
0 21
11 17
8 5
10 12
7 8
0 2
12 16
16 8
3 15
3 6
0 6
2 18
14 7
7 17
12 6
6 4
1 1
19 0
20 11
1 5
15 3
18 16
17 13
5 10
20 9
14 12
16 14
9 19
3 1
13 12
3 8
12 19
16 7
3 12
9 15
4 22
10 15
6 12
7 3
7 11
16 5
13 17
18 7
21 11
16 1
14 13
20 3
15 14
13 13
5 18
5 7
22 20
11 9
5 21
19 3
13 1
21 19
4 19
15 4
1 11
17 5
21 20
7 18
21 1
11 12
15 12
2 21
19 8
12 0
14 16
11 1
12 21
14 1
21 0
21 7
1 17
12 7
11 19
5 3
8 19
15 22
6 20
0 4
16 18
18 15
22 19
12 10
6 17
11 3
2 2
17 9
1 21
15 2
14 15
20 20
11 4
21 6
2 9
10 16
12 1
