12 100 400
40 40
29 18
20 35
26 24
35 36
15 13
24 22
15 36
10 5
17 2
29 3
12 2
33 40
34 39
35 40
38 40
39 40
40 39
28 18
28 19
29 17
30 18
30 19
18 36
18 37
18 38
19 35
19 39
20 34
20 37
20 39
21 35
21 36
21 39
22 34
22 38
23 35
23 36
23 37
24 24
24 26
25 24
25 26
26 23
26 26
27 24
27 25
33 36
33 38
34 36
34 38
35 35
35 38
36 36
36 37
13 14
13 15
13 16
14 13
14 17
15 12
15 15
15 17
16 13
16 14
16 17
17 12
17 16
18 13
18 14
18 15
23 22
23 23
24 21
25 22
25 23
13 36
13 38
14 36
14 38
15 35
15 38
16 36
16 37
9 5
9 6
10 4
11 5
11 6
14 3
15 2
15 4
16 2
16 4
17 1
17 4
18 2
18 3
27 3
27 5
28 3
28 5
29 2
29 5
30 3
30 4
11 2
11 3
12 1
12 4
13 2
13 3
