17 100 400
99 99
73 67
60 87
69 79
99 77
20 7
17 40
63 56
10 68
95 18
73 14
38 72
64 88
69 35
26 88
41 92
37 87
98 99
99 98
72 67
72 68
73 66
73 69
74 67
74 68
59 87
59 88
60 86
60 89
61 87
61 88
68 79
68 80
69 78
69 81
70 79
70 80
98 77
98 78
99 76
19 7
19 8
20 6
20 9
21 7
21 8
16 40
16 41
17 39
18 40
18 41
62 56
62 57
63 55
64 56
64 57
9 68
9 69
10 67
11 68
11 69
82 87
82 88
83 86
84 87
84 88
94 18
94 19
95 17
96 18
96 19
72 14
72 15
73 13
74 14
74 15
37 72
37 73
38 71
38 74
39 72
39 73
63 88
63 89
64 87
65 88
65 89
68 35
68 36
69 34
70 35
70 36
25 88
25 89
26 87
26 90
27 88
27 89
37 15
37 16
38 14
38 17
39 15
39 16
40 92
40 93
41 91
42 92
42 93
36 87
36 88
37 86
38 87
38 88
87 99
99 1
99 2
