17 100 400
58 63
48 77
9 67
82 26
84 78
15 42
35 62
64 74
48 65
43 86
89 72
91 41
39 81
5 84
61 62
72 81
99 23
57 63
57 64
58 62
58 65
59 63
59 64
47 77
47 78
48 76
48 79
49 77
49 78
8 67
8 68
9 66
9 69
10 67
10 68
81 26
81 27
82 25
82 28
83 26
83 27
83 78
83 79
84 77
84 80
85 78
85 79
14 42
14 43
15 41
15 44
16 42
16 43
34 62
34 63
35 61
35 64
36 62
36 63
63 74
63 75
64 73
64 76
65 74
65 75
47 65
47 66
48 64
48 67
49 65
49 66
42 86
42 87
43 85
43 88
44 86
44 87
88 72
88 73
89 71
89 74
90 72
90 73
90 41
90 42
91 40
91 43
92 41
92 42
38 81
38 82
39 80
39 83
40 81
40 82
4 84
4 85
5 83
5 86
6 84
6 85
60 62
60 63
61 61
61 64
62 62
62 63
71 81
71 82
72 80
72 83
73 81
73 82
98 23
98 24
99 22
99 25
