48 48 400
65 65
85 85
58 58
68 68
25 25
8 8
66 66
35 35
29 29
87 87
84 84
39 39
40 40
89 89
78 78
67 67
27 27
60 60
10 10
90 90
50 50
75 75
6 6
7 7
62 62
63 63
97 97
18 18
81 81
93 93
72 72
48 48
95 95
15 15
55 55
12 12
11 11
71 71
80 80
42 42
57 57
16 16
52 52
19 19
37 37
2 2
24 24
32 32
1 1
28 28
49 49
77 77
53 53
86 86
20 20
26 26
34 34
69 69
5 5
0 0
59 59
99 99
4 4
56 56
73 73
44 44
54 54
92 92
46 46
17 17
33 33
82 82
47 47
94 94
79 79
9 9
31 31
98 98
91 91
88 88
64 64
22 22
43 43
51 51
38 38
21 21
3 3
83 83
41 41
13 13
70 70
23 23
76 76
14 14
61 61
96 96
