100 100 400
57 60
7 43
33 34
4 93
44 47
47 80
49 35
28 57
38 97
14 51
33 86
99 9
87 56
0 67
83 92
72 6
3 79
35 10
43 84
6 89
5 23
90 22
1 32
33 46
88 1
3 22
70 44
11 45
79 23
63 88
51 40
12 27
73 55
49 51
6 71
44 23
9 9
14 46
40 63
84 84
25 89
33 41
82 12
56 31
41 45
11 64
62 82
30 95
19 8
91 6
89 7
38 98
78 78
93 99
35 42
91 90
30 48
12 40
62 66
17 86
90 37
3 36
33 23
78 13
10 77
79 68
55 78
66 90
45 83
52 22
6 34
9 31
98 43
21 54
13 64
48 60
33 5
58 32
29 47
6 42
89 38
21 60
26 13
29 95
8 25
68 91
42 86
59 17
79 94
99 55
30 20
71 85
0 36
30 63
39 36
62 97
84 56
7 45
83 83
0 79
79 73
37 28
69 54
92 70
91 94
81 90
22 24
77 76
76 34
18 97
61 91
70 11
24 72
84 31
2 20
95 24
54 96
75 72
31 86
24 87
82 99
78 24
65 98
2 51
69 8
63 74
48 18
77 6
39 18
74 51
74 49
36 69
31 61
8 28
74 62
66 82
47 99
62 92
50 9
95 85
38 74
59 50
85 99
34 68
74 91
80 24
80 36
97 38
40 93
8 59
56 78
49 69
56 12
20 4
30 89
76 52
95 88
54 85
13 56
73 83
6 5
79 46
2 52
95 6
62 61
18 20
69 29
15 98
59 5
16 51
23 50
75 91
58 27
48 45
14 63
75 47
40 15
39 93
61 73
44 93
18 92
19 97
36 10
10 31
45 45
66 41
95 38
99 86
85 40
74 16
49 42
36 23
91 36
2 53
16 23
56 27
44 75
17 42
98 15
44 52
