100 100 400
21 11
14 3
43 32
14 31
56 36
32 17
1 18
33 60
35 17
4 65
46 3
65 47
44 48
26 41
40 36
64 36
61 14
36 35
6 7
17 61
0 17
50 9
39 53
3 44
14 51
58 46
44 56
1 57
27 10
5 33
49 32
1 13
42 13
49 46
37 4
6 57
9 62
28 33
51 34
12 56
61 51
0 1
19 0
11 44
30 64
10 41
57 20
21 28
29 65
6 14
30 48
5 15
55 51
35 32
14 41
45 36
16 42
22 12
62 59
40 20
63 28
33 35
9 58
40 2
44 42
42 42
10 43
45 54
1 3
57 56
49 3
33 8
30 65
49 25
32 27
16 49
48 2
60 55
49 66
8 60
52 38
17 52
51 7
57 65
1 49
61 21
20 64
25 1
28 7
43 4
30 33
23 11
19 1
14 42
26 36
4 38
53 50
14 45
10 54
43 60
38 1
46 51
4 49
7 31
1 64
7 45
46 43
65 22
1 30
24 38
58 18
43 27
4 59
41 46
58 48
43 50
43 48
52 49
41 42
22 51
21 9
48 53
48 1
45 62
2 33
29 18
41 51
22 65
53 37
59 34
65 57
26 34
4 0
24 48
63 45
8 15
9 53
62 14
41 44
12 13
2 63
42 37
48 15
51 33
18 37
50 63
11 50
52 4
47 54
66 40
30 55
22 47
9 36
60 9
27 28
44 13
12 22
55 65
23 37
14 32
24 63
31 16
46 57
28 50
13 62
8 54
47 14
35 47
39 54
5 64
40 19
25 51
28 55
50 36
36 11
20 16
64 59
34 34
41 9
22 45
39 0
17 50
38 38
43 59
53 57
16 9
12 16
49 19
28 42
32 53
8 51
23 39
18 25
12 9
10 30
26 17
50 33
58 9
46 22
39 44
