15 100 400
34 64
39 81
67 19
48 26
7 85
69 6
13 48
6 89
81 67
88 53
46 67
87 7
26 34
8 92
75 65
33 64
33 65
34 63
34 66
35 64
35 65
82 62
82 63
83 61
83 64
84 62
84 63
38 81
38 82
39 80
39 83
40 81
40 82
66 19
66 20
67 18
67 21
68 19
68 20
47 26
47 27
48 25
48 28
49 26
49 27
6 85
6 86
7 84
7 87
8 85
8 86
99 89
99 90
68 6
68 7
69 5
69 8
70 6
70 7
12 48
12 49
13 47
13 50
14 48
14 49
5 89
5 90
6 88
6 91
7 89
7 90
80 67
80 68
81 66
81 69
82 67
82 68
87 53
87 54
88 52
88 55
89 53
89 54
45 67
45 68
46 66
46 69
47 67
47 68
86 7
86 8
87 6
87 9
88 7
88 8
25 34
25 35
26 33
26 36
27 34
27 35
7 92
7 93
8 91
8 94
9 92
9 93
74 65
74 66
75 64
75 67
76 65
76 66
99 48
99 49
