100 100 400
20 9
16 22
22 15
21 16
12 5
15 4
22 8
4 1
12 15
12 22
5 9
1 7
7 12
1 18
11 2
10 1
19 10
16 16
9 3
0 20
14 5
19 16
6 9
20 14
6 17
7 5
6 11
8 19
5 20
21 10
4 6
15 16
20 8
21 18
7 11
2 4
10 10
17 19
21 22
4 9
22 1
2 12
15 21
12 21
17 22
10 20
13 10
2 7
8 17
12 13
6 3
11 19
22 11
10 12
8 7
0 21
18 18
5 11
21 12
3 20
9 6
15 0
21 1
8 15
12 8
20 4
11 11
11 16
8 14
14 15
5 15
3 12
18 9
3 18
19 3
20 12
10 0
11 13
7 18
20 0
20 5
17 18
13 5
8 0
11 0
13 12
18 6
6 10
21 6
10 17
7 10
3 15
4 13
16 2
0 10
16 3
16 7
10 6
19 17
1 22
11 14
19 5
4 15
14 8
17 17
2 20
19 14
20 3
10 19
8 1
11 15
14 0
6 4
0 4
13 13
16 9
2 11
16 13
21 20
10 16
7 19
3 4
15 6
2 9
16 15
8 18
4 2
12 2
14 3
20 20
7 16
22 19
17 0
8 21
4 17
15 15
20 6
0 11
13 21
4 8
18 1
9 16
9 15
8 9
9 14
21 3
1 10
14 10
2 18
1 5
14 19
4 0
0 8
7 22
2 8
12 20
3 17
13 18
5 16
11 1
0 15
5 1
22 14
8 20
11 9
7 20
1 12
6 14
5 2
10 11
0 17
21 14
18 8
5 12
9 17
16 18
21 11
0 3
4 3
21 2
2 1
3 6
3 2
19 11
7 21
5 6
9 2
16 17
6 8
7 0
1 8
14 16
7 13
8 10
9 22
18 20
16 4
22 2
9 4
3 21
