16 100 400
76 87
21 46
80 56
41 34
6 49
94 23
78 87
61 35
65 67
90 67
10 49
22 90
43 50
39 84
87 37
16 5
75 87
75 88
76 86
76 89
77 87
77 88
20 46
20 47
21 45
22 46
22 47
79 56
79 57
80 55
80 58
81 56
81 57
40 34
40 35
41 33
42 34
42 35
5 49
5 50
6 48
6 51
7 49
7 50
93 23
93 24
94 22
94 25
95 23
95 24
78 86
78 89
79 87
79 88
60 35
60 36
61 34
62 35
62 36
64 67
64 68
65 66
66 67
66 68
89 67
89 68
90 66
91 67
91 68
9 49
9 50
10 48
11 49
11 50
97 99
21 90
21 91
22 89
23 90
23 91
31 18
31 19
32 17
32 20
33 18
33 19
42 50
42 51
43 49
44 50
44 51
38 84
38 85
39 83
40 84
40 85
86 37
86 38
87 36
87 39
88 37
88 38
15 5
15 6
16 4
16 7
17 5
17 6
34 6
34 7
35 5
36 6
36 7
99 89
99 90
91 99
