48 48 400
30 30
5 5
33 33
36 36
9 9
1 1
23 23
19 19
97 97
85 85
24 24
67 67
66 66
64 64
38 38
59 59
3 3
49 49
95 95
73 73
80 80
68 68
7 7
88 88
77 77
8 8
94 94
22 22
42 42
70 70
15 15
6 6
11 11
47 47
27 27
41 41
65 65
58 58
31 31
98 98
76 76
25 25
60 60
16 16
10 10
48 48
0 0
17 17
91 91
21 21
52 52
29 29
39 39
84 84
20 20
57 57
50 50
93 93
4 4
34 34
28 28
72 72
61 61
75 75
43 43
90 90
32 32
12 12
56 56
54 54
45 45
69 69
89 89
55 55
35 35
81 81
37 37
79 79
14 14
13 13
87 87
82 82
74 74
86 86
2 2
44 44
71 71
53 53
40 40
26 26
18 18
83 83
63 63
92 92
96 96
51 51
