100 100 400
41 92
3 39
72 5
30 92
37 59
27 55
73 26
54 30
3 90
98 25
37 33
73 19
91 38
43 64
38 31
86 94
14 40
46 47
48 51
41 60
14 8
99 25
36 90
24 71
70 0
51 55
41 29
35 52
0 31
10 0
93 39
82 25
98 88
52 9
68 80
6 79
48 10
79 77
80 14
65 62
94 23
84 90
34 97
23 34
32 30
10 54
49 35
45 84
81 91
92 66
67 1
30 81
38 80
54 85
34 64
2 93
57 64
91 2
28 15
64 11
75 43
57 44
82 55
95 29
66 5
76 73
36 77
4 35
81 76
20 87
7 76
17 57
4 40
25 17
55 47
55 55
90 0
65 39
8 70
60 7
54 60
38 76
35 1
33 84
59 53
42 2
88 70
88 15
75 64
93 7
85 26
95 60
27 59
1 61
43 32
67 45
15 69
94 76
46 51
55 32
13 42
3 38
92 14
0 33
99 43
82 39
21 88
48 26
62 17
51 41
52 65
24 49
60 35
86 97
40 97
54 6
90 22
90 53
28 37
71 81
85 34
57 60
79 20
3 44
30 34
72 57
38 55
1 80
83 46
97 34
37 15
60 58
82 34
4 66
39 73
96 61
58 81
67 67
96 94
65 76
88 98
99 76
71 80
95 19
53 70
92 46
39 98
42 32
65 95
14 38
94 74
62 16
72 54
63 36
35 29
49 22
91 26
25 76
36 1
98 71
17 5
41 82
78 95
11 2
88 36
34 32
97 60
14 26
86 55
27 73
44 32
87 47
88 43
47 94
19 21
14 68
59 99
58 40
23 37
79 57
47 57
75 99
11 22
65 1
73 38
16 44
14 41
2 43
85 53
66 68
34 47
93 68
38 3
30 95
31 87
9 76
71 22
6 6
61 14
52 38
