11 100 400
21 40
26 18
9 28
35 20
30 33
20 28
16 40
6 18
25 1
38 17
29 22
0 14
0 15
0 16
1 13
1 17
2 12
2 15
2 17
3 13
3 14
3 17
4 12
4 16
5 13
5 14
5 15
20 40
21 39
22 40
17 40
25 18
25 19
26 17
27 18
27 19
12 32
12 33
13 31
13 34
14 32
14 33
8 28
8 29
9 27
10 28
10 29
34 20
34 21
35 19
36 20
36 21
28 34
28 35
28 36
29 33
29 37
30 32
30 35
30 37
31 33
31 34
31 37
32 32
32 36
33 33
33 34
33 35
18 28
18 30
19 28
19 30
20 27
20 30
21 28
21 29
14 40
15 40
16 39
4 19
4 20
4 21
5 18
5 22
6 17
6 20
6 22
7 18
7 19
7 22
8 17
8 21
9 18
9 19
9 20
24 1
24 2
25 0
25 3
26 1
26 2
37 17
37 18
38 16
39 17
39 18
28 22
28 23
29 21
30 22
30 23
