100 100 400
80 71
48 21
78 34
0 54
35 53
15 46
30 21
74 17
81 89
76 87
87 11
93 19
43 41
16 95
46 12
31 90
32 57
3 70
51 2
87 91
54 28
67 19
46 29
15 84
18 67
48 78
41 67
15 51
8 72
27 1
74 55
84 10
89 60
97 96
86 98
78 81
76 51
54 20
95 66
37 36
72 82
84 26
23 31
38 95
65 15
22 86
9 69
33 75
5 33
15 15
98 65
62 65
67 21
95 8
58 18
88 88
75 80
53 26
26 80
79 42
19 15
92 26
25 5
23 36
99 67
85 70
41 61
15 76
95 57
20 33
79 33
14 89
83 47
63 3
88 85
2 51
0 85
82 44
85 30
17 24
94 49
10 12
41 40
36 37
2 39
41 12
55 92
78 44
36 76
99 1
25 69
71 66
53 76
88 52
65 90
93 21
32 43
5 36
82 81
62 70
47 96
41 62
69 98
36 91
52 81
71 39
66 23
89 36
3 47
26 43
50 35
93 15
66 19
26 26
97 20
99 98
45 3
16 5
51 67
26 73
43 36
78 40
94 68
23 38
4 96
40 19
27 3
55 80
34 38
61 76
58 69
81 19
35 38
32 82
97 4
16 17
56 34
55 37
22 50
74 41
92 83
93 6
27 98
34 29
42 18
4 48
71 26
56 66
96 67
10 32
92 80
34 42
9 82
94 18
35 20
97 25
69 39
39 83
4 95
84 53
51 93
93 85
75 2
73 31
45 82
67 42
65 57
88 28
78 51
36 84
0 98
35 1
2 13
10 99
74 83
61 41
9 57
4 54
32 10
24 66
4 9
20 95
2 15
46 80
73 78
71 44
26 16
70 84
66 7
6 0
1 12
23 14
20 68
3 84
20 52
33 32
30 40
38 32
16 23
74 12
