200 500
27593 12191 11572 22653 19360 14900 24185 17348 28663 16561 15024 17371 2781 25599 9025 23625 8004 22907 28605 16732 2977 18836 14996 7920 8528 14075 896 28766 5539 26054 18524 16214 7658 11881 24427 2651 1947 6183 20489 8078 15277 21374 9448 10869 5844 14659 28970 19604 13086 7054 24431 17850 29964 7757 26223 19708 18394 17182 24766 4756 1505 28921 10144 6960 13510 9525 21941 21153 27353 27562 17366 3605 17015 9367 12088 23674 10124 3785 5633 23388 22634 25810 12496 356 19732 14609 26788 12431 12044 16873 5090 14909 219 29989 9471 18871 4956 517 11180 26751 21206 1069 21837 21627 20152 24943 22696 16268 9618 1915 15677 16833 2606 16215 198 25269 33 5184 11821 4462 10983 565 9805 2605 16148 6082 24436 29557 12784 13843 15351 1299 6510 4800 6338 12439 1709 21221 17625 3438 24356 29875 2916 9676 17772 27392 23307 29089 9774 24286 23852 27650 29618 6995 7905 18582 1190 24064 5649 23217 15609 13412 4313 1420 3510 15430 4779 24906 6610 11348 24726 29820 9954 13529 28918 29011 25328 3792 20323 28186 1765 13723 20454 8098 4003 12779 5428 27161 18096 1068 15514 7929 9023 28004 20040 8284 29201 21214 20630
146 71 43
137 118 7
190 74 9
30 45 9
64 193 4
26 22 34
81 172 13
131 144 7
151 177 9
30 113 8
87 125 6
109 96 5
22 55 501
88 74 11
109 92 17
37 13 2
97 95 11
178 157 20
108 132 9
9 41 17
89 134 15
189 127 3
33 189 7
14 186 2
1 55 501
178 73 157
137 66 5
6 8 9
186 76 16
171 26 6
172 71 30
168 158 1
182 69 8
139 172 10
121 18 15
192 173 6
126 28 1
78 157 5
176 51 3
126 189 8
9 177 21
104 122 18
77 63 29
61 132 14
105 112 59
177 42 7
105 177 53
94 105 1
178 52 16
152 16 11
44 48 10
146 86 9
63 120 7
16 76 15
146 31 51
140 191 1
109 72 8
118 90 6
18 141 2
41 199 9
58 62 1
114 44 6
156 47 6
200 156 501
185 177 4
99 22 65
58 46 3
18 156 129
124 143 13
175 124 16
197 67 5
157 75 4
41 50 5
197 183 6
56 98 10
156 119 2
173 20 13
195 2 15
163 68 6
29 106 12
149 184 20
45 197 49
132 193 7
1 74 234
79 134 17
34 120 3
161 44 10
79 99 32
40 44 9
160 8 31
132 8 32
36 160 10
3 110 6
15 128 10
195 150 30
165 122 10
39 25 3
156 164 2
142 181 9
31 22 63
98 55 70
13 73 17
18 65 3
188 154 3
89 43 9
85 123 1
181 10 12
178 124 200
13 145 5
109 38 1
137 77 46
55 92 170
181 100 6
93 44 34
124 22 238
136 8 4
156 74 216
12 52 7
173 150 26
148 1 11
174 54 13
101 79 17
137 22 100
18 154 109
58 99 35
135 73 135
200 11 12
184 112 34
196 165 10
179 178 3
106 107 12
156 97 20
174 45 17
167 198 6
8 23 8
7 122 7
171 133 1
198 197 36
116 21 7
130 121 5
15 32 9
177 155 3
154 186 22
101 24 6
61 147 12
194 182 8
156 53 8
11 116 7
1 138 2
80 149 3
106 58 30
92 19 17
110 112 17
57 13 8
102 92 8
22 68 13
159 104 10
153 176 16
70 140 12
170 2 4
82 63 14
195 98 55
98 84 5
122 115 6
169 178 11
85 22 1
81 27 7
91 184 6
93 137 42
180 194 8
17 5 11
118 168 4
45 140 19
26 153 22
99 166 2
187 77 5
194 198 20
25 124 6
92 189 28
160 17 19
117 124 11
157 144 6
175 129 12
162 45 8
49 121 10
114 4 6
110 60 11
59 149 8
19 125 7
103 30 1
35 82 6
200 181 32
154 8 85
197 122 40
15 1 27
92 112 110
197 135 127
83 55 12
111 126 2
