200 500
8773 21817 19847 21175 23571 19867 13971 8615 17042 6071 21824 4577 28041 20100 5894 9503 1266 8490 11086 7059 12039 17638 24047 2243 15351 23490 15590 17497 2848 8549 15597 1340 18405 16367 419 27148 21155 22323 10927 8380 26461 22986 23166 15469 21825 2399 18522 26309 15441 23229 25854 11251 10253 261 16794 28079 6287 6679 18372 24512 10372 16487 12300 14118 12792 19650 19432 23276 29841 26080 21374 27090 7606 8079 26998 27855 4014 5280 27107 4132 18765 10734 10153 9232 1143 19526 12658 2822 27651 21380 5439 13249 2043 6475 28686 14643 6338 17979 20891 27512 25345 14714 11064 19919 29426 11198 246 21232 7205 18321 10482 11467 15643 18840 25025 18720 16700 18892 25691 25259 29221 23313 613 12394 7565 16468 19956 2933 7246 13530 6134 7784 7553 26864 23150 25650 24171 1712 29078 17825 965 16286 16641 1739 8869 11417 4967 2137 9028 25389 9889 14914 24677 10044 14664 26006 17818 16965 29147 7268 9816 17779 11260 23739 7531 20002 13382 24378 28449 25155 29518 28497 11853 4922 2258 26867 19061 15715 17267 11314 24527 6757 12490 9135 17669 1998 2297 8276 26475 27818 17273 12223 2200 29638 25474 23808 28844 4332 22784
86 154 92
130 4 9
16 147 46
195 22 35
92 88 11
169 8 7
160 95 3
111 71 11
149 129 2
148 199 3
100 184 8
145 124 1
170 59 4
96 142 37
103 132 12
181 145 43
12 97 10
85 198 16
132 172 15
54 97 29
46 136 9
121 145 45
99 98 12
169 170 15
40 180 8
10 121 143
48 91 27
174 107 6
122 134 4
162 25 2
42 112 10
135 92 11
49 56 11
73 118 14
200 16 501
171 86 12
10 104 6
86 152 16
121 86 136
51 110 158
162 51 62
129 19 2
114 158 6
68 105 9
143 22 30
138 62 8
53 185 5
31 165 9
51 5 8
146 166 12
141 140 28
140 109 12
172 11 3
154 177 10
55 173 1
162 61 16
86 6 14
45 175 2
45 88 19
111 199 17
101 2 14
169 187 155
144 31 14
133 75 5
87 53 21
182 108 27
154 81 2
140 159 7
141 184 36
40 142 23
131 115 221
147 14 11
108 54 25
94 24 11
163 133 9
186 154 7
117 103 8
98 97 49
89 96 43
143 43 8
23 6 8
181 116 22
21 33 1
189 90 4
87 169 83
64 116 5
161 151 9
160 63 36
50 181 6
150 168 4
107 19 5
106 198 11
179 80 6
127 10 8
113 99 5
3 128 9
147 69 15
38 176 9
58 164 4
32 199 6
171 17 5
21 85 3
121 1 501
163 188 1
101 16 25
20 181 8
85 70 13
98 18 1
110 132 29
184 115 66
16 89 49
91 80 17
121 122 13
77 196 10
76 9 35
51 1 447
173 2 12
199 87 62
176 168 8
130 147 11
125 193 6
161 45 11
162 198 40
47 10 1
167 157 9
26 15 11
119 154 38
28 45 25
154 48 37
82 164 8
72 45 8
41 45 64
147 190 10
143 126 18
44 146 10
133 152 13
94 63 24
176 35 7
10 52 9
181 153 7
162 137 9
67 167 17
80 78 2
65 40 13
61 178 8
37 30 2
76 39 41
187 115 156
191 116 11
66 39 29
131 121 222
197 97 10
20 84 5
13 1 3
46 176 21
29 65 6
199 46 35
41 110 70
79 77 3
34 69 9
112 144 18
126 3 15
110 98 61
67 76 23
47 36 1
105 73 23
123 166 10
155 109 5
83 119 5
28 77 21
10 16 120
184 27 23
194 75 2
142 26 16
119 166 23
62 76 12
15 183 3
182 7 20
118 192 6
56 74 15
27 164 15
105 158 14
195 51 48
139 76 112
139 107 14
156 53 6
48 60 7
119 93 5
57 7 11
9 112 31
51 139 178
125 66 10
63 37 13
120 53 9
102 160 9
139 160 56
90 94 14
66 74 21
105 169 47
