200 500
11316 22857 24641 1610 3222 9513 18362 27308 17787 3106 9082 21802 3215 18732 22186 21032 12216 19670 8001 24160 9403 16670 23383 10902 8551 3589 14537 20236 8864 2082 18523 16130 9595 8682 5847 5976 19039 8073 18176 3733 19134 10683 7305 3469 9760 28009 27558 11561 14878 21324 25872 10623 7819 3930 29461 5112 27684 16498 23392 12499 22285 28155 29597 16965 7959 16304 767 20395 22178 17494 13665 13371 2836 17822 26894 26853 22656 4970 13761 16960 29349 2156 9198 11348 26097 18358 9662 3283 9523 2696 14256 29816 4610 15453 4079 6289 22281 27348 11405 8008 20038 16866 11534 3471 8843 18761 5973 26800 23926 15741 10923 5765 10556 12554 8551 23566 28579 16340 3850 16629 10098 10326 19728 13683 9217 27019 1559 521 21219 8236 68 20820 11511 8539 29830 19794 6465 6630 19197 1302 5762 25453 12748 5252 865 5054 26383 1737 2445 5102 627 6658 348 24211 16545 27561 2047 7363 20904 21308 19685 13014 22592 16662 25762 9250 15365 11123 18296 10486 575 183 5436 8820 1891 17580 10603 4495 26892 18254 28230 15719 3294 14043 9708 28956 12962 28681 11158 32 12750 25656 7617 234 14067 9548 15825 27133 20799
81 12 14
162 82 10
146 195 1
63 24 13
25 164 9
33 1 178
99 96 9
55 99 23
66 90 13
111 79 8
99 126 5
1 9 140
5 11 1
23 25 7
187 40 11
141 92 12
186 191 4
123 68 1
121 79 7
98 8 16
120 91 2
128 95 39
37 62 11
85 31 28
161 9 21
27 143 2
139 142 3
2 14 22
198 166 293
159 80 7
125 66 17
106 79 24
138 168 41
196 22 9
16 48 9
113 116 11
64 89 22
60 46 20
154 14 1
179 76 17
200 120 7
14 145 3
135 2 10
112 48 5
199 29 9
116 81 26
12 21 10
120 30 4
70 31 9
106 166 33
33 35 5
159 88 5
39 72 4
182 198 17
34 138 8
37 114 15
119 141 7
18 105 2
174 166 12
135 171 5
69 15 11
84 17 27
157 15 15
78 103 17
33 19 19
90 59 8
42 7 5
36 116 39
83 67 7
124 8 10
166 24 79
22 190 5
192 19 6
161 83 13
47 159 22
31 168 37
64 133 10
157 47 26
115 178 4
160 75 8
45 140 19
82 95 33
198 137 8
41 48 25
196 148 14
6 46 2
102 128 12
172 106 6
41 89 33
89 13 8
156 143 10
129 78 5
83 49 5
36 166 53
25 197 22
78 184 2
25 118 80
54 166 10
147 51 20
198 72 9
103 4 12
163 98 25
82 189 14
140 167 5
131 19 4
24 101 3
118 9 118
10 25 8
1 18 207
172 185 7
193 77 12
37 40 21
66 123 31
141 17 18
34 175 4
1 41 99
47 146 1
158 167 2
194 177 9
180 193 20
110 114 10
28 180 6
183 99 7
100 25 5
107 96 9
152 182 7
142 11 48
129 104 5
45 168 20
98 117 9
125 130 11
14 115 15
71 113 8
128 24 52
123 198 33
115 191 6
152 134 6
198 1 396
140 50 7
18 200 501
188 128 7
73 76 6
25 179 30
198 78 30
38 179 12
86 159 11
127 60 12
46 118 27
170 2 9
14 33 36
51 42 11
153 95 4
197 3 10
169 57 3
166 99 48
43 92 6
149 125 2
160 36 18
33 109 13
38 20 3
174 155 12
197 61 5
151 2 3
65 198 8
132 91 1
173 12 1
37 11 44
47 26 22
166 84 64
138 58 13
85 52 10
56 138 14
176 29 2
18 168 102
148 147 21
118 53 6
200 169 9
165 54 9
98 33 54
136 74 2
97 102 3
47 18 83
150 156 2
94 197 2
81 144 7
41 148 49
26 199 20
194 33 11
1 32 7
108 92 4
79 181 8
143 163 19
44 138 8
85 136 15
55 87 20
93 87 12
122 44 5
84 180 39
142 33 53
