200 500
12505 3788 20584 8374 25765 2524 5452 6890 13249 2871 18210 14417 2447 10444 21007 24992 3371 23374 6808 11111 17938 14401 13962 23076 21869 22477 9913 14076 23630 20317 22781 18003 21042 13491 16308 27031 9192 26476 28632 2004 12346 10278 23938 13036 2152 20743 22718 12628 16062 12319 18270 7039 15021 17211 27029 11935 1457 7139 28930 26451 5076 23089 13263 25624 23554 6888 27461 5393 9781 1399 19489 25228 26574 4252 3833 29815 25966 23677 22855 4193 24077 12239 10756 27991 25123 7571 3580 6816 20946 4266 29893 25976 12772 8149 20655 14776 13160 28107 27769 3641 9253 11979 2156 1242 4066 16557 11828 7526 20584 4714 3777 12378 17054 4738 20561 16575 24766 3277 12169 8323 27875 24721 6328 9783 1312 19773 29080 10667 15007 4138 13989 16756 21164 6780 28698 19092 4487 24862 29368 17823 23982 5881 14543 25496 12956 5790 26217 2850 3428 19530 14474 9895 14923 18860 10868 4051 10180 3588 28587 5577 16789 45 4289 2099 2128 12121 24294 3257 7933 3584 11221 17599 20772 5893 20334 18250 19418 17590 5936 18980 19451 26045 13818 13409 18582 25626 10293 20177 5994 20714 20599 27620 15531 8530 27544 2458 25442 7200 21474
129 65 11
6 150 16
38 144 13
130 200 501
18 12 18
43 99 19
62 94 6
96 79 19
17 168 11
129 173 7
104 195 52
34 171 23
101 65 13
197 170 2
11 18 19
82 39 10
170 128 143
99 137 501
13 181 13
84 185 15
157 134 3
154 38 7
168 195 18
47 59 9
183 61 11
196 138 13
183 30 11
162 92 11
131 128 3
90 33 7
169 158 16
57 90 10
143 162 6
136 101 11
2 192 6
76 186 17
7 160 1
85 174 12
156 166 13
137 46 501
198 192 12
64 109 4
152 195 8
19 133 69
69 30 2
194 34 15
15 134 10
67 44 10
104 132 76
4 110 10
68 133 17
72 123 8
120 66 6
96 77 12
67 113 5
181 104 235
1 80 10
66 195 27
41 178 2
52 76 9
184 167 5
169 62 13
198 183 35
40 135 4
76 133 259
138 73 12
194 50 8
105 64 1
60 151 7
37 67 16
65 110 20
40 150 14
162 76 78
23 171 54
60 38 22
190 153 4
60 16 85
39 128 29
127 13 10
177 162 7
88 195 2
172 188 5
76 91 11
27 93 10
95 3 5
31 79 54
198 126 1
145 59 11
132 84 39
124 28 4
161 194 2
191 71 22
147 146 3
104 160 13
70 15 5
31 49 6
99 1 501
189 78 10
79 130 27
11 97 15
174 59 20
125 123 21
103 57 6
140 111 11
137 196 23
81 85 3
133 65 132
23 119 2
22 16 30
170 3 5
51 130 13
16 9 4
8 46 13
139 60 9
198 163 1
176 43 16
171 121 4
175 170 3
25 176 10
73 89 3
32 181 10
97 193 12
165 188 1
16 98 47
188 12 10
53 143 3
122 55 12
84 71 22
58 198 1
55 75 18
104 76 404
123 117 6
37 100 10
146 76 501
137 20 3
104 26 21
132 190 12
68 107 7
128 90 22
36 159 2
198 148 11
35 66 16
171 75 20
186 124 10
142 185 11
124 199 4
54 190 6
91 116 9
149 143 1
98 59 40
29 171 16
29 86 10
189 87 20
5 178 9
112 110 3
114 62 8
133 125 34
60 76 134
150 132 30
181 170 179
191 115 3
39 111 12
182 45 5
46 106 3
102 108 5
183 83 5
23 128 68
6 21 6
184 64 10
74 191 12
93 162 20
182 128 21
125 102 10
60 14 2
110 180 3
56 8 11
170 166 17
5 134 16
63 144 10
141 10 7
19 31 68
183 65 87
48 170 11
18 146 34
35 187 10
87 118 10
162 87 29
22 42 5
183 158 19
24 166 6
156 155 8
36 51 8
5 76 30
46 146 501
22 184 18
179 182 9
10 26 12
164 26 2
181 37 39
