200 500
10372 9156 365 21311 4709 15568 15420 27905 17482 9705 10280 15062 24298 16823 2746 15401 11604 533 16455 29404 1312 9827 20476 17424 22437 7932 17030 10262 25451 28316 20769 7311 23393 17328 22299 12544 18318 11466 21639 9446 20948 29482 12510 26553 25573 10993 13976 29669 11050 28100 7866 17208 17804 29412 25025 6170 18888 15525 13150 21148 18296 2301 9744 3837 21373 20801 9204 27338 20313 8208 13449 5673 7073 10864 17276 21940 5781 7256 11239 18893 29047 12212 22546 21381 14425 3274 8784 2930 10199 27998 14411 11064 16024 10824 9070 12594 4663 6008 29265 1752 25544 21291 5411 14705 11707 19603 9069 7785 5980 25128 18418 11518 23446 27635 28696 25400 2325 11102 7638 5458 24675 24251 1113 9294 4384 24784 4004 2882 27306 28367 12731 948 27128 27837 12252 25475 16640 2500 14794 10422 27512 29490 12851 7519 14530 10197 27311 19590 1199 4555 18354 14264 14301 2212 3339 27342 1405 734 25698 25506 24666 23952 21533 9677 18539 27292 8920 19560 13183 8630 4909 9002 29379 10108 13667 4721 4344 14817 22042 7814 9387 28464 8495 19747 2707 22581 8177 15801 14615 24642 1468 6025 7226 18548 21199 26704 13148 26827 6470
199 1 10
85 1 10
1 13 6
1 123 9
1 159 1
1 56 11
1 134 12
1 181 3
93 1 5
175 1 4
189 1 6
1 185 8
26 1 9
1 198 6
148 1 11
168 1 4
1 143 13
156 1 3
1 164 9
179 1 6
1 78 3
1 59 6
66 1 8
1 166 7
153 1 7
1 7 6
17 1 6
1 151 3
1 37 5
1 73 4
1 33 4
1 162 10
1 108 4
1 44 6
90 1 5
1 170 5
16 1 2
1 65 2
1 186 2
110 1 3
1 15 6
1 167 10
1 139 2
116 1 11
1 174 11
131 1 12
61 1 9
1 192 1
103 1 8
88 1 5
1 23 4
169 1 9
190 1 7
133 1 1
50 1 6
53 1 7
1 8 6
1 173 4
1 171 4
1 45 12
1 30 10
89 1 2
98 1 2
125 1 5
1 102 11
118 1 2
1 82 12
1 55 11
183 1 10
49 1 13
1 124 1
196 1 8
140 1 5
35 1 7
1 130 11
79 1 3
163 1 11
1 18 4
1 94 8
72 1 6
92 1 7
34 1 10
195 1 7
1 157 11
1 51 10
1 48 5
1 177 2
1 154 7
1 132 5
1 91 11
1 119 4
46 1 10
95 1 5
147 1 5
1 145 4
1 60 5
141 1 5
1 3 4
111 1 11
20 1 8
41 1 5
52 1 3
160 1 12
40 1 9
1 187 10
1 129 2
122 1 11
84 1 8
1 76 8
6 1 3
176 1 7
77 1 10
1 31 12
1 12 6
138 1 7
1 135 12
144 1 5
1 100 12
62 1 9
1 191 10
1 184 3
14 1 11
1 39 5
1 96 5
152 1 8
113 1 5
1 2 5
1 104 4
1 70 8
27 1 3
64 1 5
106 1 4
155 1 1
146 1 7
150 1 1
57 1 3
1 182 4
1 137 10
128 1 2
197 1 11
1 158 1
1 120 4
80 1 6
38 1 7
1 71 4
11 1 5
127 1 10
1 97 5
1 63 1
1 101 1
24 1 10
1 47 6
1 180 10
1 4 1
32 1 8
1 58 7
1 178 3
67 1 8
74 1 4
1 107 9
126 1 2
1 193 3
1 81 9
1 194 4
69 1 12
1 121 2
1 87 2
1 5 9
1 43 12
54 1 8
1 142 12
19 1 1
83 1 6
1 109 4
1 136 6
188 1 3
1 161 11
1 115 11
1 28 8
1 42 10
1 68 5
1 165 4
29 1 5
22 1 1
1 10 8
1 105 6
1 114 9
86 1 6
1 25 9
1 75 5
21 1 11
1 99 3
9 1 12
149 1 8
36 1 8
112 1 7
200 1 501
1 117 10
1 172 3
