200 500
9217 26661 15751 19754 11110 7667 21419 12862 19699 12740 5422 21393 11862 5421 21298 26692 16122 15323 1937 28667 28737 7028 28635 15054 27561 14067 4404 21534 27422 6559 13742 15432 3820 18265 28426 2245 16951 233 5138 8275 6651 6650 14179 19384 19730 4335 1641 3913 27554 28111 6336 10981 14383 4645 11328 29718 24333 20554 25550 24227 15690 18687 26846 6935 20427 22582 29599 12088 27783 28509 4383 20090 5628 3707 1788 8385 29164 1241 28379 13912 15567 24756 19667 14177 21628 2262 9363 7389 12559 8723 17567 11065 24546 13754 14561 16528 13595 24043 8811 13869 19406 21283 25081 25356 22484 21544 28424 2567 26689 20280 1740 8524 15056 15317 17705 9593 11989 18812 7726 6877 3883 26233 5412 10599 4319 26136 18708 356 20614 26923 24482 20460 10699 25950 19445 11552 18359 4556 19345 8837 1561 28688 1379 18802 22276 28496 21957 1986 2150 25736 18135 28315 2051 2594 1055 12697 29131 27284 19619 20054 27510 6020 9392 2805 9419 13965 12152 30000 20879 3963 6143 19247 4831 501 16606 19431 16023 4860 14677 13021 15113 29885 4090 20485 26915 4031 29128 26636 7638 14947 9470 23572 28900 11572 6093 6782 15525 2725 25275
101 31 158
76 164 488
187 28 345
118 130 501
186 94 501
20 174 218
200 121 501
170 71 416
182 81 501
122 191 501
168 102 59
197 30 501
73 124 501
12 23 501
151 198 320
84 16 363
45 179 48
70 40 501
91 172 40
154 21 501
62 97 501
21 162 501
53 136 136
104 196 97
127 174 205
32 157 501
90 113 357
137 17 439
195 90 361
23 111 501
165 116 29
39 45 52
43 56 501
100 139 194
48 158 440
166 73 501
40 44 501
147 114 395
182 46 501
186 12 501
17 194 428
181 184 501
58 193 9
52 54 501
67 146 232
47 6 501
62 149 501
119 165 25
72 172 47
161 109 501
26 158 457
77 190 501
50 8 278
105 85 501
176 103 501
85 143 501
148 105 501
100 142 204
93 117 501
65 5 249
154 19 501
170 120 427
107 51 501
53 33 142
94 110 501
2 78 501
138 144 501
140 52 501
14 92 501
133 11 189
110 18 501
24 10 78
48 137 449
65 171 259
138 178 501
5 131 245
166 191 501
119 34 20
82 148 501
135 3 501
178 135 501
27 2 501
133 139 200
118 115 501
153 15 123
106 195 354
199 55 501
132 98 339
96 63 501
9 190 501
81 176 501
183 175 84
61 164 489
14 79 501
37 78 501
50 66 287
117 43 501
36 101 163
102 75 56
116 160 33
42 37 501
46 83 501
149 54 501
88 99 501
68 145 501
128 49 501
144 156 501
88 3 501
68 122 501
25 129 501
192 167 255
152 29 114
33 153 134
56 155 501
9 188 501
38 59 297
192 171 254
146 131 242
96 199 501
74 167 269
132 80 323
180 83 501
189 20 207
34 58 18
67 189 227
82 77 501
60 125 501
36 200 169
128 156 501
142 127 197
61 32 498
57 181 501
141 26 463
107 123 501
30 115 501
114 71 404
11 121 182
22 177 501
175 24 83
69 180 501
163 134 321
15 152 122
13 64 501
163 80 325
89 66 289
124 49 501
120 95 426
87 168 67
126 69 501
162 22 501
150 41 97
103 99 501
98 28 350
1 155 501
111 6 501
150 183 92
159 126 501
25 97 501
27 44 501
112 136 150
35 129 501
169 112 151
7 86 471
113 187 355
8 74 263
42 161 501
198 134 325
185 51 501
188 57 501
93 47 501
157 123 501
72 179 48
13 19 501
145 177 501
16 108 381
63 92 501
64 35 501
76 173 486
196 41 93
147 108 390
140 184 501
10 87 68
39 75 55
29 104 111
160 91 39
89 59 297
106 84 358
86 141 461
194 95 421
143 70 501
7 173 478
159 125 501
4 197 501
130 60 501
18 55 501
185 109 501
79 4 501
151 38 311
31 169 163
