200 500
4638 8888 22423 2205 22687 15715 20645 7201 26766 26434 14501 8930 28609 6364 22387 6555 15599 20813 10366 18517 630 1007 18499 1226 9508 26293 5355 21142 9773 21000 19687 14511 20108 12574 19149 6864 9214 22387 4209 10634 1167 1949 7919 12396 17862 7073 1747 10519 26955 1736 26898 24582 1997 5983 2081 22186 2727 20493 6940 6100 7356 28046 19269 21999 18066 20424 16749 2073 17356 14173 16165 29776 6882 10764 22191 16576 5913 24147 18505 3656 12032 2718 8516 22340 15641 15345 13033 7732 16508 15464 22903 26953 8928 15156 1780 20294 6657 701 28279 8864 16944 28415 23696 15997 16329 27223 29052 8879 7972 16552 9306 23689 27979 21458 1793 20513 28681 27525 3686 9299 24898 25986 12198 15278 12132 19687 17496 1194 2328 29612 9473 11530 5898 27817 1825 19607 3641 11505 12900 6776 18788 8654 27891 24116 3337 6308 18036 27417 20327 28835 5485 19025 19349 22660 18259 23191 29688 6656 776 9574 22129 27005 922 908 16539 23786 17087 1647 15637 14993 26685 3812 27762 7981 28127 26072 6076 8786 21178 24727 12281 18811 19893 26404 1397 13155 28254 8134 16787 7467 957 10992 26600 20451 27999 16402 25338 11420 8629
1 53 10
116 1 1
129 15 3
1 54 2
7 83 7
195 95 6
1 47 5
1 31 8
43 128 9
153 1 9
107 17 11
1 111 6
27 186 21
94 5 9
1 8 9
39 119 8
37 82 6
46 162 8
185 1 28
72 1 8
71 23 1
20 1 4
162 159 4
196 84 4
27 158 13
161 126 5
1 50 13
78 96 2
26 162 5
169 144 20
1 28 3
136 119 21
185 71 7
75 11 12
16 152 10
10 75 12
1 174 17
1 196 79
41 2 2
130 46 2
92 1 10
186 200 501
38 196 15
94 30 5
178 196 3
1 17 16
37 125 6
67 1 9
1 88 6
104 195 10
76 1 13
154 43 9
36 195 15
194 1 10
1 55 3
3 1 5
1 45 24
1 129 3
1 106 15
60 193 4
134 1 3
100 97 9
183 150 9
5 136 9
85 144 9
13 41 5
73 1 30
1 4 10
170 43 6
77 1 23
1 188 12
22 127 24
160 149 12
58 1 9
186 191 4
109 1 5
171 1 6
98 1 3
155 196 9
173 1 2
136 1 44
86 1 6
1 164 1
91 61 7
21 1 9
142 1 8
161 77 9
1 182 7
48 8 2
177 1 10
1 180 8
49 43 5
184 102 10
140 1 6
103 1 12
1 74 3
1 146 6
122 106 10
65 1 8
99 1 1
37 1 29
59 127 9
175 196 4
115 43 13
1 96 3
190 77 6
165 1 1
1 163 12
186 120 2
1 113 9
156 73 7
40 43 8
69 75 16
1 197 7
1 33 8
196 22 24
63 32 9
1 24 7
35 1 5
168 36 7
162 1 33
25 80 8
192 136 1
40 101 6
79 1 11
1 18 6
89 1 3
135 1 12
1 195 44
1 124 5
19 127 8
174 105 7
138 186 2
61 1 10
1 75 41
1 41 10
9 1 3
1 132 4
114 112 12
187 1 6
87 37 6
160 1 10
68 1 7
1 151 12
44 17 3
143 186 5
1 51 1
101 81 2
73 152 11
1 102 15
1 189 3
121 115 5
198 195 11
1 133 5
181 1 9
12 43 7
147 1 3
137 166 8
64 162 9
1 117 9
1 172 12
176 1 11
76 179 5
29 166 9
1 186 59
185 145 9
186 63 17
193 25 8
141 162 4
25 196 15
100 45 20
183 69 15
108 1 11
148 1 8
167 37 11
1 166 28
62 1 4
112 1 15
43 66 16
136 131 11
52 1 11
66 57 10
5 42 1
1 6 9
157 58 11
70 43 7
186 93 10
136 34 8
47 56 2
139 185 5
118 38 11
1 14 12
83 123 10
83 1 18
1 169 19
110 162 4
146 199 6
90 166 8
1 43 70
