200 500
9683 13697 17071 9914 19677 281 17339 24643 4557 18515 16744 26094 12695 21435 15749 24949 253 20488 273 23904 6717 26503 28275 9220 5695 24727 19169 14073 9093 451 2760 20678 12473 26295 3789 6790 21718 515 28182 22382 22691 29467 3640 15453 8389 14656 2911 2987 13273 3046 10643 349 29214 28044 21503 709 19637 4507 8776 906 4304 22082 914 9682 19038 10591 24017 8990 25481 936 23611 7574 11751 24017 28954 1584 16896 9297 4859 7226 12706 17088 11605 28854 29524 9059 2930 29476 26579 5717 21087 17128 24480 26014 12099 13185 14320 9630 20274 16401 29801 18448 19609 5355 10031 28015 28963 13858 3126 17078 8476 24199 28804 22482 2476 22554 22921 24352 20545 9159 26842 14068 20812 25123 17498 6386 2927 24529 22206 27971 17661 24985 8398 4958 21923 9009 205 11907 15255 19252 25195 8731 13344 27790 6503 28956 27875 14017 20331 9199 7382 5717 25055 13655 23185 12789 1186 10325 22894 23518 16486 17511 966 792 9258 1250 28712 22371 19080 17021 18680 29986 13650 3915 22376 12361 19920 10446 24692 24556 15742 10663 17965 21824 6642 17871 27279 17624 24730 20791 15724 16456 4837 15941 3289 15331 16665 11531 17985
62 193 48
135 182 100
167 120 8
162 18 30
176 7 1
174 67 36
51 154 39
96 138 30
85 110 25
134 73 40
62 38 51
189 188 13
162 161 26
89 60 15
159 105 3
79 89 5
148 128 5
159 40 35
177 55 6
28 189 8
47 99 6
17 104 23
166 125 24
129 55 17
116 124 52
38 146 56
33 117 501
175 63 410
175 144 410
179 21 23
75 80 3
192 106 58
108 173 12
42 39 16
197 82 12
23 77 18
99 195 84
171 94 249
185 56 472
163 24 197
121 11 501
137 139 6
170 77 40
30 168 27
23 70 9
174 140 6
144 5 402
16 136 9
48 65 12
167 161 15
147 1 501
85 14 14
160 138 67
110 96 26
165 172 17
171 200 501
41 100 24
200 46 207
125 157 12
50 56 5
33 196 2
174 11 45
11 156 501
188 86 26
107 27 11
69 68 440
24 95 185
152 31 86
145 60 33
63 68 428
101 91 7
191 178 349
13 60 16
92 90 139
5 72 395
142 131 14
51 3 40
151 127 24
98 63 13
8 68 6
171 83 8
198 82 19
97 164 1
97 187 6
35 48 10
87 134 4
39 183 16
44 129 446
2 184 4
40 94 252
30 180 11
53 29 6
59 134 33
101 10 3
124 86 31
59 18 29
54 131 23
135 176 96
12 173 79
186 199 15
49 6 26
129 185 474
21 126 30
114 179 12
45 149 7
113 102 47
138 190 43
170 192 51
73 102 43
76 74 12
191 155 115
61 171 19
106 11 56
107 15 18
166 77 26
93 182 104
181 200 9
111 157 8
61 165 17
195 127 80
122 109 56
3 198 25
147 121 501
45 172 12
37 72 385
116 191 61
36 117 501
183 151 21
155 30 113
16 143 4
123 98 9
124 75 12
25 112 32
20 100 19
30 32 2
90 191 147
184 178 347
169 184 358
54 92 132
41 190 32
167 58 9
116 137 8
66 84 8
158 53 52
3 187 13
44 132 450
193 4 8
146 119 161
69 150 9
160 30 80
40 1 288
19 168 15
9 42 10
103 13 7
132 69 439
130 191 35
31 176 91
33 53 501
78 197 7
70 57 1
56 25 496
118 49 22
148 53 501
52 194 5
36 25 501
20 136 17
145 141 9
112 6 32
12 152 83
173 109 60
54 99 94
22 128 4
113 127 55
87 71 1
46 163 193
126 193 37
64 91 12
26 179 8
158 145 50
130 15 25
26 194 7
19 115 8
93 146 114
133 14 11
67 34 17
148 156 501
81 142 4
64 34 10
88 111 2
154 122 46
118 65 14
123 153 2
186 67 18
119 95 179
43 169 12
74 17 14
169 37 384
199 84 11
104 159 31
