200 500
5301 8290 11268 22624 10062 24228 9785 15208 29870 5460 14754 26000 20419 12481 23563 26687 25374 19009 22658 28143 14074 21937 25908 7717 471 24778 24283 22266 5708 8957 6024 7654 13769 23014 1496 9064 18601 25476 3643 14640 29125 20585 18175 13694 8121 2902 23837 21769 29465 8768 3732 29866 7810 14745 29716 22615 29578 22148 25350 12181 6219 19222 13659 8048 20370 28470 16636 19813 11491 18382 8513 23279 9168 13986 19615 12412 17146 10351 9863 4392 472 5511 9290 25977 3276 21115 23577 9793 12053 21794 22093 12560 20120 28803 24592 9547 1061 5622 5291 6738 19766 13292 20691 918 28655 9240 20963 9422 10544 10155 7166 29876 20676 28943 23299 11785 16215 24521 1647 15219 21298 20791 9144 18083 10569 9877 15203 17816 29912 6950 13024 24126 28898 24577 5121 21174 17539 14635 21520 7750 8133 27859 22295 5757 29363 16271 1780 1051 25783 6030 27820 19296 25143 28975 22031 10398 18898 1021 25961 1523 28411 20074 6599 28721 22814 12712 18317 4376 24814 7282 5893 4860 6928 12121 27245 27430 21388 13112 8274 7725 11588 21145 23260 27965 1056 10320 19543 13544 2195 7513 15947 23058 15284 28260 26169 21371 28188 25095 18593
32 58 1
1 144 5
53 73 1
11 111 2
198 123 1
113 104 1
10 30 1
23 111 2
6 168 1
158 93 1
167 148 1
94 184 1
134 28 1
78 34 3
52 100 1
11 26 1
172 103 1
111 126 1
86 197 1
87 20 1
184 157 1
147 18 1
155 29 1
118 96 1
191 37 1
30 162 1
145 110 1
182 117 1
57 111 1
18 173 1
48 61 1
153 20 1
42 181 1
159 23 1
136 135 1
55 102 2
165 150 1
78 187 1
21 179 1
89 115 1
25 199 1
128 95 2
192 193 1
141 128 1
14 157 1
63 38 1
157 152 1
120 191 1
108 94 1
9 167 1
36 190 1
101 155 1
87 67 1
35 187 1
110 157 2
133 21 1
182 110 1
172 118 1
109 97 1
156 132 1
144 84 1
1 87 3
87 63 2
97 25 1
95 107 1
180 43 1
12 87 1
185 164 1
83 191 1
31 74 1
60 125 1
51 147 1
132 63 1
144 111 2
88 73 1
186 74 1
39 42 1
95 172 1
148 4 1
45 34 1
69 62 1
188 149 1
28 2 1
55 63 2
7 78 1
27 28 1
100 125 1
26 122 2
73 138 1
177 134 1
8 149 1
92 64 1
20 136 1
128 191 1
122 200 12
40 110 1
130 55 1
70 15 1
122 105 1
47 24 1
78 193 1
97 86 1
41 170 1
64 200 1
115 176 1
157 144 2
32 22 1
82 165 1
32 72 1
119 132 1
7 52 1
149 68 1
189 194 1
182 194 1
113 115 1
95 98 2
54 129 1
67 21 1
82 186 1
175 74 1
191 6 1
193 91 1
190 181 1
128 19 1
21 174 1
99 149 1
15 17 1
53 110 1
13 24 1
18 30 1
137 75 1
157 169 1
55 170 1
20 16 1
30 171 1
153 160 1
161 136 1
42 76 1
95 1 6
30 129 1
49 102 1
185 146 1
34 196 1
130 151 1
52 65 1
54 166 1
76 59 1
98 74 2
150 158 1
135 131 1
44 183 1
62 180 1
75 116 1
109 140 1
122 178 1
114 121 1
85 59 1
15 175 1
23 176 1
189 90 1
34 154 1
112 47 1
33 98 1
74 62 1
194 66 1
144 56 1
74 68 1
127 153 1
195 1 1
167 118 1
183 144 1
10 143 1
177 81 1
168 124 1
34 59 2
77 144 1
95 78 3
102 101 2
110 121 1
3 183 1
191 75 1
10 59 2
50 163 1
142 14 1
61 14 1
101 86 1
33 46 1
71 34 1
159 134 1
139 31 1
123 141 1
200 50 1
79 150 1
76 47 1
7 5 1
80 107 1
10 32 1
106 53 1
182 164 1
