200 500
17872 6056 3793 15729 17356 24819 17068 14861 14430 842 8964 29648 29426 13944 18413 7962 17313 16527 430 4459 25903 12926 2400 7783 25910 20688 12629 17166 6589 8069 26266 14007 1855 21704 10013 22041 13702 2040 3112 13373 18165 3800 5775 20802 7949 16614 17056 8481 10639 23741 10737 27044 13598 15296 615 1349 19078 10189 14061 9257 4623 8802 15243 9626 3276 26563 10591 7012 21517 11261 11959 28371 3079 19215 4868 3582 27384 8395 7379 23452 17211 29671 17723 16310 17412 13367 10074 28875 3824 7093 16113 12794 23145 367 7455 7183 2771 21322 7587 3006 13945 1664 11242 22634 12764 7470 6603 21154 25666 20362 9560 4107 25851 19917 21178 9298 27725 5533 10143 12593 21502 23945 6807 28239 11447 23857 17858 3951 19699 6217 2364 7587 19595 13515 12921 26674 26404 22273 16038 137 14201 8690 13255 9254 25973 5885 12809 11634 5267 14126 25873 9389 17091 16352 14247 21427 13055 19571 29521 8740 28072 27771 8226 25314 9472 10550 27817 15675 3690 12510 12651 28784 1210 26615 21249 6461 9314 8846 7991 3737 3102 24354 13908 28882 2442 27976 3780 5064 21346 9174 11946 3861 12855 7427 15066 24749 15789 5054 23093
32 184 43
185 78 16
191 110 37
150 131 39
185 69 5
152 1 111
107 135 3
194 156 11
3 45 19
131 145 12
150 177 19
56 5 7
178 47 5
121 193 14
32 169 211
56 77 27
105 87 11
146 152 21
132 128 23
193 14 13
60 145 7
85 115 19
1 190 31
102 168 7
163 96 11
155 177 12
175 51 24
30 114 11
42 161 4
23 27 6
36 190 5
72 27 5
176 33 38
32 167 28
4 45 17
162 24 2
38 170 8
162 125 12
21 194 3
13 171 7
109 143 32
155 98 2
79 32 4
47 62 47
82 132 8
84 62 21
187 100 20
184 75 9
152 68 13
3 153 15
34 144 10
103 77 1
144 131 27
124 140 7
74 113 11
187 67 13
84 126 5
190 172 6
131 159 9
87 49 4
169 8 7
143 99 16
88 190 5
115 55 13
184 9 7
186 127 26
182 188 3
85 113 33
70 150 10
32 71 5
22 146 12
26 144 11
132 54 13
25 64 11
78 168 18
151 89 8
53 165 10
40 13 18
56 25 15
109 124 41
191 169 39
187 147 41
76 137 12
152 181 3
19 15 7
59 52 6
37 84 11
77 15 13
34 111 8
132 32 40
58 174 47
62 170 13
174 196 52
76 162 22
169 56 501
113 189 16
63 3 5
141 131 181
179 30 5
152 90 2
6 87 19
182 155 3
100 81 10
131 127 35
135 68 9
44 195 4
51 199 7
141 7 11
33 76 66
28 190 6
97 29 9
91 12 4
47 76 153
116 153 11
30 198 8
20 104 6
89 119 13
118 150 12
48 45 13
142 109 6
148 55 7
27 186 17
32 174 96
138 110 12
158 76 10
76 130 12
143 59 12
149 85 5
2 190 8
56 1 501
186 166 5
45 46 5
129 17 3
124 89 52
117 43 22
11 119 1
175 134 36
196 134 45
97 133 6
177 31 5
41 196 6
189 97 13
62 40 20
101 45 2
93 17 6
183 119 12
147 197 10
131 147 64
117 154 18
45 1 57
169 76 269
170 112 4
199 192 6
180 56 4
30 121 24
43 184 21
64 50 6
35 51 10
96 128 16
94 6 34
47 89 97
156 147 18
106 85 6
133 66 2
116 39 1
53 176 19
167 83 24
122 33 8
4 12 9
57 147 1
139 176 8
73 83 12
17 154 11
78 1 40
92 123 7
108 186 4
80 33 4
58 121 41
89 195 6
42 77 13
33 160 12
20 48 7
113 152 66
10 158 7
157 4 11
113 120 5
141 94 38
174 95 1
136 99 7
86 100 8
54 16 10
61 194 4
164 130 4
173 89 14
18 6 8
123 110 16
200 74 501
141 169 227
65 59 5
