200 500
3999 21888 14989 15939 4221 19573 14600 872 13283 27035 3758 3727 6264 23983 9554 12672 12849 27188 19099 851 7820 12771 942 29161 10239 23977 4619 7434 273 19191 28190 4942 22013 13669 10931 21000 2998 337 19065 29683 27869 23554 19530 14069 670 8731 14110 118 20427 29635 8977 24354 7691 17701 18907 4505 18410 20517 7597 28532 25969 12892 16048 11652 27731 19323 18051 15602 23373 16687 15363 19510 7464 29901 24253 24258 591 14039 3419 21525 7071 23601 6910 27739 1534 2866 13402 25194 15463 20985 10917 9010 16602 2863 29836 28584 16600 7285 22320 25572 6796 9481 26276 12193 20648 20096 4695 28365 21891 1494 4669 10285 6389 14158 25935 11843 6753 63 8789 20062 3915 27323 352 20024 13961 28287 14073 23004 16831 6972 23621 10462 22549 14904 3485 27260 14059 2602 1027 12754 22445 11353 24156 19863 21510 8699 9199 2616 1686 15522 27536 11456 14328 9540 19600 27241 7489 3240 6840 15574 9809 16276 7988 27803 29982 13150 16604 25337 20184 26759 4354 25275 13543 11298 16826 16716 9226 26031 14928 15722 16766 8232 3162 16334 12825 13520 593 13973 6154 126 10973 27225 193 19846 8791 5333 2568 5735 9970
12 117 6
144 9 1
181 152 58
77 70 9
185 160 8
75 160 15
153 32 17
3 31 18
31 32 29
169 15 65
104 81 32
47 110 5
14 136 2
109 73 7
171 137 10
109 181 38
194 136 1
15 161 7
109 143 18
92 50 22
76 69 14
175 74 7
20 160 15
152 15 70
80 69 7
116 144 18
150 51 13
28 54 3
82 74 3
130 121 10
150 54 36
97 130 12
61 1 13
1 45 7
91 127 9
33 63 6
192 166 13
56 171 23
167 68 7
54 14 31
114 37 27
165 15 17
16 155 4
155 163 9
46 189 7
8 55 54
76 39 1
124 30 1
119 55 1
186 66 13
80 196 4
130 169 34
78 17 1
122 4 18
52 66 19
37 81 120
180 164 14
149 34 2
179 13 44
38 175 2
160 100 40
44 23 7
170 3 8
193 190 12
133 35 7
148 174 6
81 148 50
169 60 12
86 178 22
49 83 29
172 110 3
154 41 7
148 192 30
12 31 250
7 48 35
24 3 1
116 100 96
107 20 10
70 104 23
147 40 4
12 17 7
8 57 67
4 42 10
130 71 8
114 92 26
108 152 2
138 192 6
153 95 2
153 62 12
72 175 12
2 135 3
176 70 8
158 53 4
99 55 4
67 123 9
169 103 8
135 164 8
37 1 181
37 48 38
98 190 7
3 197 2
133 13 11
46 13 7
143 79 7
41 129 18
144 183 4
142 180 11
199 33 3
50 141 7
110 118 4
18 103 5
33 162 17
113 4 5
195 94 6
13 106 24
125 88 7
36 165 5
110 116 21
29 182 4
122 25 14
177 85 11
188 143 1
100 31 407
191 198 1
186 6 9
57 40 51
7 182 10
105 106 7
116 101 10
30 76 1
145 139 2
55 126 6
131 44 15
184 13 2
157 181 18
146 59 11
81 159 2
75 200 501
64 52 6
100 15 501
179 198 2
187 150 6
58 13 8
127 12 73
66 55 39
129 127 26
86 131 18
27 60 11
100 162 47
49 19 30
43 195 9
53 178 14
31 57 119
34 33 10
11 177 19
106 90 7
120 131 4
128 169 8
157 132 9
56 162 28
50 156 8
122 111 2
69 87 2
7 123 20
10 6 5
72 26 5
125 116 15
4 1 44
115 4 6
54 96 12
14 164 26
127 178 36
89 192 10
175 167 17
22 106 4
150 59 18
134 52 11
5 110 8
12 54 76
76 15 22
144 93 5
179 19 39
83 84 3
140 112 3
140 150 3
65 1 6
11 81 30
12 179 95
143 145 10
8 173 12
195 116 28
21 66 1
190 83 21
148 163 15
175 40 39
15 1 501
168 167 8
195 151 8
102 25 3
