200 500
24801 18683 9619 20890 15374 10245 19658 3507 8969 28880 592 24458 24707 26784 29024 410 16901 2363 25421 3542 14375 12438 2421 21252 6914 11067 14925 18294 16668 20922 26575 15021 2672 18936 7300 27298 21809 434 14167 15425 7653 8141 1689 21463 7644 13629 9847 6487 12427 18294 11057 15404 27758 29750 2658 8910 19047 27789 5226 6349 9225 468 10065 6483 7480 29449 13900 20029 16630 14090 20402 21167 25770 5638 22707 4796 21857 16404 7015 19160 6190 8091 492 18911 22644 23119 28198 28639 29157 24842 563 7809 6630 28849 2510 15366 5021 29540 17290 29355 17721 22960 845 22625 16995 22527 27129 27322 21651 9812 20932 9020 19138 19372 21399 18769 26019 21881 13433 7385 28982 14863 1917 12875 15954 10726 16868 1343 8893 19274 23000 3718 2652 5765 11646 13303 11051 24781 2977 25726 10245 19741 19024 24 7677 11998 21108 5860 802 7846 3889 16006 1911 26560 6843 5646 14818 7568 20121 24698 10468 19328 20297 327 3045 22567 26676 25481 9896 6005 6292 27033 19387 109 14554 25304 21080 8393 14380 7639 4993 8038 15720 25455 11575 6647 6888 4458 18462 28435 21297 20027 7249 5292 4983 672 5334 26848 6322
40 1 20
130 108 11
1 171 3
66 177 10
85 146 11
1 113 5
152 7 2
78 119 12
146 80 3
57 23 5
125 66 16
195 66 25
14 89 10
45 105 9
190 54 11
66 178 11
111 38 4
1 134 2
59 173 12
164 5 10
36 15 4
189 96 2
66 17 1
3 1 16
149 38 4
181 40 13
1 2 11
41 1 7
1 9 2
105 1 37
76 68 9
66 1 99
128 1 7
195 141 10
43 119 5
130 1 15
91 116 10
47 30 7
144 155 19
1 139 11
1 136 13
1 53 21
104 59 8
187 44 17
73 1 9
61 66 4
146 58 8
140 1 2
1 182 2
1 60 3
120 44 6
131 136 9
93 59 3
34 110 8
1 75 3
70 1 20
122 7 15
157 1 3
15 150 1
1 138 9
46 1 4
1 164 18
167 1 10
3 143 9
1 122 30
137 187 6
83 1 4
146 74 12
1 37 11
1 11 11
62 1 4
4 138 4
179 66 5
169 21 11
112 66 9
25 144 8
64 1 5
158 70 12
84 1 1
1 97 7
187 67 14
85 24 2
1 185 12
180 133 3
1 121 4
184 66 7
1 144 143
124 22 6
14 1 22
1 38 49
63 1 1
19 1 1
162 1 6
1 165 1
191 188 11
159 1 8
28 1 6
6 1 7
159 10 4
1 146 64
44 101 11
144 69 8
117 53 9
180 1 8
200 1 501
1 96 3
15 156 16
161 56 2
170 144 5
1 99 13
188 1 13
144 68 19
200 98 2
194 1 3
123 1 6
1 95 14
145 1 1
146 129 2
38 103 19
1 72 9
16 1 12
153 199 8
156 71 7
30 144 24
38 35 9
100 158 7
32 1 11
21 78 26
1 187 37
155 51 9
90 195 13
21 126 8
21 26 3
183 48 4
30 20 12
21 106 8
1 49 3
124 104 8
195 39 1
1 50 7
156 1 23
161 1 12
53 160 10
105 190 20
81 1 9
186 1 5
1 168 21
42 1 4
148 52 6
175 49 1
160 77 3
102 66 9
193 1 8
142 144 6
1 176 7
7 23 9
1 172 4
8 66 9
168 86 9
21 1 52
66 197 1
1 198 3
1 110 19
144 116 21
1 87 10
78 174 9
127 1 5
146 107 9
115 38 9
29 34 7
1 196 3
48 122 7
1 82 3
192 132 9
118 125 12
68 147 5
12 21 1
1 92 1
135 118 3
151 116 4
79 1 8
27 144 5
148 1 15
1 18 8
55 103 13
109 181 12
88 146 11
154 1 1
144 13 11
1 94 3
163 1 10
31 1 10
66 114 8
59 144 32
166 138 2
199 1 17
146 132 17
65 30 4
1 33 7
