200 500
7572 13517 11350 671 20683 13383 6306 13534 26961 3651 3054 28831 27173 9708 24176 24724 10170 26900 7707 11950 10181 26297 25379 14916 14773 15659 16442 18310 17048 311 13701 17057 15066 4359 20298 2683 22377 28158 12568 11979 26853 6167 9732 19211 18034 6876 14884 4218 29047 12281 8823 20608 8161 17569 15756 19316 3803 24408 24215 2272 28155 6387 16608 15703 16863 9715 2923 24523 24810 28220 17839 439 25177 1614 12692 6025 254 27149 9460 6799 18914 19960 4096 14139 5023 11681 25222 2135 18756 29830 28949 28890 9703 18206 3459 17190 24485 23727 9295 18973 2816 27140 2793 6012 15915 3009 14436 18795 1879 28422 2636 5300 21517 7723 19086 14094 19646 19112 28683 16674 16660 2595 10178 17340 12535 11625 9418 29669 8572 14016 25219 17157 8686 11186 7005 24778 7438 8283 983 12447 16456 21581 3591 21836 19992 17108 3949 683 19174 28168 22509 21398 628 27520 8338 29407 22938 28383 11658 6462 5317 16793 19959 18155 14954 22901 17743 24529 22511 18081 20308 4559 7029 3591 6054 11558 20267 17244 18483 1138 24458 17664 2759 21982 26145 5085 812 23612 1500 9405 14707 12393 20202 3625 6055 27206 11575 22546 10948
66 153 16
166 76 9
56 21 43
100 52 92
103 13 29
116 63 30
136 49 275
95 31 8
41 144 20
27 187 3
80 122 71
131 126 31
21 197 37
11 188 114
86 169 416
192 13 7
177 133 22
134 7 4
194 139 453
113 9 83
22 156 364
62 23 34
197 185 29
28 191 4
124 37 21
27 123 2
18 44 4
16 139 450
169 152 419
148 85 7
178 121 19
195 111 10
69 114 19
194 199 464
45 102 2
127 17 10
159 65 11
81 156 36
43 179 13
198 47 21
6 87 6
43 98 16
39 97 85
91 149 62
148 46 7
153 180 9
125 73 36
107 154 31
42 82 10
106 1 501
59 158 8
182 184 32
63 109 33
44 29 8
104 30 33
172 84 50
22 147 43
39 70 96
135 51 6
2 24 12
152 31 141
173 22 299
154 8 6
89 109 42
130 67 4
40 84 69
115 8 4
138 171 12
61 9 62
79 56 177
77 130 8
189 133 17
92 14 10
183 11 216
29 149 77
29 5 1
156 96 413
151 110 2
15 42 21
6 4 15
20 76 5
99 58 13
146 179 7
51 16 446
30 177 28
140 145 239
7 129 10
90 91 18
145 196 4
137 112 10
195 57 13
144 149 20
72 74 39
162 150 49
108 45 7
59 84 125
200 54 501
105 55 9
28 200 43
10 167 13
183 143 234
32 11 18
128 41 16
34 161 4
24 117 22
90 186 12
163 94 61
116 166 26
182 92 24
120 83 9
104 147 34
32 141 11
124 155 19
65 62 16
103 167 21
71 173 290
26 113 437
142 121 8
140 79 188
150 163 52
46 35 23
96 190 402
184 178 27
113 125 501
184 50 60
40 117 28
49 71 281
89 22 40
114 73 27
12 53 97
112 9 10
80 13 63
174 82 3
15 126 23
64 121 8
62 88 10
125 106 501
107 143 33
72 172 46
136 145 244
98 60 25
188 33 8
40 164 39
77 170 16
66 175 22
141 118 8
74 129 29
143 152 274
25 155 8
171 136 27
28 60 32
173 3 7
127 48 7
97 122 77
168 170 8
181 120 88
47 4 18
69 132 11
100 181 86
105 171 9
78 7 1
29 11 97
38 129 10
166 151 13
99 160 22
199 106 463
75 20 1
175 13 24
193 92 5
37 101 7
128 157 13
198 190 23
138 34 10
131 91 34
19 58 11
188 119 110
73 93 12
154 37 27
94 61 62
45 53 107
45 160 26
119 70 99
81 165 30
56 59 132
50 120 69
36 189 10
140 54 48
190 51 436
68 50 2
45 31 142
164 46 37
11 176 3
27 2 9
12 52 94
165 77 24
86 26 432
162 23 43
35 17 21
185 57 21
