200 500
8450 27560 26941 23367 18151 14095 18113 10938 29880 7016 6868 5838 6897 24635 25470 20611 9525 28022 24074 928 21745 27622 3794 1228 26948 20461 17682 18852 28066 10162 7575 9305 3410 5940 18390 12132 26881 26777 1175 26978 22415 24302 545 10880 20806 6787 14806 9456 26449 17659 8341 17462 29561 29278 17678 13227 16294 12989 21224 13582 28095 28689 26093 18500 19871 14898 29215 29118 8944 3500 17721 2837 12350 5603 23521 8549 14730 6991 24167 1356 10814 29134 18877 10014 2467 533 13539 2362 17182 13454 25236 14946 5155 26728 14828 21429 20101 417 11655 4580 19130 12095 26092 16663 26319 8575 22064 28715 19825 8948 11587 29396 19620 18146 5302 18349 15914 26054 9761 24438 20120 7664 7487 7895 18297 24938 14977 8796 24139 1079 9383 23322 5217 824 7967 1032 6087 9660 12101 11243 9964 13306 23568 1419 23443 17794 3316 16114 5965 16978 4048 1000 3507 27413 14037 12671 9699 29880 11275 24711 27491 13662 3445 25429 17881 23502 29903 4718 29450 16376 14310 5177 5136 10883 29236 26408 6528 3892 4930 27158 19509 1148 6202 7223 8344 20485 8019 14720 28040 10814 16064 14260 21949 29907 4196 14106 17282 29814 2771
178 10 6
104 3 50
5 145 9
9 101 5
88 175 10
96 184 7
27 37 9
116 159 13
189 128 6
49 99 1
8 139 13
78 35 15
173 152 2
198 162 10
125 12 4
62 148 2
11 185 4
132 115 7
7 103 5
142 77 4
175 93 30
184 32 8
128 56 12
30 121 19
3 31 26
161 97 26
81 134 2
198 106 17
160 156 7
89 106 8
168 133 212
176 135 11
116 92 11
163 174 16
179 120 5
130 200 501
18 47 5
66 175 8
10 195 10
28 73 11
193 36 8
95 191 21
182 95 8
177 58 7
183 95 22
41 104 16
194 31 10
196 114 8
46 101 9
165 80 10
1 123 98
113 2 5
132 63 21
158 3 110
166 37 115
110 116 10
40 1 36
122 153 9
1 21 4
95 135 18
20 116 36
34 1 2
139 137 1
123 107 10
60 100 10
166 170 12
200 151 7
24 146 65
30 123 29
166 61 7
144 79 3
168 4 19
161 130 17
180 193 3
160 38 13
153 1 10
45 78 4
81 171 7
42 12 7
20 168 51
166 1 148
190 68 11
93 37 86
190 154 3
102 144 13
181 142 14
142 78 138
112 158 5
81 133 19
16 98 8
76 62 10
97 40 33
165 168 157
198 164 3
7 49 5
38 43 10
24 83 11
106 123 65
95 165 95
78 168 175
169 156 2
57 44 1
168 7 19
167 191 10
146 138 68
188 59 6
175 82 6
128 104 25
4 192 6
3 62 21
40 118 7
15 1 10
13 53 7
141 100 4
73 86 2
63 5 74
1 71 15
174 64 11
143 52 7
158 42 21
188 158 148
37 155 17
88 129 5
41 105 6
85 175 6
163 50 9
84 89 7
168 5 501
133 188 183
73 187 8
159 70 4
78 55 13
165 72 7
29 155 7
124 165 8
149 117 7
16 158 18
47 165 6
93 22 8
60 67 5
24 32 22
8 60 19
32 149 15
123 150 3
26 166 11
28 142 19
93 13 10
147 145 9
33 60 5
17 139 9
91 7 6
173 52 5
10 142 103
131 28 1
3 172 13
74 116 5
90 172 8
188 177 18
14 21 4
11 5 6
71 199 13
135 65 9
54 24 11
20 179 5
48 56 7
75 181 3
119 81 12
25 52 1
19 35 15
23 101 11
108 188 9
69 10 10
109 165 12
126 191 8
63 174 51
7 87 1
136 19 4
1 5 501
6 51 9
111 4 5
102 165 20
106 38 32
93 60 42
132 127 10
178 186 4
57 124 6
188 196 10
197 42 6
140 51 13
52 113 15
39 121 10
110 94 3
10 138 72
174 101 25
107 157 6
52 95 25
193 31 16
190 183 24
140 24 17
