200 500
28278 24174 28315 10156 4902 20359 16246 5901 8188 5290 22953 14030 22533 4346 25221 927 27401 8414 21179 12677 5088 3581 18127 1543 19662 9069 23758 26636 9415 3594 26688 3055 1535 2623 13589 24765 13301 22291 19816 5208 3714 14213 2335 29269 22958 22213 13737 2118 28034 27003 14052 10530 11120 11842 20584 23519 20751 29140 16481 29766 26839 27789 14953 17883 7749 4823 179 277 277 11694 15630 7557 12178 23705 18202 22078 4124 11037 21060 27445 10315 21035 23085 26450 3668 18792 9059 17765 16217 8507 24726 15041 17602 25585 19536 22939 17164 14961 9764 25270 19653 10179 18433 10415 25255 5466 293 26009 3751 22677 24232 20961 15776 8874 25597 16240 13447 605 14677 9578 17449 9367 23514 17568 1614 28709 90 22067 16071 985 1921 11305 16925 29728 15527 20593 21520 9081 14311 14119 27519 13039 1878 10787 18513 3567 8282 2371 7286 11401 13322 19357 23967 18658 16713 6733 6812 2324 25892 16186 24240 13239 4952 27690 7241 26873 13340 9594 27086 1444 15925 7939 13285 796 16772 4255 10909 27684 2534 22760 10708 4485 22686 23465 12420 18896 14585 172 2870 18446 15690 15960 13010 11863 11209 17139 27835 13444 19830
97 1 2
14 64 1
132 94 1
146 21 2
155 24 1
106 49 1
103 129 1
152 199 1
126 157 1
59 12 1
105 116 1
60 47 1
129 51 2
25 174 1
107 182 1
18 71 1
22 164 2
122 181 1
41 198 1
169 28 1
44 198 1
84 69 1
17 101 1
194 33 1
157 6 1
200 165 1
83 79 1
178 99 1
117 100 1
4 59 1
179 138 1
184 180 1
125 90 1
22 15 1
129 187 1
31 148 1
159 149 1
142 104 1
2 61 1
143 187 1
58 151 1
54 191 1
26 40 1
36 37 1
3 185 1
130 131 1
158 57 1
68 101 1
183 164 1
136 60 1
114 19 1
26 18 1
80 97 1
51 164 2
186 81 1
129 35 1
63 103 1
35 130 1
26 67 1
46 154 1
121 166 1
156 179 1
20 183 1
10 56 1
61 117 1
20 76 1
55 25 1
70 47 2
118 5 1
22 110 1
12 115 1
134 1 11
11 181 1
147 167 1
48 188 1
45 166 1
198 18 2
101 103 1
7 69 1
134 198 3
5 168 1
176 73 1
38 105 1
18 52 1
65 13 1
198 156 2
150 125 1
185 60 1
87 1 1
134 140 1
128 181 1
139 21 1
19 39 1
97 106 1
151 106 1
33 120 1
108 81 1
22 186 1
67 175 1
72 198 1
154 142 1
169 155 1
168 21 1
133 93 1
3 50 1
6 143 1
182 65 1
49 137 1
63 173 1
16 44 1
140 195 1
151 96 1
88 1 1
30 134 1
190 81 1
129 134 4
134 98 1
180 148 1
47 113 1
116 81 1
52 172 1
148 54 1
156 8 1
130 74 1
73 169 1
88 162 1
21 12 1
54 171 1
30 149 1
171 93 1
102 155 1
38 62 1
166 89 1
10 170 1
114 144 1
145 73 1
25 73 1
163 73 1
95 200 1
112 45 1
80 83 1
66 185 1
197 19 1
170 15 1
156 188 1
123 63 1
175 29 1
141 153 1
6 86 1
67 43 1
135 132 1
33 168 1
100 69 1
57 2 1
135 189 1
183 99 1
70 21 1
1 94 2
91 111 1
77 132 1
160 180 1
134 54 4
75 44 1
129 166 1
83 127 1
97 124 1
94 104 1
148 27 1
171 42 1
111 83 1
94 125 1
85 9 1
181 73 1
117 169 2
146 198 2
169 200 14
37 34 1
23 121 1
14 83 1
54 169 3
33 82 1
155 85 1
22 19 1
199 20 1
55 193 1
199 196 1
177 138 1
53 19 1
109 94 1
92 100 1
153 85 1
38 32 1
65 161 1
134 182 1
167 114 1
1 119 1
37 188 1
192 168 1
78 1 1
