200 500
28241 13566 1768 3480 26263 2712 22217 23540 978 22891 667 7153 3054 1992 23444 26908 2422 28829 20907 26265 4258 4542 10153 17855 19601 6990 18718 21934 6659 13639 3138 10259 25830 19326 21382 28813 3235 8922 20438 7571 5342 20078 3051 27283 25375 5923 17909 7365 28326 12301 15630 25787 17915 16558 7897 18077 26522 16917 1967 2679 27252 14435 26191 29335 13651 10640 14167 711 29511 29047 14519 26914 28433 28817 26559 18254 19410 3365 24132 19644 5028 22153 12750 28757 17251 24751 12921 3558 13816 21715 11689 25499 3311 13551 17370 15752 28825 20267 6228 13159 22181 25327 7581 7138 21806 15256 15593 14235 29433 15992 26644 6607 27186 9087 7126 3284 8742 4378 14497 14789 14138 28154 24449 23943 9502 3508 17530 1740 976 20339 26592 13507 10253 21829 12596 20294 22957 14129 11681 27016 4018 12687 25167 13988 4787 7346 8251 22190 19098 16577 17923 26668 20602 11661 17585 7546 19847 28283 6760 19262 21148 17356 16995 12581 14797 15902 27668 1326 16686 20755 22392 20670 18752 1148 15235 15476 7415 20893 1545 25224 10843 3729 9717 23727 11152 16274 5506 15799 4839 22142 15112 24610 9061 20682 2348 12595 18546 384 901
123 1 11
1 61 2
1 141 11
164 1 7
1 24 4
1 60 1
1 103 11
1 85 10
1 135 10
89 1 2
1 153 10
1 59 8
1 2 13
1 148 5
1 81 9
1 16 11
108 1 6
169 1 2
1 155 5
146 1 3
1 27 3
1 137 9
1 41 4
105 1 4
1 93 11
69 1 1
25 1 7
1 110 10
1 8 10
1 187 6
1 106 10
1 190 2
42 1 3
196 1 2
1 118 4
1 117 2
1 150 8
107 1 6
1 14 2
94 1 2
79 1 2
1 199 1
75 1 13
1 74 11
78 1 9
50 1 12
1 31 7
1 167 7
193 1 11
1 102 9
128 1 8
1 34 10
1 82 3
1 64 11
48 1 7
1 121 6
1 174 8
1 144 11
70 1 12
1 80 9
1 198 7
1 45 11
126 1 4
1 119 3
1 173 10
54 1 9
143 1 5
1 172 9
1 18 2
1 88 6
1 11 9
19 1 10
1 63 6
7 1 2
46 1 10
1 35 8
189 1 7
1 29 9
15 1 2
1 125 9
1 197 5
23 1 3
40 1 9
84 1 7
1 21 10
66 1 7
147 1 4
179 1 10
95 1 5
55 1 8
1 149 9
87 1 10
56 1 3
168 1 12
184 1 5
1 4 1
1 90 5
1 72 7
186 1 6
1 170 8
53 1 11
20 1 9
68 1 6
182 1 5
138 1 9
1 151 6
6 1 12
122 1 6
1 3 5
96 1 8
86 1 8
1 188 4
180 1 2
157 1 3
1 178 4
39 1 5
139 1 7
1 26 9
171 1 9
1 114 10
12 1 1
194 1 5
165 1 6
49 1 4
1 32 2
1 104 4
200 1 501
142 1 3
133 1 6
92 1 5
134 1 5
1 132 9
113 1 3
57 1 7
1 100 3
1 116 3
1 10 1
65 1 11
1 17 11
1 71 12
1 77 8
1 99 10
1 136 6
1 9 9
83 1 9
115 1 4
1 52 6
1 152 7
1 109 5
44 1 2
1 13 4
191 1 8
175 1 1
30 1 3
177 1 6
33 1 4
181 1 11
1 5 2
1 156 7
158 1 9
1 67 6
1 145 6
161 1 7
1 37 12
73 1 12
1 185 10
1 91 8
130 1 1
129 1 1
98 1 10
1 28 8
38 1 2
1 101 6
124 1 11
1 192 6
1 176 7
1 140 6
1 154 9
120 1 5
62 1 12
195 1 10
58 1 10
1 51 6
43 1 8
1 159 10
1 163 8
183 1 3
1 76 10
1 162 8
97 1 7
22 1 2
111 1 6
112 1 11
166 1 7
36 1 9
1 127 2
1 160 3
131 1 8
1 47 3
