200 500
192 6815 22578 9637 9798 8632 2560 5831 8411 21350 2701 25448 10113 20659 16297 2290 15544 3630 26324 20763 4113 18828 28362 7165 9712 24833 29717 21419 24751 19054 4531 26606 18784 3808 10692 24092 17632 636 14533 20494 150 9974 22606 19978 26856 24116 23632 8262 29180 26208 12854 20498 19521 19808 12290 14126 29213 29738 20297 356 16348 19268 21586 25214 2763 24467 27542 23812 6472 28348 22721 4740 22263 27274 24804 26023 23547 29501 13039 5481 9716 4092 22290 19325 5188 27654 20935 15989 26266 15554 9947 11600 13411 4261 5672 15978 15280 17025 2569 2529 13741 15538 23563 14600 10953 26336 8903 1394 23143 22684 10206 24846 19276 3796 47 29481 6136 6046 11373 28607 19651 13682 25151 15952 12099 9009 2325 24524 10127 25913 10452 9879 27605 29663 10106 17498 14312 15335 23426 1226 19382 27895 10822 9896 14285 28189 14885 29382 27628 18673 19786 14073 4280 6047 14702 21039 13275 21841 24005 23093 14614 11527 27965 26934 4789 24785 9972 27241 11442 5530 25746 3139 25565 20467 3055 29984 23992 9733 28115 4 19848 5713 24053 28708 6924 11143 8440 2911 19210 10715 16612 23666 17374 25933 14602 29644 11586 14135 3524
103 7 501
73 72 496
173 80 237
141 187 501
192 106 311
126 64 501
35 111 501
137 21 501
180 71 286
199 171 501
163 24 332
15 125 501
120 65 501
138 172 501
70 77 8
152 135 501
181 154 501
191 177 501
109 12 501
149 97 414
40 133 450
14 193 501
94 193 501
168 36 65
191 135 501
110 75 501
29 185 146
27 87 501
52 50 259
107 39 501
53 33 191
166 114 501
3 184 354
130 11 501
189 139 501
84 196 501
200 74 501
95 134 501
1 199 501
137 73 495
132 123 501
121 142 102
119 81 501
70 156 6
90 128 420
49 190 350
58 188 462
104 176 501
83 21 501
111 39 501
30 166 501
188 16 458
72 124 485
145 45 501
54 176 501
48 186 402
161 153 501
28 161 501
61 129 500
62 43 318
26 127 232
98 82 279
57 119 501
38 12 501
145 46 501
165 185 164
120 9 501
97 128 414
57 30 501
106 89 314
8 28 501
184 55 365
37 179 501
136 168 72
96 148 30
59 53 192
92 85 501
63 14 501
5 105 175
27 158 501
67 17 501
11 116 501
125 92 501
100 9 501
110 102 501
20 77 16
109 146 501
167 118 49
133 183 461
117 55 365
44 17 501
153 147 501
169 138 501
59 5 175
24 112 352
6 123 501
194 56 501
43 76 323
178 131 55
159 87 501
195 107 501
190 101 357
69 198 501
31 13 226
62 89 308
32 58 478
159 6 501
117 10 389
37 8 501
49 112 343
7 195 501
198 113 501
136 51 76
19 63 501
91 155 89
147 181 501
122 144 501
4 85 501
113 150 501
44 170 501
23 183 445
61 83 501
78 121 114
22 192 304
108 46 501
34 86 438
48 93 408
174 132 501
13 88 207
163 76 323
162 100 501
126 114 501
189 179 501
68 79 501
116 108 501
84 68 501
3 101 365
127 175 238
38 64 501
182 96 35
115 186 395
115 164 390
151 174 501
36 131 68
194 75 501
88 33 208
162 187 501
29 157 145
158 104 501
10 164 376
160 86 431
93 90 412
165 60 164
66 197 501
71 99 290
41 51 80
150 169 501
78 143 120
98 47 269
141 144 501
80 18 236
74 154 501
41 155 89
122 79 501
99 22 308
103 42 501
40 16 454
157 140 138
160 149 440
143 140 123
15 56 501
182 167 38
95 25 501
81 197 501
152 129 501
2 177 501
130 146 501
178 118 49
69 139 501
54 196 501
173 26 236
45 65 501
60 105 169
134 2 501
52 18 255
32 124 486
200 170 501
4 67 501
20 148 27
102 66 501
175 31 226
42 19 501
47 50 265
172 25 501
142 91 96
151 94 501
35 171 501
82 180 276
34 23 443
