200 500
18399 1529 13454 8768 6707 29016 20856 4782 3561 25064 28464 25564 21993 29827 8617 14977 9533 6603 24568 17109 22978 13467 18049 6705 26323 15149 20391 18933 647 12862 21151 10825 7403 27926 22297 12760 28618 5585 16723 14200 26004 271 29044 28449 3274 7190 28104 21689 20380 3951 26749 1407 9633 12105 27659 16538 26043 10344 16932 11942 21358 229 14192 21384 7190 25061 27388 7871 3627 5896 3193 27887 8472 21744 5387 27737 12207 22653 395 3285 3518 4426 19858 3485 14272 22878 15019 10453 9131 13565 2604 3859 14023 22727 9827 12361 22931 4098 19716 12433 4962 29397 4130 25390 18253 10336 6344 1752 15523 15332 19863 12208 29189 14498 17638 13844 4598 4661 20104 19462 28349 15641 795 731 23823 24762 26499 28903 8856 313 18439 22464 12891 13079 17389 3286 386 12221 13536 25232 11691 13297 13144 910 11134 22280 13694 25612 10765 2867 20682 6008 29142 17724 1059 5411 21010 26693 21910 21035 28474 29534 1563 22811 8203 2436 28490 18020 3437 5477 16793 157 17945 7879 20804 27380 13561 12648 11591 18561 28922 24336 10925 29767 12597 19474 15264 5977 10245 20704 12532 25993 19563 661 23852 13252 24842 26967 5504
37 114 11
145 166 14
82 135 9
180 187 9
152 99 3
64 83 15
85 199 501
111 161 26
162 170 12
164 194 16
25 179 6
113 115 29
119 199 2
149 37 27
9 1 501
149 191 9
18 166 12
2 95 8
110 109 34
196 104 6
181 93 28
112 161 13
57 167 12
151 130 4
62 115 10
153 118 3
12 88 20
3 134 26
156 189 10
192 181 5
172 12 8
164 58 11
169 93 69
149 89 52
161 98 9
82 21 6
19 113 4
160 196 14
86 75 6
167 84 24
45 134 11
101 48 12
85 10 116
168 149 12
74 42 5
34 123 16
104 5 5
75 95 84
109 157 7
133 16 4
184 88 15
53 33 6
9 13 14
156 163 18
113 170 20
180 83 12
167 61 5
134 65 9
94 175 5
73 51 2
70 123 3
32 154 9
15 151 6
56 42 13
39 75 3
49 126 9
90 55 6
109 161 45
85 152 12
138 135 13
102 126 30
176 194 7
29 73 7
111 60 8
158 3 20
38 46 11
92 171 2
72 38 2
127 37 10
47 46 10
169 120 8
122 108 10
126 44 11
96 132 24
128 77 10
107 112 4
183 66 17
121 75 8
169 95 133
198 173 12
106 123 9
173 23 9
199 88 182
100 53 8
142 161 5
9 199 501
171 35 39
108 8 10
78 111 6
147 93 12
154 181 19
36 111 10
90 24 19
189 71 3
137 35 2
145 85 13
144 59 6
197 160 6
133 15 18
177 159 10
122 9 23
141 158 10
27 42 6
169 41 7
136 193 10
52 25 12
81 75 2
69 88 3
165 88 9
85 156 312
140 146 6
192 131 1
10 155 7
156 169 217
85 161 178
110 79 28
138 200 501
85 138 55
23 66 14
88 115 56
161 102 43
196 53 11
68 128 12
144 132 29
150 189 6
57 190 4
175 79 9
184 26 12
170 174 9
76 50 7
182 96 22
188 18 7
88 133 69
136 116 8
157 178 6
182 11 10
10 6 34
177 25 19
47 117 5
4 30 1
101 115 15
196 7 10
195 19 1
75 35 49
25 143 6
183 40 6
186 66 49
3 133 43
85 34 126
22 14 8
144 95 38
13 31 5
118 102 11
76 34 37
186 164 25
38 20 9
163 125 1
73 186 20
67 88 10
25 138 40
6 64 20
128 43 1
171 105 11
14 84 19
167 161 39
28 88 9
128 93 29
139 147 6
79 97 5
185 24 13
140 161 10
80 136 1
87 79 11
91 113 6
10 196 50
66 156 80
17 163 6
4 102 6
76 136 28
129 75 13
42 171 27
136 54 5
89 90 24
148 118 7
34 89 82
84 63 1
38 10 32
124 188 1
6 103 11
