100 100 1
90
7 60 818803572
70 25 478503208
23 92 953341417
33 7 83606536
47 11 23144942
68 29 196591453
93 56 237963783
28 20 920570718
7 85 79972444
61 4 38163125
59 45 802733339
93 54 357028257
92 16 883868170
30 58 431852966
42 23 152209696
33 31 54183342
63 15 875326459
63 94 789662989
1 55 553754865
58 53 947580391
28 39 902567078
5 48 2953323
35 89 167272977
50 44 381433546
33 30 963637202
70 69 189511945
55 78 621836301
85 84 299744437
51 76 778520344
93 35 382521759
30 6 764423983
14 65 587166533
84 100 943498320
42 9 71464221
14 62 874524632
14 71 863641074
10 52 592910073
93 96 23859181
33 51 627034133
37 77 854745435
64 24 924403207
46 38 137050238
8 18 335988772
7 2 212975028
27 91 614495981
53 12 21889834
9 14 567218469
44 13 338858515
66 79 251732707
80 86 480545474
50 26 18923642
60 97 748821714
33 64 224366
6 57 915464215
24 87 398877785
92 74 331054253
33 17 156388615
56 99 287843717
47 50 28197034
39 41 241511800
49 63 358686781
24 75 840710118
19 73 197924502
46 95 667044388
9 22 503501538
22 1 584103636
65 72 593382577
47 10 607928765
33 61 48008083
30 37 374075790
20 81 893768763
7 42 714564586
42 10 397607994
64 70 774509987
70 19 552182791
30 47 470581412
27 46 514021931
53 34 551489843
84 98 699305457
18 90 425724156
14 32 111230097
10 40 202665187
66 80 19974622
58 36 61302327
1 43 303307833
32 67 720613854
28 88 931733833
6 93 665186372
33 5 899884363
51 8 539605752
69 82 952035056
6 49 750705612
28 59 206594529
60 21 279970116
39 3 389788448
39 83 955516551
14 28 773113071
30 27 715054237
7 68 137784792
42 66 744266420
