100 100 2
22 57
68 64 819997499
85 34 162445462
73 38 631781827
50 53 552888444
98 83 512077158
67 17 107746943
99 19 323984009
67 11 663118352
23 42 457288824
30 10 56678426
40 28 259794444
46 1 177489164
81 46 135132537
26 22 707868727
9 90 362719781
12 87 108494419
58 71 745480509
75 44 191390745
3 37 43669871
33 61 46632927
42 86 617042014
90 31 934627541
80 48 286998087
26 85 10215094
28 45 560460408
23 99 572094842
92 82 878365529
37 68 894997332
70 57 601797321
27 63 806775533
31 52 709336336
23 20 195408372
49 79 291932653
83 93 270353202
81 92 436072876
23 58 610499979
42 35 897804212
23 33 247732968
27 60 255856777
20 26 822741798
71 75 513958426
3 21 462313191
73 3 358204408
37 7 239096102
22 96 641794735
35 39 481189114
20 8 936889541
67 32 731876307
19 65 606742690
23 61 46059423
50 41 568790565
46 66 621863753
42 74 847378725
61 89 22608871
98 43 20264853
23 5 530248367
81 59 410840267
25 88 831146492
35 50 989977830
2 47 767516014
5 24 462878521
72 100 532016889
48 40 809924372
2 77 275968294
81 27 535519279
83 78 282261391
99 49 219851667
91 54 920436419
59 55 929147684
99 56 514920003
36 4 979711026
98 2 12939187
98 80 819536172
77 13 921575798
83 95 613130725
92 30 698653666
77 91 445096786
85 25 686728433
84 14 596070583
74 15 112401424
48 16 553193511
23 98 227506208
72 12 107671896
83 72 938597953
84 62 818280665
98 18 41322220
54 76 919648762
48 51 445735058
34 97 624868352
43 67 148162410
83 6 142472682
56 29 372542979
37 94 888149880
19 70 254723855
33 73 823625387
86 36 649600436
46 9 123034161
3 84 458131047
84 81 395005232
35 69 962683226
