100 100 2
97 35
64 84 557654697
48 50 28587260
59 6 807723712
18 54 486812277
44 88 368734895
27 31 575950879
54 14 319890619
8 93 108053238
78 96 313786073
82 71 16320842
59 41 850991316
17 4 317066976
14 55 644703363
32 10 668807600
85 34 411018720
28 13 644243978
90 94 608420967
97 35 39050584
2 32 636037307
48 30 459993434
48 53 375079945
64 19 846566347
18 67 881200859
17 82 931932746
51 58 369136467
77 20 837492132
8 25 936522180
38 64 675459115
68 3 661922561
56 24 514454565
81 5 917569528
30 45 126182164
92 90 809152732
86 7 374752085
2 92 103037648
44 78 972552667
18 65 780276423
17 85 453031316
3 83 479543278
14 74 688507116
5 49 688791847
74 39 187012798
13 37 628226919
2 15 354929496
73 83 771076819
45 33 913623860
38 62 801922231
38 52 355794511
82 73 797764188
56 11 144718237
3 48 860033008
73 36 564908860
62 16 116066241
82 89 768684479
85 100 609507241
86 70 802288613
87 29 818379672
32 8 394039463
77 91 924229571
38 28 992529377
76 21 974005105
8 66 438144208
32 27 836556839
32 87 143242374
6 57 861690028
72 23 57356933
44 42 698647186
6 69 135235151
62 59 777818181
52 26 744652199
34 63 334703543
17 38 113370861
96 60 615542115
83 56 33194280
82 9 921751030
62 76 490042900
16 81 342471097
68 22 174372301
40 51 46715051
18 44 894610602
72 80 676819831
2 77 726289774
74 61 724467428
38 40 446131784
86 47 309405020
17 79 224346528
87 98 288398802
52 46 729054820
68 72 443035893
54 95 161191050
38 68 299112901
85 99 170832432
36 12 387424968
30 1 811208279
68 2 476325457
2 18 774663815
36 86 43472648
32 43 226654282
2 75 500624052
2 97 476509718
