100 100 10
25 85 51 97 4 15 48 17 11 45
79 98 714087405
80 45 649855352
59 56 114756618
28 20 918247051
90 88 5515876
19 84 673957943
94 19 148339204
45 17 263267224
58 62 751675750
94 70 828080474
97 50 101814323
85 15 522701811
76 87 117714720
20 5 348531269
5 7 387422698
10 6 838016970
28 22 663224778
80 75 347609506
17 68 311946170
79 83 955380485
31 38 433468015
14 64 667477805
69 35 415591566
46 59 192094926
47 33 768869711
68 11 260659764
33 82 241610607
39 95 465123415
45 29 453518673
2 36 821965809
25 73 324176206
92 13 398883208
25 93 603758472
28 4 417924012
4 34 621967659
97 47 774978079
6 3 602378576
80 81 969754242
62 69 522126826
25 80 961299677
21 61 904386018
73 53 948166216
90 54 149981176
80 92 69429399
45 76 948452094
28 52 523385757
13 58 283262193
39 55 311333468
43 30 875612653
88 60 25366701
19 99 399466397
46 24 694657759
100 72 9239312
69 1 489124426
80 66 296866589
13 94 608565864
94 63 949575575
55 69 898255957
97 14 221317291
45 28 443660978
52 40 127681912
19 39 106852685
97 67 639776041
47 85 641322022
43 18 79927533
47 96 990415079
15 48 937306475
52 41 178939110
46 31 480293004
97 100 87516382
28 42 17367648
57 79 969561138
90 25 766881799
14 8 694165528
18 10 440499255
18 65 922606260
80 78 208131871
26 27 551466136
17 12 145044374
90 97 30213187
57 44 93540008
76 26 193089616
11 2 992639505
47 86 212942643
80 46 340075134
80 77 837404611
92 57 912015130
26 51 465009468
18 21 348633959
87 91 718401579
57 74 96402222
44 49 783189851
66 9 997002576
33 89 919835145
86 71 88724658
86 32 828814536
10 23 391664695
57 43 696646506
60 37 768593303
85 16 341362239
