100 100 7
62 77 82 88 65 48 78
95 44 719607959
18 50 508387272
40 68 630537259
54 85 336722043
9 83 185335447
71 4 177318122
17 81 941725364
36 39 814493678
16 90 161098518
1 69 622726085
58 9 899195051
91 46 265071761
14 61 739706192
88 65 735073433
85 51 163473266
5 14 413380567
48 30 618790024
49 16 285735993
77 38 838920678
3 33 964900102
23 58 28778215
69 37 136063653
34 47 28341392
22 11 403175162
75 52 817827565
56 24 446874136
44 76 468819300
58 67 450256324
82 40 270795088
84 18 393779838
40 1 699157891
98 80 927488116
28 6 47328440
58 98 995741843
70 48 373469710
42 3 862845099
38 53 431881976
15 59 108400436
53 74 943995995
10 64 463160352
8 87 675392650
31 93 433902309
14 34 372106336
27 40 328773714
4 2 859727410
24 96 328713585
24 43 187650889
15 12 777052955
65 82 114628786
92 70 260032825
94 57 506408637
96 45 892188472
51 60 900270375
55 84 124631226
48 77 394511579
73 41 858136885
82 27 703249117
86 73 545241801
42 7 663209301
36 25 224853937
28 5 191693969
100 42 892028730
7 54 59958733
45 55 529199129
43 95 891453695
48 62 385953349
90 66 843363034
89 91 76555547
41 92 849977781
19 22 443676311
1 17 766837794
61 31 257375404
8 99 255234903
50 8 319081902
64 71 935001344
29 23 222291308
49 26 142850578
86 13 722732068
7 72 664877839
41 10 964180733
62 88 596150509
19 56 545551344
89 35 926751075
38 79 563882297
97 94 931158323
50 75 326517687
54 28 836371235
43 63 164902408
80 86 448962130
69 100 67332834
82 78 425835838
84 36 824147445
16 97 913315947
63 32 213173239
93 89 725780014
52 29 290416516
57 15 829607009
86 20 408953852
90 21 991550261
59 19 372579036
