50 100 20
4 28 37 50 7 39 32 11 47 46 17 2 12 20 31 13 26 14 45 6
10 46 516931421
4 2 7916311
7 11 246598769
10 3 998216823
3 29 752963138
11 49 522227839
4 28 38811918
29 34 854365532
26 20 202184200
18 4 831967063
12 40 49443712
39 19 959804777
42 24 419759053
2 15 618682006
47 5 251249707
45 16 84721520
50 46 196083892
32 12 701359647
13 10 404445003
40 8 151742154
44 42 121252937
8 25 74220277
38 47 335849418
1 27 879764357
6 24 884935132
31 21 703649482
18 33 915888880
46 3 318823498
30 32 602445149
34 31 500177199
23 35 662793924
20 42 840833616
29 31 963252694
5 35 726511913
8 20 402012472
28 45 307720883
33 2 109815190
47 35 722676566
14 31 429831446
2 38 587162221
43 27 653833043
15 38 862371651
11 37 724179752
27 39 493059127
42 18 642886297
7 39 184651003
27 7 286634884
34 30 588237517
8 6 463914931
20 44 906316606
32 21 737173013
49 13 828301038
40 25 415582570
41 40 930192596
27 36 562705343
37 50 203848832
25 20 835294791
6 42 191911512
38 16 963399397
44 24 236890803
5 23 529021877
33 15 887889244
40 26 193146651
31 32 368305672
11 13 79045270
36 19 464749395
5 17 433815151
37 13 255124987
3 14 465175988
20 6 168684202
16 5 734239894
1 43 507984791
35 17 323558260
29 30 598620497
23 17 886389001
16 47 447530945
22 41 597817352
13 9 303030589
50 9 602348877
7 19 481187456
47 23 117849636
1 36 501528634
45 47 836986769
45 38 365513947
21 22 640792170
15 16 665147536
14 34 941919505
19 49 718855172
43 7 795753798
2 45 168342037
22 48 408465507
46 29 635098939
31 30 976486241
25 44 483521027
4 33 783925660
26 8 317204330
12 48 981578223
43 36 310925234
49 50 197695619
18 28 58268077
