100 99 50
41 42 6 2 83 91 28 78 97 84 24 14 80 11 21 15 66 60 96 36 85 56 64 73 68 54 20 30 57 13 53 86 40 62 7 55 52 75 77 76 59 32 19 94 93 61 4 89 1 49
8 42 131782935
21 51 367432406
67 27 110041944
24 39 646348283
55 73 758953336
64 75 265690326
36 10 794341438
53 59 296035247
37 32 189352727
93 61 34817570
62 15 560096081
25 53 685807710
44 86 672836494
5 45 937130127
9 25 13659736
4 52 413348676
95 16 379222037
87 72 307476517
97 18 741717808
13 46 972694978
16 1 627536591
94 21 969010296
70 60 983167580
88 48 717480414
79 68 881484307
14 79 687233321
83 99 132551032
46 38 674953403
34 40 78659068
69 12 234464694
63 23 860549494
28 94 126308084
77 70 74834781
45 28 49797784
20 63 504038614
85 90 185231778
71 69 832086761
38 33 187713230
68 98 245908306
89 57 414072934
82 95 179600245
29 41 613995514
75 34 354308454
50 13 145642829
31 76 539504516
84 20 252638732
59 37 391839431
96 82 934982871
92 66 682513605
41 6 948640898
91 22 845262456
54 96 441175326
80 92 93885305
47 43 917290822
100 55 777283069
98 4 21240052
1 89 239453595
52 19 917388699
39 67 579826472
17 29 109324599
61 44 678457480
42 9 525773517
57 80 806937605
35 49 712028077
72 58 968486552
3 30 356199708
74 54 879136038
66 91 212418349
19 88 446529864
78 5 935764648
7 62 568634135
60 2 661100287
10 83 926496323
12 35 790252694
6 74 322630251
86 47 338691902
27 36 900105521
11 81 129731193
76 11 238363487
22 77 184576386
90 65 819578823
65 14 970321514
33 71 62138702
49 97 204668666
56 8 230756352
58 7 362834781
73 78 739647492
43 56 580642479
48 64 240410914
51 85 218360091
26 50 959237707
18 87 942009868
32 100 996385553
2 84 261170746
81 3 429065953
99 31 488586476
15 24 600573365
40 17 714863903
30 93 942054509
