60 100 50
21 25 42 6 40 10 54 22 14 30 41 39 38 35 7 59 16 28 5 45 48 56 12 18 60 34 44 50 47 23 19 55 33 53 52 11 31 37 8 32 49 29 51 2 57 43 9 1 15 13
57 60 36112597
24 10 160340269
57 51 858916287
7 30 732552430
42 40 919502310
49 27 927338349
22 11 623619755
14 40 146097993
9 20 775813103
57 37 655213667
22 13 374548244
4 27 617875629
37 15 506048157
38 47 338444483
44 16 353922681
3 28 810652416
57 9 371333848
40 16 329982358
49 38 871741484
7 34 375716422
26 5 23642092
11 3 358237210
32 24 630808604
24 58 371156544
29 19 543038377
24 57 606005928
32 33 278962368
22 29 320736192
11 23 206286644
14 17 657678555
3 25 690327737
14 10 973702681
52 53 354038867
22 49 24937452
32 58 934082112
24 49 844416876
9 18 904636688
24 26 742685178
32 21 402731934
57 23 362340292
13 2 871144230
11 35 25107246
54 53 26722998
14 7 96551796
3 54 235212251
22 33 868749835
24 3 243642769
33 12 424982170
37 59 505065735
40 56 662326353
52 33 338454654
58 41 870880201
26 33 103219852
20 44 111468324
50 30 10988153
60 31 409456581
4 56 577276322
41 45 773328649
23 50 110350916
22 14 817128216
40 33 649517885
22 26 200357001
55 43 916740399
4 3 807443602
44 39 455454664
22 24 724140868
4 46 469367438
30 15 356207757
24 27 509213070
7 37 167700619
13 20 921327649
24 9 978160901
29 35 153704141
51 55 587223056
22 32 564626957
29 28 328322041
32 7 911887486
23 1 306016713
23 45 352607433
29 14 163456872
26 36 77372086
50 28 314075467
54 48 840921882
29 49 954883795
26 4 234043266
9 11 762682335
23 52 752441794
54 33 597906407
9 4 66254954
24 60 330614738
40 53 336635185
18 3 699166962
20 43 422137092
19 25 273647869
14 25 983827860
19 13 127792184
54 6 694283682
49 42 488942702
39 8 98643598
53 5 890949130
