60 100 50
22 1 36 54 6 48 13 18 57 42 34 46 19 16 31 38 39 14 9 2 32 8 3 35 12 41 23 40 17 10 37 5 50 11 20 47 28 51 33 4 45 7 44 52 29 25 15 30 24 60
18 10 910756346
39 14 936632934
40 44 589072504
21 50 910102763
21 28 786679660
55 51 750209850
56 29 557009422
23 38 722219567
26 9 339811962
55 43 187841923
57 42 281554257
53 45 129495688
13 38 91297317
19 44 557352171
4 23 189322008
50 26 260774913
14 58 184666157
48 58 718944317
53 36 923490459
34 33 704487888
26 25 588156102
9 11 811632202
23 22 919331932
6 35 324662024
2 58 596962364
43 27 560851325
43 45 116927625
4 51 659382330
4 46 227734639
23 29 680111396
6 37 469071047
7 15 246014948
44 38 791593383
6 23 972781035
50 3 346393778
44 26 942789854
1 30 462401554
14 24 724227929
46 33 748782786
14 46 692038892
39 27 219131264
3 47 957917763
41 10 740349555
26 43 224462205
55 44 756778770
10 22 236990574
41 5 364351819
52 56 743723848
44 39 409723530
19 55 27480070
29 36 858875134
60 34 673573391
44 18 46568228
55 18 450469216
31 20 787356558
39 54 414876056
46 59 430738166
6 21 302646354
40 6 476855211
16 12 23505209
6 16 575453746
38 48 840613424
21 30 446379539
9 49 469238672
26 47 845862496
29 17 245825601
2 53 567331507
45 36 975268397
4 19 74758469
21 41 707247071
3 14 976016597
39 1 55742823
18 57 405497191
3 32 703344020
31 24 592401250
27 59 11064866
32 49 529630837
4 55 437141136
4 30 159485553
4 50 159065346
1 9 970957810
55 60 779376744
6 44 746077649
30 13 559952775
4 40 379639918
40 37 143145678
18 24 781468779
1 27 868396121
2 8 585855588
60 54 477780372
51 30 949176631
4 2 650797594
1 52 476116458
3 31 321958817
42 7 39826523
39 28 858563133
55 46 873656877
26 14 344338254
32 41 327474269
44 22 155215722
