60 88 30
1 2 3 4 5 6 7 8 9 10 11 12 13 14 15 16 17 18 19 20 21 22 23 24 25 26 27 28 29 30
1 2 3
2 3 3
3 4 3
4 5 3
5 6 3
6 7 3
7 8 3
8 9 3
9 10 3
10 11 3
11 12 3
12 13 3
13 14 3
14 15 3
15 16 3
16 17 3
17 18 3
18 19 3
19 20 3
20 21 3
21 22 3
22 23 3
23 24 3
24 25 3
25 26 3
26 27 3
27 28 3
28 29 3
29 30 3
1 31 2
2 31 2
3 31 2
4 31 2
5 31 2
6 31 2
7 31 2
8 31 2
9 31 2
10 31 2
11 31 2
12 31 2
13 31 2
14 31 2
15 31 2
16 31 2
17 31 2
18 31 2
19 31 2
20 31 2
21 31 2
22 31 2
23 31 2
24 31 2
25 31 2
26 31 2
27 31 2
28 31 2
29 31 2
30 31 2
31 32 1
31 33 1
31 34 1
31 35 1
31 36 1
31 37 1
31 38 1
31 39 1
31 40 1
31 41 1
31 42 1
31 43 1
31 44 1
31 45 1
31 46 1
31 47 1
31 48 1
31 49 1
31 50 1
31 51 1
31 52 1
31 53 1
31 54 1
31 55 1
31 56 1
31 57 1
31 58 1
31 59 1
31 60 1
