100 99 50
52 14 99 48 80 23 26 69 73 55 56 81 60 68 13 46 77 57 1 28 42 95 92 74 65 79 91 37 61 21 30 32 54 33 9 93 12 66 18 71 31 49 40 53 19 20 8 35 94 45
69 47 668676671
1 18 275462539
47 73 843611311
79 78 368650284
44 94 949112950
82 69 483618043
25 89 483569509
3 20 966633595
14 9 720204421
56 76 600427773
52 13 954272391
40 49 195227268
96 90 397603110
64 99 19859779
46 7 37680238
85 23 563026349
89 91 466364917
22 64 13637695
12 40 217398480
55 84 1503339
76 33 466444718
88 4 450996365
20 37 943857981
66 92 800347349
23 35 989245470
50 57 246768123
43 45 921260439
84 10 96094079
35 8 796136592
98 71 339482974
29 98 79492839
10 67 200004733
62 56 262036966
21 48 223298028
90 3 139985595
32 66 763346939
11 43 648277714
38 59 132347003
31 83 536781687
41 97 196918536
28 34 309867093
16 68 671654062
36 32 755104189
42 22 751765069
75 63 542095878
74 53 210412770
18 93 926322129
30 31 418100098
8 16 969971370
19 46 6867787
39 51 95081454
95 1 743079714
93 39 645198791
80 14 29112095
57 11 962792644
77 79 399202173
13 95 96040604
34 80 312929610
61 24 15757560
37 19 424910630
99 25 624305596
68 12 772343703
91 81 434259754
100 50 945848547
86 55 550387710
67 38 914651169
5 58 477319725
15 28 715713105
9 36 577630319
65 72 795252603
60 26 933122577
58 30 657264488
72 44 288873634
78 2 675196250
83 29 660765361
24 87 567942469
94 61 522447078
45 86 89305175
70 54 10959975
73 70 848735492
27 75 567062227
7 100 891149157
97 65 516490623
26 77 822187644
49 42 345665536
51 17 134610930
54 15 749426536
81 96 449155001
4 62 913820968
71 21 470713581
2 6 170356210
17 5 918470154
33 82 742573093
6 41 422472608
59 88 885181536
87 85 949427174
63 52 883430973
48 60 399016501
92 74 382494157
