100 100 1
90
94 32 53891021
65 5 7011731
31 80 691411927
19 3 87460885
89 35 409954536
62 6 572576951
77 78 440412592
3 52 453345230
31 29 267939077
98 65 863323003
19 92 489582330
94 20 469645642
70 19 985323593
13 12 945413133
80 42 74121001
80 73 97145683
9 24 260444254
19 41 215649929
48 21 333906220
49 87 220238387
34 45 928776255
57 84 425679118
70 46 758178225
19 56 997891706
81 64 187226984
34 1 277606581
64 27 192725749
18 39 317797226
94 79 469347829
8 74 834760376
13 8 135347951
49 83 291369493
99 90 240386548
59 17 946430243
6 37 326088815
56 47 445110613
64 30 249552788
54 77 779981727
18 62 987821524
11 91 441412352
50 26 975561232
93 28 427528581
92 93 680744494
34 14 726291621
70 81 319391056
62 82 676508136
92 48 624078889
46 4 269499700
34 72 901656252
40 34 24792148
13 86 449853002
79 77 661451257
31 59 427392532
30 2 90170788
6 76 36563545
19 85 164723279
11 89 119360323
41 18 380631014
60 63 825083437
8 11 801432557
81 40 538085201
81 54 257517939
34 99 785713623
3 95 259231571
31 67 960750727
18 49 927578
94 43 55985135
18 57 397331373
44 94 957836834
58 44 718326682
32 15 431209877
41 38 630443251
7 96 5547871
86 51 352875153
60 69 734925430
30 36 457967110
1 7 246127522
98 50 999584074
20 100 866883506
81 13 513888795
40 98 528881877
31 55 487056572
7 75 118616787
27 68 331577096
57 60 160214670
1 16 483928842
68 9 703830979
93 58 270414887
1 25 915777791
44 97 23327352
40 10 750267477
85 88 971651625
24 33 942256446
65 61 605076204
44 31 307937704
12 53 711996319
17 23 105680126
70 66 722234683
80 71 200663562
7 22 113703786
