100 100 50
60 78 79 28 54 86 88 40 7 63 83 30 64 82 12 45 56 91 94 51 19 65 62 89 100 11 66 41 59 24 67 33 69 93 8 1 48 71 92 32 50 85 70 77 55 42 4 23 74 47
69 8 417691082
82 60 301033729
19 4 988852663
38 57 629704568
11 23 304678860
89 83 641887033
55 56 252134530
7 69 128884380
12 51 71850580
100 65 236440154
93 13 611770056
89 22 834737821
74 67 280702793
36 43 742454878
24 70 212508251
19 52 577034546
1 64 139779703
40 45 920718406
29 10 516124625
19 87 911160983
10 81 886448241
36 24 330020069
77 86 296830695
78 41 673686094
88 55 7657342
59 66 686251947
51 47 416017443
88 99 318770893
92 77 714223152
42 85 580591357
37 84 84144910
94 28 743836916
80 76 836228144
86 78 484458220
59 95 796602961
99 96 559409129
71 94 137424088
50 72 397169282
61 6 900044810
13 48 260067317
64 82 637893114
56 40 407082181
45 32 513325775
60 54 302181605
63 71 742479228
93 48 416738794
42 35 305729984
62 50 901458496
28 74 263895070
24 68 525669189
41 42 656233944
33 7 521581771
85 1 20031847
83 62 893646742
86 98 902142749
52 53 7776702
61 14 569862608
66 12 466339808
88 3 71396133
79 30 425923352
65 91 680099666
81 21 707228870
71 25 170147540
8 93 985578282
2 58 262351043
68 15 563973008
91 59 565869626
28 39 553221342
96 97 703890366
67 88 814921746
69 17 695721001
4 89 982645171
41 26 525935720
54 19 961442875
97 44 81408638
27 29 136681757
86 49 923416758
47 79 756563652
82 2 568074164
69 16 925249332
90 34 844688936
14 5 213673413
24 18 475784872
20 38 76946480
39 37 750755629
48 63 648975547
13 61 738701613
70 92 127519414
15 46 568028156
44 20 43789360
23 100 764924132
50 33 143232784
21 73 491772961
75 27 175864574
32 11 960970807
28 9 606851003
57 75 852387068
22 80 695806869
35 90 928083746
31 36 588076422
