100 100 10
72 5 18 95 28 89 80 81 47 41
72 76 198532325
67 75 715033009
36 88 184091002
93 19 649061185
65 36 355678872
24 68 331617596
34 14 400004902
60 7 517920037
10 31 481862547
47 95 294825609
63 56 368594546
16 86 244097937
81 92 717158810
5 48 327235147
34 17 413868188
5 41 127608406
57 82 848041741
92 98 103308024
84 8 394821004
58 67 79922268
98 45 612797176
81 58 922099433
50 44 382429533
14 15 582453114
80 84 291916533
80 3 382073559
66 24 3309531
1 23 116877374
49 85 798281770
18 35 200219539
34 13 585744624
83 12 314922098
98 47 993945908
81 87 58067131
75 59 14882051
100 69 466937728
42 74 78707019
80 72 237628135
33 16 243168464
21 70 163279755
46 2 105232805
10 93 825109397
45 26 710046639
22 10 956336107
47 63 147451957
93 51 973133008
58 52 889456972
52 94 835420696
72 57 817257042
64 61 888657151
85 42 187165230
34 71 997403195
37 30 459590151
72 54 899094908
58 21 403332161
89 20 877077305
57 5 326862956
44 11 898245612
54 73 997292639
9 97 863747416
11 77 535982501
3 37 224004639
46 64 563304688
42 90 861067519
58 22 619787522
14 51 361649042
72 38 111668914
72 46 237291725
28 91 148746005
92 50 834385617
93 79 89700218
51 1 442202310
33 32 763867703
89 39 385602825
81 100 49271329
72 49 848373158
27 6 950694911
48 4 625347260
58 9 178224854
81 80 788508371
55 78 197853425
57 60 293428647
54 96 814590445
18 89 99070156
41 28 829192621
28 18 944890528
41 40 340892497
19 53 395831180
14 62 813572479
80 66 921659685
85 65 665387525
93 29 337092611
84 99 719296331
80 27 622479911
44 83 806324979
49 25 306488472
80 34 317419678
99 55 844336800
52 43 886620368
80 33 178421361
