100 100 2
93 35
19 85 417312481
95 47 396190214
58 20 343727040
69 56 356992964
83 57 958504227
9 68 961442228
6 65 708368091
76 99 641106658
87 39 214199274
47 49 680615404
91 78 447444866
90 86 402408349
82 53 151109071
42 87 549259652
95 71 753579808
40 74 878479783
71 58 960468022
25 3 678467848
52 64 787520060
14 89 796656079
26 84 681729526
59 26 463378033
95 83 944207324
23 88 950676318
71 80 833062537
71 43 45742619
25 52 736350922
26 25 154531877
28 46 383254758
93 60 715011487
57 31 897442408
65 10 418644742
95 16 601348378
89 91 475675872
13 79 530266274
47 40 659304662
51 22 971217535
82 2 700765921
71 9 684860082
89 35 337232753
25 97 70148758
9 92 914845512
54 24 193769420
4 27 806160801
23 66 904187374
54 48 357895242
71 96 665826176
59 13 634501535
98 36 955135019
67 37 277325182
82 72 559471869
24 21 482127173
48 4 483519626
28 54 444632640
54 90 256276439
96 6 63626728
14 51 758146941
48 69 655542981
54 32 321656511
75 55 349083836
28 7 545386924
47 33 222476095
47 29 62696002
94 98 50752591
75 12 240181194
57 76 882079963
90 50 756095127
6 19 753820033
70 67 721791786
25 23 101508366
83 59 402431904
80 30 347916206
53 45 632084998
4 77 224782851
7 11 705644975
15 73 61655535
70 14 93176314
62 18 331874692
30 70 258769448
76 61 755121679
54 95 554396504
83 5 809277490
9 34 210347186
58 38 707127374
69 1 147039549
71 62 524509628
54 15 774037533
47 8 909248036
54 82 905518222
60 42 869088023
95 41 691684679
70 93 959555751
48 100 775171506
75 7 948683301
24 17 507872754
57 75 128993683
24 44 992680059
95 94 63898345
55 63 982670302
40 81 938160500
