50 100 4
1 28 49 26
11 21 196636655
50 16 288000102
34 28 71829599
29 8 326740231
39 41 418021576
37 9 835964706
46 9 484508561
36 46 618235347
14 8 310469030
13 7 113305629
38 47 271149806
24 41 268129698
14 12 430869003
48 7 390826585
37 6 752618160
26 49 476030870
19 27 640071398
46 40 856744573
2 34 102530552
16 5 940121372
28 1 103786829
35 1 928997610
36 37 101147657
48 3 600377247
45 17 103940082
43 32 355461632
43 41 650189066
3 14 269166982
44 35 881740972
11 42 145520257
9 22 340233858
8 20 640724109
4 13 434785578
35 49 642267763
41 15 469179558
28 26 791589548
5 31 987041315
46 37 807954962
6 24 541882688
34 35 790078013
45 19 454452703
42 5 931548197
39 18 408483818
49 45 705466665
41 32 823368971
25 13 869755814
2 28 546942415
42 21 69370319
27 11 928047476
17 50 702761644
29 23 791308086
30 36 451623788
25 4 987718678
25 48 291978891
14 29 509380082
48 38 168885486
34 44 319960994
3 47 418474224
23 46 554009570
47 14 281153751
21 5 42138170
19 17 804992709
41 18 240770643
18 15 529719346
26 19 179042335
29 20 15569629
8 30 516470910
32 33 801273975
45 10 441023026
12 20 43482471
1 26 990287622
49 19 476723251
12 8 702893156
18 2 339521421
30 37 323814475
38 12 778487319
15 33 895294852
47 29 110178888
11 16 950413659
40 6 77394018
39 32 804500441
22 39 654806247
50 11 41444387
32 15 221022712
20 23 848116439
44 28 9351789
4 7 75900658
23 36 575518498
16 21 926121601
13 48 499094058
18 33 63423421
40 24 450682425
21 31 306756072
4 48 899392037
24 43 667500799
8 23 355816201
16 31 785985648
3 38 182653656
6 43 783096895
27 42 9112679
