100 100 10
48 22 69 3 44 84 70 15 32 51
58 50 312932944
43 64 162011239
81 42 84997180
70 60 912027016
64 83 47142379
32 82 697334996
83 30 202966935
21 55 680167955
82 54 273459741
81 87 294480713
51 15 601889252
48 88 845096563
3 99 932611125
13 76 103688139
84 38 366856529
3 37 882983797
21 79 575492646
84 48 816127636
32 46 836846775
28 68 119390017
43 35 281356642
63 31 475956286
51 92 595006736
93 26 875391306
19 75 518804353
84 89 35453472
58 12 702265013
16 23 593304263
39 80 318421753
43 86 847172211
53 20 104242359
13 100 790959025
28 7 863300741
50 4 405280547
48 14 160791456
16 74 819812744
70 10 641354378
20 72 975902252
58 16 626233515
44 90 643336873
85 13 647496271
82 40 712857674
44 70 558303089
9 36 508335828
70 65 416684999
64 81 643891233
88 33 820029980
68 6 4112762
16 32 595000381
72 24 919251808
15 73 531578599
84 51 143472145
58 84 839652888
20 62 386305532
97 22 928210169
58 47 93512257
7 94 763986538
89 9 186902376
69 39 69443898
43 8 672275317
50 45 483631125
48 52 378831006
73 1 836991165
2 29 170586119
84 43 840922893
39 97 280108077
84 77 548309237
68 96 854215336
51 11 993025508
90 67 662982079
32 44 301589739
43 61 556721352
28 71 298980196
88 69 617276049
84 93 704408220
51 57 281910902
15 41 350142068
84 2 777610708
58 34 526484304
21 27 932957302
93 59 949515982
88 85 399019760
53 95 667995939
64 28 399307378
70 98 296701841
85 19 4156976
8 18 619132542
48 3 18950830
26 91 655717411
73 21 95344914
15 49 533454195
16 63 715484673
38 17 416555656
32 78 960272420
15 78 142496128
89 66 61645379
68 56 117793638
45 53 259726161
63 5 308980198
84 25 430431135
