200 500
2340 3419 24586 19542 2035 559 13360 2581 8094 18207 22486 21842 19547 56 617 389 16317 27672 7791 7790 14707 14307 6982 23926 14088 5343 386 8584 4562 8680 18427 8011 25813 6257 20144 18199 29970 7344 12358 9765 27354 14407 14195 22211 15638 8282 27122 627 136 24145 17611 4791 833 822 46 8679 16448 177 4567 29637 29758 17352 18082 3092 6042 22521 2317 27276 7846 28032 27621 14732 27536 22289 16209 26286 5712 21931 24911 9830 23841 6444 15856 26863 24470 11813 20883 15074 2859 25402 6004 27379 27983 28035 25913 11924 20667 10564 19102 27631 27986 24357 15848 17128 19727 27445 2877 18593 18852 14278 15857 6629 3330 9737 26828 20214 24680 12115 5283 11529 13149 28937 19542 16326 19673 18456 20675 6979 24989 9698 12478 5031 18960 3027 22364 20908 15864 22913 1412 11283 28371 1241 26059 1586 16284 1392 15316 20198 14323 9319 18783 26418 17687 15285 8883 22172 9155 18154 17698 24280 8710 9894 18402 7309 2743 20682 3294 2522 1504 1738 9629 15332 19850 29247 20638 16568 2688 7588 23196 21910 26878 16523 21864 9209 13340 23295 10699 10835 3722 28665 27101 13054 10112 5294 8198 22016 12825 10524 7850
189 14 442
67 22 359
46 30 205
123 59 230
138 174 145
65 36 6
90 144 74
117 192 427
20 50 427
84 14 447
109 66 393
124 129 132
154 92 378
183 107 97
7 172 59
195 153 256
126 15 70
153 91 266
117 69 423
19 180 489
101 139 12
13 184 189
9 81 220
77 189 463
185 173 241
107 51 103
132 30 201
57 184 180
131 179 211
53 40 385
140 182 367
39 152 122
38 159 59
195 54 257
167 136 38
21 56 501
55 186 421
88 42 377
38 136 51
149 75 351
63 60 250
118 114 322
87 41 474
170 47 398
159 126 63
85 133 446
16 94 350
181 178 255
128 196 325
53 154 379
124 127 127
89 11 84
130 101 23
49 152 124
160 78 159
168 128 336
35 131 205
174 156 141
6 133 435
37 25 258
115 10 173
72 196 320
61 193 480
176 187 115
200 97 189
34 40 379
23 123 219
157 103 228
179 141 219
83 164 28
82 3 369
149 16 335
22 108 362
181 44 236
163 98 367
82 88 383
28 138 135
59 113 234
76 122 435
92 169 363
142 114 321
77 166 454
180 2 479
90 70 74
185 60 250
57 74 185
27 112 50
188 71 288
160 155 159
58 62 304
130 29 28
68 125 476
93 47 388
10 97 184
120 33 75
104 161 216
172 112 56
158 105 87
151 58 299
50 192 434
110 162 99
120 89 73
51 165 109
68 2 467
6 18 444
1 4 501
177 200 501
163 108 355
150 84 431
140 143 358
79 78 166
118 119 307
121 29 34
48 99 158
111 13 193
43 32 174
137 100 462
106 24 69
34 73 398
144 105 81
74 79 172
109 198 414
191 134 302
182 75 355
5 4 501
194 103 232
148 37 268
71 148 273
69 93 397
158 162 97
67 95 336
177 132 192
32 99 160
134 26 295
48 156 149
19 64 494
43 115 171
165 39 117
46 35 204
116 198 415
55 8 432
8 122 432
175 49 123
52 12 43
20 150 437
110 187 99
54 96 253
27 52 51
125 137 459
80 91 273
106 7 60
170 42 389
169 143 359
188 26 281
145 62 287
178 96 258
168 31 335
63 25 247
171 1 501
21 197 501
65 199 4
56 64 501
171 17 497
193 41 480
36 102 13
11 183 88
95 142 328
45 17 500
86 129 133
151 119 307
176 190 114
86 147 142
102 164 22
80 145 288
72 191 315
147 146 150
194 173 242
146 155 153
104 111 205
98 3 366
141 9 213
66 73 392
18 76 445
70 24 68
139 135 2
33 15 75
116 186 425
85 100 465
44 113 231
5 197 501
83 167 34
23 81 217
94 31 339
175 28 131
87 166 473
127 190 121
121 12 35
61 45 477
157 161 214
