200 500
9345 13840 16160 10111 6889 951 28356 2629 10826 10788 29068 11604 536 18704 10454 23282 10947 10334 28373 11889 16567 2852 10802 27293 14109 9108 4899 11937 15964 24791 19126 24761 14263 15942 11847 21209 2552 8842 26771 12625 8831 17067 15035 26243 86 17656 15031 7846 5535 22027 29193 28779 16286 26840 15912 23371 12434 17457 27436 967 21300 11794 10862 22389 9451 15983 14699 5021 28548 15450 20532 25357 24441 28155 9237 15014 18772 16792 16295 16545 3244 29707 27984 19574 28008 151 9133 12102 9852 10032 6313 7892 2663 20119 18437 24193 25633 5012 8082 18301 5596 17184 6088 18104 19345 29799 29758 16893 18150 7443 28096 6525 10448 21149 27179 4401 14729 29136 4687 19281 19805 15999 13110 3488 5176 1912 11574 24423 13143 28196 18981 16761 18761 21563 2387 3308 18609 17329 8107 3465 1651 25496 17221 8092 11119 18296 13457 29207 3095 3336 15670 5145 10466 22387 11108 23090 26361 11259 26422 17723 7109 22573 14764 4043 26293 3728 9180 3278 920 21250 16469 297 26852 882 4772 21063 24128 19783 16559 10379 22283 9333 14438 11742 9691 6710 5113 4656 6358 2743 17338 15293 13991 16061 18320 3720 10276 12039 29626
127 7 501
153 149 501
44 168 501
151 187 501
120 50 479
33 150 81
130 7 501
35 51 416
74 124 205
74 123 222
66 119 501
185 184 501
133 114 338
193 170 501
113 196 501
13 4 132
15 45 272
91 181 284
196 19 501
33 59 93
195 26 501
46 40 111
95 179 8
96 49 478
112 88 260
173 178 47
117 154 62
37 149 501
64 30 36
191 151 501
110 132 424
27 197 501
156 108 309
12 55 501
137 35 413
70 150 78
116 34 501
104 159 501
73 70 73
162 90 501
188 158 501
169 73 63
103 22 501
143 85 142
180 69 352
58 93 501
138 131 501
17 21 244
101 1 24
182 180 360
115 19 501
38 9 501
98 90 501
2 168 501
135 155 501
174 167 501
21 29 237
55 116 501
78 164 501
129 61 290
65 122 459
146 56 501
142 65 475
187 148 501
128 18 501
36 84 439
84 14 432
41 181 297
68 62 501
89 30 46
15 112 264
165 97 336
56 121 501
71 86 501
182 39 380
134 63 501
173 89 51
183 23 196
17 28 260
77 174 501
158 146 501
82 198 501
22 87 501
25 123 217
172 126 153
185 43 501
37 199 501
101 24 17
194 59 102
57 166 186
200 172 159
157 94 322
155 60 501
190 66 501
152 120 486
161 12 501
14 110 432
111 52 122
138 130 501
3 38 501
147 171 501
199 77 501
60 44 501
80 8 501
2 92 501
95 100 15
87 26 501
93 121 501
132 137 420
57 200 501
10 83 456
91 45 285
122 10 449
53 119 501
166 48 198
189 167 501
118 111 126
5 29 236
42 124 199
13 85 144
31 81 501
41 61 302
46 52 112
145 78 501
157 114 325
63 147 501
25 5 235
177 115 501
128 160 501
94 156 321
16 51 392
163 186 5
16 107 403
76 198 501
131 86 501
99 125 501
75 127 501
82 161 501
69 20 357
136 83 442
189 3 501
194 40 106
102 106 501
125 58 501
134 43 501
148 140 501
175 142 482
183 48 200
34 170 501
100 144 17
133 165 340
8 92 501
54 11 486
192 139 372
117 178 59
103 160 501
53 1 501
188 71 501
143 141 157
20 97 347
191 67 501
31 67 501
104 79 501
184 99 501
23 42 203
107 139 382
140 135 501
197 98 501
27 159 501
136 36 438
193 81 501
164 32 501
11 96 488
76 176 501
141 126 158
72 177 501
54 145 497
109 153 501
144 105 24
9 106 501
129 108 305
62 162 501
39 192 367
152 175 464
109 47 501
6 105 31
28 88 259
24 163 13
49 50 487
72 68 501
195 102 501
169 154 59
75 79 501
171 47 501
113 190 501
4 118 131
176 18 501
6 64 37
32 80 501
