200 500
8919 21903 1408 22695 25244 10700 6171 16339 1688 25104 29849 15888 29247 6784 28043 27015 4192 17071 16454 25353 18965 23758 26567 3753 7642 18879 6920 4093 19989 26623 19928 14234 2678 23743 12602 2442 11680 20118 27542 16343 26491 11785 28410 15395 23856 19254 5649 28329 2730 3171 28067 28297 9139 13091 3140 24181 3063 26119 26930 8239 4253 939 29884 6274 9968 19256 14978 20916 22690 28684 7750 4744 6658 21173 29661 21879 21711 18056 29394 1365 17548 14910 20398 19034 25502 12092 24586 5806 17116 6400 18179 1603 27154 13403 2769 17779 5055 23483 22458 28185 12791 15025 21263 14859 808 1957 23932 12467 23297 10078 16463 2877 21172 28019 19159 21026 25997 18211 11314 10195 2217 7689 2656 16846 29682 7461 19004 14178 23347 12993 19888 14873 8324 26692 16155 18508 26998 25048 17048 10130 5007 26985 2910 25150 9402 10154 16080 17258 26676 8895 14265 29207 10344 2439 9912 26835 21969 9090 6819 22349 2885 224 13754 5088 26936 23546 20104 21287 6052 22705 12535 17136 10693 9448 17735 6372 5995 10284 978 1182 25072 15861 24545 16659 29263 27122 7993 2325 24872 6730 13683 16961 28274 17516 27947 29648 3756 19155 3246
7 175 115
147 58 205
103 38 385
65 114 181
41 101 48
193 19 82
116 78 271
171 133 311
63 59 470
51 189 403
99 18 366
82 142 404
149 10 7
12 122 383
31 170 417
70 158 94
185 57 463
74 96 216
62 195 53
140 15 138
46 188 26
104 87 496
174 110 490
100 89 175
60 37 215
176 23 89
88 152 254
61 13 381
106 73 124
134 61 362
88 120 247
126 6 382
79 53 359
199 178 242
113 6 392
192 148 61
55 172 291
151 159 262
32 150 244
16 1 478
98 181 151
124 141 299
32 102 235
58 9 196
43 23 97
146 20 338
198 70 85
132 182 291
8 161 447
9 129 190
124 172 292
22 179 5
4 93 197
156 84 304
117 42 171
53 77 371
115 109 36
184 85 501
111 5 321
30 46 16
71 112 346
181 200 141
127 97 151
19 25 70
27 166 355
35 143 313
161 47 432
37 187 218
48 56 192
82 162 408
131 69 101
75 36 189
91 174 487
166 163 352
168 11 70
20 3 346
125 28 430
75 4 186
107 33 10
31 113 407
8 57 454
80 64 119
14 173 18
187 186 219
148 101 58
180 2 240
26 95 424
120 178 239
21 28 429
125 139 430
86 7 109
139 94 431
182 143 307
3 163 340
93 52 199
197 123 32
103 99 384
84 133 319
50 36 180
191 24 153
137 138 284
38 122 386
27 67 371
134 77 374
142 51 401
2 186 226
108 136 459
116 137 269
167 98 139
14 123 28
34 195 57
68 15 133
97 154 147
180 199 232
91 130 481
63 136 467
60 52 204
29 135 335
132 92 291
30 22 12
185 16 454
119 21 437
90 54 501
76 144 156
126 165 388
135 171 329
44 26 418
49 194 284
157 45 66
72 85 498
68 106 120
184 83 501
64 69 114
74 196 222
157 25 75
100 76 167
66 162 417
79 71 352
164 105 139
177 80 131
188 115 30
59 110 474
141 156 310
175 40 112
109 41 41
10 107 7
17 147 206
158 86 95
140 164 136
169 196 226
112 111 326
89 114 180
197 190 43
159 160 258
39 177 128
170 121 405
119 108 452
131 43 101
45 34 59
11 176 82
118 150 254
193 198 81
81 33 12
81 173 14
55 49 282
96 17 213
153 1 501
117 155 178
5 35 327
151 118 252
48 129 191
154 105 145
104 130 493
65 56 181
95 145 437
153 90 501
12 189 398
127 144 154
165 13 375
155 50 176
47 145 445
169 102 234
152 78 253
160 183 272
24 42 166
66 44 407
190 62 50
87 72 501
83 54 501
192 168 69
121 94 417
183 194 269
39 167 137
67 18 366
138 92 285
200 128 501
29 146 334
73 40 127
128 191 148
