200 500
27286 12091 11954 25958 14765 25855 26905 12478 87 17239 19310 6476 10305 28080 24733 4084 15297 27069 15884 10010 28494 17286 20300 22316 19444 19952 11256 8843 25984 3185 18645 12655 13593 15246 25127 8497 24142 5154 16737 29411 5559 29492 14816 2899 1358 27750 24465 12957 29450 13420 7847 23092 28197 16093 26792 10713 4091 14451 13925 24044 4525 10772 10940 25170 6816 21509 10339 25501 13250 11329 14288 9504 11289 5644 9697 5285 21054 24211 25471 18156 13193 16328 10453 27533 14195 12833 23140 21667 1925 9025 10087 28855 23637 15091 10499 13377 2541 732 23396 26555 10741 20764 1417 1699 3342 26445 16426 28692 14261 28483 6181 20028 26934 14499 11764 26038 13960 27583 14337 25304 25300 3235 18287 4914 18157 2994 16560 2114 17385 2911 26508 17146 17542 910 14257 20857 15847 28888 11658 9148 18801 30000 21939 3839 11254 8552 14563 26424 15730 4352 29762 23136 19570 4240 15574 24500 18204 4027 24248 8299 7775 29635 2324 28763 25842 17622 23966 9330 6116 4170 26997 12254 22621 7220 2666 20175 27130 12514 7619 736 14594 20878 28662 2489 25759 482 20188 24365 14971 9747 980 20268 24828 19750 11615 4151 4483 9766 13580
29 10 218
28 181 361
188 151 501
198 16 325
143 19 194
76 196 5
103 112 73
103 136 68
198 41 319
122 59 33
52 81 279
132 87 501
107 71 70
93 22 157
75 125 501
41 165 319
139 102 203
59 62 26
155 137 234
101 25 264
86 159 227
109 39 157
175 146 294
108 96 501
126 68 179
13 149 331
183 162 501
66 30 241
137 7 224
32 64 501
61 58 501
154 67 474
157 185 308
19 174 201
74 190 501
175 57 291
32 116 501
124 85 363
195 158 407
147 102 199
120 104 501
7 135 216
56 173 108
8 36 39
144 89 500
6 49 428
20 192 450
142 20 457
169 172 396
58 162 501
111 47 19
26 108 501
166 143 174
9 141 501
60 142 461
18 122 38
166 109 164
30 182 256
107 38 61
153 45 132
141 100 501
88 10 209
154 80 492
71 4 69
61 95 501
94 191 501
158 49 421
2 106 235
110 199 217
139 110 212
34 130 97
40 3 501
106 12 234
18 131 44
181 33 366
5 90 501
11 97 501
34 184 98
163 21 79
84 177 11
182 101 265
9 95 501
174 88 199
192 73 457
159 152 229
153 145 117
77 4 77
150 22 142
111 8 32
164 36 44
51 73 449
54 129 501
173 83 114
86 12 227
31 178 168
185 165 307
93 72 169
14 121 155
80 23 490
193 65 113
78 43 501
113 167 428
138 179 139
46 63 58
15 87 501
25 52 280
82 38 51
117 112 76
114 47 11
92 200 248
45 156 131
193 184 106
42 160 501
119 180 51
140 138 140
40 37 501
16 13 328
169 194 399
130 163 90
50 149 342
148 177 20
118 90 501
123 188 501
92 2 249
170 55 129
171 187 501
178 68 181
53 26 501
82 164 47
180 131 48
1 200 501
39 14 157
69 172 386
17 62 24
127 145 124
96 151 501
6 167 421
85 50 346
121 140 150
79 100 501
97 134 501
125 43 501
144 70 494
199 152 218
31 72 175
57 157 296
51 113 434
150 48 141
126 27 188
187 183 501
74 123 501
148 17 24
77 21 80
98 195 399
35 60 459
129 176 501
168 117 85
197 133 501
44 66 246
134 120 501
54 91 501
27 147 200
135 161 226
23 70 501
24 194 400
5 78 501
42 37 501
65 55 127
11 79 501
53 128 501
64 186 501
133 116 501
197 118 501
48 170 128
127 83 122
1 171 501
115 29 216
160 128 501
161 115 217
84 76 9
136 105 59
3 191 501
44 155 234
67 35 460
146 81 287
24 98 412
91 89 501
189 56 97
99 156 130
176 132 501
190 15 501
75 104 501
189 168 91
94 186 501
63 119 57
28 124 368
179 99 129
105 46 61
33 69 363
