200 500
26288 21915 5398 21782 27749 14408 29399 25726 27028 26753 15235 28789 21299 15272 771 21173 5161 3021 2366 18661 21373 23572 18056 10888 20802 19033 22667 16621 17495 19020 19377 5803 19237 13721 2940 13045 7993 26663 3669 18285 2839 24132 14525 202 3420 5201 13360 9523 12268 29370 8313 10870 13007 9874 8415 2423 14314 20343 1222 16038 23331 713 16131 14694 18093 6268 19226 24552 16636 27466 18492 28147 13092 27649 17847 5298 13084 3865 11072 20291 12836 11862 27117 9593 20135 16596 21651 3647 29354 3075 10558 9176 4872 25153 12113 8879 12083 21967 11522 849 23734 4922 2061 19816 28637 20591 29858 2219 1652 2057 16187 19720 10201 24277 10077 6399 4939 26535 16377 7995 13969 583 10027 9134 29549 22118 12736 23449 8589 25072 27296 24316 22411 11153 16656 4020 12504 8326 12397 5147 10156 28646 10528 17018 13546 13651 26553 5748 1716 9002 7296 5563 23631 4897 8616 12008 15514 18430 21622 16049 3920 7816 15619 27178 19117 8302 614 23624 21017 17628 16809 21963 19521 20763 5801 22754 27600 27488 9168 24297 10066 4001 7055 6238 9146 10227 2128 25719 21425 29609 24841 9556 20365 12397 26256 22642 13508 16214 1818
44 28 1
118 150 1
106 139 1
147 113 1
72 169 1
98 137 1
172 181 1
64 176 1
88 102 1
167 94 1
131 56 1
198 136 1
84 43 1
43 160 1
110 195 1
31 175 1
188 156 1
171 101 1
23 97 1
107 105 1
60 125 1
191 70 1
66 200 1
41 141 1
92 2 1
149 53 1
158 108 1
96 27 1
99 153 1
180 86 1
51 165 1
71 65 1
163 76 1
126 23 1
45 13 1
184 24 1
39 5 1
102 45 1
99 155 1
60 70 1
95 153 1
34 48 1
58 63 1
96 123 1
76 111 1
4 12 1
114 38 1
42 148 1
159 105 1
73 81 1
52 176 1
199 132 1
10 178 1
62 78 1
170 185 1
18 112 1
1 86 1
184 6 1
120 26 1
161 189 1
122 174 1
139 160 1
162 8 1
103 25 1
132 169 1
95 143 1
166 30 1
190 57 1
145 50 1
48 88 1
133 72 1
130 32 1
183 135 1
124 126 1
29 21 1
79 109 1
54 4 1
155 200 1
87 117 1
195 128 1
188 183 1
133 17 1
22 82 1
145 57 1
47 198 1
194 33 1
34 173 1
129 89 1
136 120 1
108 7 1
152 12 1
52 68 1
13 25 1
35 164 1
119 185 1
186 181 1
93 177 1
128 138 1
75 189 1
166 118 1
187 7 1
190 20 1
81 157 1
122 9 1
30 55 1
40 159 1
24 180 1
144 193 1
143 125 1
115 98 1
129 33 1
38 90 1
154 151 1
85 65 1
97 73 1
90 164 1
111 119 1
74 68 1
47 82 1
20 196 1
83 146 1
187 110 1
170 32 1
104 93 1
148 177 1
46 161 1
63 26 1
101 44 1
69 3 1
77 172 1
127 142 1
10 175 1
74 67 1
156 49 1
186 150 1
130 151 1
116 121 1
85 59 1
138 18 1
193 140 1
178 51 1
197 182 1
66 11 1
171 121 1
75 100 1
6 163 1
144 154 1
127 147 1
137 194 1
162 168 1
117 59 1
107 165 1
182 61 1
157 152 1
67 179 1
29 91 1
142 42 1
191 173 1
37 71 1
22 114 1
31 16 1
140 80 1
19 50 1
49 179 1
77 9 1
167 131 1
21 116 1
197 28 1
19 14 1
123 64 1
3 84 1
91 15 1
83 149 1
196 80 1
16 124 1
37 27 1
141 46 1
79 54 1
2 115 1
36 15 1
112 69 1
113 8 1
55 134 1
174 158 1
62 104 1
146 78 1
94 92 1
11 35 1
100 192 1
17 135 1
56 5 1
14 53 1
89 103 1
58 168 1
39 199 1
36 106 1
134 192 1
61 109 1
87 41 1
