200 100
1639 8439 20083 10154 26997 8758 17978 1246 8291 3012 5114 24772 11719 5880 428 17949 17772 4412 29289 18343 12478 8233 10919 18350 21843 29845 26361 26483 8762 16321 25486 18344 2513 575 17032 11147 20275 24019 648 10617 5073 1687 12606 12382 6625 19142 22767 23266 29844 371 1726 20371 13871 28864 29319 18778 6722 23361 7854 28618 13558 21894 408 8924 27845 27544 21759 18642 15227 12592 2526 3120 20808 5199 13504 2446 949 25601 20489 3686 26341 7685 12420 22020 11616 19468 3374 21462 6149 3073 743 12658 9002 3645 5959 21522 29869 10718 22797 1105 24142 7389 25138 10099 8080 4026 3026 2803 4100 19180 29862 22362 9403 21284 16871 27401 18902 10911 11337 6928 2546 5455 7045 14952 29555 18800 27650 16137 7752 2237 12230 22418 12217 29560 27553 7008 15431 1477 25818 11978 10277 27668 13548 16916 11434 8985 19644 8837 28739 16724 9398 29642 774 19055 18692 2383 606 1595 7621 28412 12042 11833 12965 18037 26916 6787 6387 23982 9606 27528 22751 27998 16207 22801 24443 25860 5326 15507 14221 10970 7509 21087 13104 8200 26199 12641 9714 10320 22231 13499 13367 15480 27233 24863 13737 11822 25183 9922 9402
39 198 1
28 141 1
5 196 1
14 154 1
113 104 1
16 18 1
76 182 1
189 174 1
51 84 1
112 7 1
144 35 1
31 1 1
11 55 1
194 145 1
14 57 1
191 130 1
195 2 1
102 23 1
105 53 1
128 115 1
94 93 1
165 25 1
188 110 1
89 150 1
140 100 1
54 79 1
159 3 1
95 118 1
170 134 1
86 124 1
152 127 1
7 185 1
94 36 1
10 92 1
91 48 1
44 190 1
38 200 1
184 46 1
63 36 1
119 187 1
43 71 1
26 183 1
128 65 1
184 126 1
187 101 1
76 150 1
164 11 1
19 45 1
120 80 1
56 147 1
170 13 1
46 107 1
146 171 1
167 31 1
69 12 1
61 52 1
183 82 1
169 155 1
83 9 1
79 103 1
33 70 1
122 107 1
185 132 1
4 65 1
162 72 1
41 54 1
73 97 1
98 191 1
179 24 1
81 136 1
117 51 1
37 169 1
3 27 1
197 15 1
131 66 1
99 168 1
39 148 1
114 38 1
103 37 1
174 138 1
71 58 1
33 56 1
172 77 1
62 141 1
192 59 1
22 106 1
15 130 1
111 133 1
142 161 1
29 6 1
30 136 1
160 198 1
75 91 1
21 115 1
111 61 1
93 45 1
120 48 1
126 78 1
95 116 1
143 16 1
102 82 1
83 88 1
173 134 1
178 104 1
151 84 1
143 29 1
68 171 1
60 97 1
44 43 1
6 193 1
5 47 1
121 50 1
80 24 1
149 23 1
157 158 1
28 96 1
87 41 1
66 92 1
42 122 1
75 154 1
186 49 1
175 177 1
146 119 1
173 40 1
62 123 1
165 180 1
189 85 1
67 132 1
190 108 1
148 9 1
101 8 1
27 106 1
18 196 1
147 157 1
50 88 1
155 181 1
179 59 1
127 121 1
139 90 1
145 175 1
129 85 1
67 133 1
42 110 1
73 118 1
125 163 1
34 137 1
64 99 1
47 98 1
40 182 1
74 166 1
60 113 1
12 160 1
49 52 1
72 19 1
156 129 1
112 53 1
86 159 1
163 135 1
164 17 1
22 137 1
105 21 1
167 20 1
74 87 1
176 153 1
177 32 1
114 131 1
193 194 1
13 32 1
109 26 1
192 20 1
90 124 1
117 152 1
77 195 1
17 89 1
142 166 1
57 108 1
180 96 1
158 55 1
144 100 1
200 161 1
178 176 1
199 138 1
58 34 1
162 168 1
156 116 1
139 197 1
69 64 1
70 2 1
81 63 1
109 125 1
186 68 1
135 35 1
188 4 1
30 140 1
172 153 1
199 8 1
151 181 1
123 78 1
25 10 1
