200 100
13780 4612 7590 12211 15581 11687 19188 29648 8333 20873 29526 25077 17572 27221 14993 14543 27817 6433 5424 14277 18675 11855 23721 5834 4110 4992 29470 12193 17264 26484 15541 23389 22536 6601 8639 25326 25039 21537 1116 24804 622 11887 20705 28017 13190 28847 343 25236 19281 28912 3040 4744 27726 6406 15509 20009 15818 14363 28929 20623 5286 6188 19872 16064 6773 27739 29225 12632 21701 9064 4854 14307 26241 8041 18500 22760 10980 9603 29454 22825 4718 5949 11986 12066 23935 19180 23628 15291 29840 19619 1590 27722 13441 89 9265 25798 6690 28878 6831 16882 26048 3218 16858 9291 489 5552 10886 13260 2382 27741 5823 14 4295 19158 11287 16464 3747 861 14618 14499 1487 11509 27178 3673 13606 17978 17724 12633 19249 6777 14387 4361 11055 16694 21495 18382 4586 12060 9268 13253 23439 14498 17134 5425 16953 24327 20152 2794 8401 24321 16579 24611 26187 26207 18342 9080 6401 0 5270 21303 24835 17073 12616 1921 3882 24415 27199 3218 5946 16452 20035 24138 10392 17774 25561 28929 25961 18884 28950 17280 17904 24229 14830 24453 27262 11285 10138 17265 28399 18337 6454 3687 1324 6020 9494 4327 15699 8810 394
116 93 1
33 119 1
161 8 1
1 159 1
102 168 1
11 149 1
153 176 1
24 46 1
198 142 1
100 41 1
88 180 1
1 168 1
49 156 1
88 72 1
89 103 1
128 141 1
165 106 1
126 147 1
5 166 1
143 74 1
93 131 1
19 79 1
91 70 1
152 100 1
53 168 1
50 120 1
117 111 1
156 84 1
151 68 1
149 179 1
66 150 1
196 109 1
175 112 1
10 80 1
164 81 1
61 52 1
43 51 1
181 1 1
172 61 1
59 190 1
118 112 1
88 194 1
159 200 1
121 27 1
108 47 1
30 156 1
75 96 1
154 168 1
200 40 1
47 153 1
199 118 1
130 177 1
23 10 1
168 149 1
138 185 1
144 181 1
130 65 1
166 105 1
63 88 1
162 129 1
103 88 1
77 56 1
162 70 1
31 94 1
60 96 1
74 85 1
130 181 1
68 195 1
159 48 1
26 156 1
106 104 1
55 92 1
17 45 1
46 33 1
191 94 1
45 86 1
197 17 1
81 37 1
74 60 1
1 62 1
125 167 1
47 109 1
159 56 1
113 166 1
193 9 1
29 109 1
145 41 1
77 127 1
148 33 1
44 106 1
78 85 1
57 94 1
33 173 1
162 87 1
82 53 1
15 184 1
137 16 1
115 152 1
145 187 1
81 158 1
58 162 1
170 15 1
142 181 1
174 25 1
179 101 1
157 29 1
67 61 1
9 53 1
15 10 1
163 129 1
37 160 1
123 92 1
63 181 1
148 169 1
139 181 1
155 188 1
41 93 1
59 52 1
16 135 1
128 79 1
192 160 1
91 171 1
28 182 1
30 54 1
97 84 1
168 118 1
90 48 1
106 112 1
29 53 1
52 98 1
32 148 1
35 148 1
119 1 1
73 169 1
69 140 1
94 71 1
121 140 1
16 7 1
126 68 1
22 177 1
15 186 1
184 99 1
84 125 1
2 135 1
88 8 1
110 156 1
33 191 1
130 189 1
150 169 1
38 53 1
178 86 1
170 122 1
187 96 1
4 187 1
156 6 1
183 26 1
112 182 1
175 188 1
14 124 1
132 189 1
13 36 1
156 185 1
168 52 1
187 174 1
184 133 1
45 29 1
136 189 1
114 154 1
79 9 1
68 120 1
81 59 1
21 27 1
119 95 1
16 58 1
13 147 1
9 3 1
64 55 1
145 156 1
159 76 1
83 108 1
55 63 1
49 166 1
34 140 1
109 170 1
12 77 1
120 117 1
37 107 1
70 168 1
14 91 1
140 104 1
193 146 1
42 101 1
1 156 1
51 1 1
20 141 1
18 62 1
5 39 1
68 1 1
140 134 1
