200 100
29782 20532 4779 21944 2679 8608 5053 26905 10382 21811 24835 4227 4151 28311 2275 26118 8200 15540 28918 23965 8302 29906 11319 7449 20022 14070 27003 5944 8078 13199 7580 5646 17846 10709 8827 25394 17019 22773 29368 27515 2802 11509 10710 29891 19242 23627 17347 21056 27156 11229 15113 23004 29091 14957 10656 1505 28039 25872 1856 27417 13904 8767 14415 5305 6571 3359 29739 16034 13506 3948 2293 10198 9299 13516 26623 27991 17875 20547 4771 6483 3992 24419 4639 10768 1946 10750 28891 1944 4508 2118 19399 27359 29050 24485 494 6463 19416 7875 25661 18777 7260 16212 23529 14977 8863 12831 26958 24483 1252 9927 14205 24661 20697 16444 5576 23544 4030 16991 17240 25974 12325 7085 20587 20294 26042 5627 21011 28922 29835 18601 24639 10148 22858 12190 17716 25321 23009 8330 25020 21171 18014 26839 15565 26882 26166 271 26251 1474 13461 18574 22891 8951 7974 15557 1561 13047 28099 12214 27958 10786 27975 16129 25965 7094 4779 2480 15871 23957 8187 16560 28462 27825 1873 10829 22141 16050 9562 13602 5061 9670 24174 2132 28847 18954 211 27065 14824 10962 26985 15456 3752 3200 24778 24470 5513 21199 8518 21119 29893
171 181 1
121 118 1
50 72 1
96 28 1
178 88 1
96 137 1
32 60 1
155 136 1
160 31 1
110 1 1
71 61 1
166 68 1
44 165 1
31 87 1
153 166 1
32 73 1
49 39 1
27 85 1
86 198 1
184 96 1
76 192 1
134 79 1
160 116 1
166 156 1
4 10 1
141 161 1
10 12 1
17 101 1
100 101 1
30 101 1
135 7 1
66 46 1
64 50 1
82 138 1
28 119 1
104 34 1
33 76 1
107 140 1
198 32 1
142 98 1
42 33 1
24 102 1
136 98 1
190 125 1
35 1 1
111 90 1
112 92 1
67 82 1
31 73 1
35 160 1
160 10 1
40 161 1
95 70 1
65 130 1
18 90 1
156 128 1
20 129 1
45 24 1
199 18 1
20 189 1
177 139 1
43 31 1
159 74 1
73 6 1
47 176 1
144 1 1
133 48 1
24 133 1
178 14 1
136 74 1
176 142 1
7 118 1
126 157 1
130 22 1
55 9 1
84 190 1
120 179 1
43 99 1
49 83 1
180 28 1
181 136 1
131 180 1
106 128 1
112 188 1
164 101 1
91 53 1
93 151 1
116 120 1
128 28 1
2 180 1
80 118 1
94 31 1
191 122 1
188 20 1
44 28 1
75 175 1
9 58 1
128 27 1
78 44 1
46 168 1
119 48 1
173 87 1
37 23 1
186 120 1
164 25 1
170 190 1
197 97 1
56 63 1
198 152 1
140 51 1
136 50 1
183 54 1
101 146 1
18 31 1
161 57 1
41 109 1
103 152 1
3 196 1
159 105 1
190 140 1
76 154 1
130 151 1
1 140 1
88 33 1
42 81 1
134 15 1
94 127 1
26 34 1
197 140 1
157 82 1
3 130 1
76 13 1
134 114 1
11 38 1
148 188 1
123 130 1
145 155 1
86 59 1
115 117 1
134 75 1
75 182 1
79 132 1
52 121 1
28 20 1
8 137 1
30 167 1
195 89 1
101 11 1
79 19 1
29 10 1
94 16 1
31 172 1
73 149 1
121 96 1
54 37 1
136 156 1
69 149 1
87 76 1
28 134 1
5 186 1
46 121 1
1 28 1
185 40 1
134 162 1
108 154 1
147 198 1
62 12 1
77 115 1
79 109 1
109 200 1
83 179 1
143 67 1
113 18 1
158 143 1
35 89 1
55 128 1
21 75 1
32 161 1
137 61 1
119 169 1
194 170 1
31 174 1
121 53 1
83 63 1
54 136 1
28 115 1
124 88 1
195 150 1
21 36 1
163 54 1
34 128 1
191 27 1
164 96 1
180 3 1
137 193 1
177 37 1
15 187 1
82 34 1
89 70 1
