200 100
5745 21489 27741 8486 2802 7235 1352 5879 17797 8307 21616 16172 20523 19378 3612 119 16202 29980 4097 22026 207 2057 9068 5373 12827 28724 11044 24090 3429 10076 22096 26728 23811 13769 12152 4685 21496 24225 22098 20335 20088 20906 1545 8347 21371 15703 17026 17650 29247 21532 21223 27645 22462 18600 7336 29020 4626 8686 17887 12246 1868 4245 17095 19689 14988 14585 22251 20332 15230 550 12303 27851 29266 14032 19068 10935 18236 11258 28077 27975 19287 9952 22679 9501 24959 25795 10141 12219 3130 538 1625 20764 29220 365 9192 28103 12520 29758 6778 20433 20909 29853 7060 11115 4634 23815 26598 8934 41 23956 13424 8447 24513 28226 21751 4866 14030 11604 26619 25090 14598 168 27408 18652 11339 15126 15192 23172 12934 26370 5645 29985 23543 26398 4007 23495 20473 8695 8346 21438 25655 12586 22491 17484 12804 18421 15264 9662 6653 6534 10075 27167 5934 9914 10994 8875 2535 20579 18948 8250 202 1343 10415 3441 4068 4077 23874 1863 14963 13636 15413 2888 25965 17629 5060 14046 12177 14182 4101 8783 17957 14806 12804 22393 20190 29597 3857 28929 22110 22485 12739 28951 15761 17355 18070 4884 26465 10531 5519
126 138 1
191 19 1
177 65 1
68 124 1
121 167 1
187 36 1
103 17 1
94 104 1
82 70 1
160 88 1
173 159 1
168 192 1
53 110 1
132 9 1
105 109 1
188 111 1
77 96 1
198 71 1
79 116 1
132 180 1
50 163 1
200 135 1
119 165 1
44 134 1
194 99 1
123 103 1
36 112 1
124 189 1
128 114 1
129 144 1
63 25 1
146 77 1
90 9 1
133 166 1
63 151 1
13 42 1
75 142 1
170 165 1
100 140 1
56 29 1
76 126 1
196 37 1
95 131 1
12 50 1
143 100 1
52 139 1
163 55 1
60 20 1
162 108 1
157 67 1
21 56 1
176 87 1
141 189 1
148 39 1
74 26 1
64 179 1
83 16 1
11 54 1
123 151 1
66 180 1
80 30 1
84 154 1
34 35 1
174 178 1
142 92 1
107 91 1
130 185 1
89 172 1
139 86 1
185 99 1
153 154 1
127 58 1
4 160 1
55 156 1
187 60 1
57 145 1
40 113 1
150 195 1
110 62 1
109 122 1
149 93 1
184 192 1
181 61 1
14 35 1
71 28 1
15 152 1
120 45 1
32 70 1
182 27 1
79 33 1
130 85 1
31 140 1
125 97 1
2 171 1
4 164 1
53 102 1
58 43 1
47 197 1
177 46 1
97 129 1
44 179 1
23 122 1
167 178 1
72 200 1
136 141 1
5 95 1
176 64 1
38 59 1
48 7 1
34 19 1
184 13 1
45 199 1
39 21 1
101 171 1
22 134 1
3 76 1
25 107 1
38 145 1
68 162 1
24 84 1
98 92 1
197 89 1
137 117 1
193 133 1
147 169 1
198 186 1
108 32 1
67 150 1
136 73 1
2 149 1
91 6 1
158 161 1
81 51 1
24 116 1
61 119 1
190 98 1
20 46 1
43 137 1
118 85 1
26 75 1
188 69 1
30 190 1
17 94 1
1 113 1
3 174 1
57 83 1
49 121 1
49 106 1
12 27 1
182 82 1
111 115 1
193 170 1
117 33 1
5 128 1
148 196 1
120 157 1
135 78 1
81 144 1
54 37 1
168 194 1
48 90 1
175 199 1
87 8 1
143 155 1
146 161 1
104 131 1
42 10 1
186 41 1
93 195 1
191 62 1
183 15 1
172 112 1
125 78 1
28 47 1
183 155 1
51 6 1
156 22 1
102 106 1
11 40 1
101 147 1
96 14 1
118 29 1
18 66 1
173 86 1
169 69 1
158 88 1
153 16 1
127 159 1
114 175 1
152 73 1
31 115 1
23 10 1
18 65 1
8 59 1
74 181 1
72 164 1
41 166 1
80 105 1
52 7 1
