200 500
21305 12021 24714 10063 1914 8260 12550 29396 21278 21579 18587 28879 23044 17846 1631 24328 19482 10879 24146 1783 7361 11778 6012 723 14576 28294 18943 16726 23299 4142 23809 1730 2404 15298 28160 8143 15889 16481 4029 16928 8047 27682 8064 13756 19485 983 12005 7676 26455 3293 989 28765 27038 20807 29652 1921 24228 29798 8794 11685 1654 14405 22253 22412 10506 20680 20249 238 11015 2788 28145 3246 10366 16096 16903 9869 24440 13443 10336 9503 1399 12165 15490 28819 16052 27948 5955 13638 6281 18102 15147 26032 2255 11472 19675 23969 11693 4445 12889 11821 9171 14067 429 18217 5791 28710 7450 16204 22184 17150 17704 19141 26394 245 11215 8124 12562 9817 4006 17645 11309 4195 22038 25947 25820 6950 26049 5741 15569 26283 19086 5851 18021 21338 27749 8669 5801 28186 345 17786 26861 27234 16899 10527 5637 28611 26621 24236 1320 22169 21484 11297 2456 10052 4791 26656 15539 17059 11341 28565 6884 23635 23053 26822 28967 20878 16643 14796 11068 12453 11189 27059 14339 18660 8747 17235 16117 19838 14638 17638 19427 27685 12037 12665 16484 21062 20416 10617 4912 5734 12750 14092 18848 14549 10459 23937 7224 29288 1286
64 48 1
177 186 1
52 162 1
186 71 1
169 36 1
187 37 1
29 58 1
43 48 1
97 39 1
100 175 1
155 8 1
152 189 1
85 70 1
13 160 1
137 18 1
171 60 1
177 123 1
63 124 1
75 13 1
77 153 1
165 138 1
109 114 1
34 161 1
149 164 1
117 157 1
171 69 1
111 113 1
181 168 1
72 164 1
126 6 1
154 29 1
4 124 1
23 65 1
89 198 1
33 30 1
178 143 1
88 94 1
103 82 1
26 88 1
74 191 1
173 99 1
50 151 1
195 51 1
117 65 1
169 84 1
17 116 1
83 152 1
47 125 1
109 28 1
194 149 1
113 137 1
154 146 1
28 58 1
85 31 1
102 55 1
53 78 1
120 54 1
119 97 1
116 15 1
64 96 1
3 2 1
60 86 1
47 100 1
159 126 1
74 63 1
158 195 1
39 76 1
37 112 1
168 180 1
87 125 1
1 136 1
151 199 1
53 22 1
42 174 1
42 68 1
21 183 1
165 199 1
25 46 1
93 192 1
79 141 1
91 99 1
167 139 1
32 62 1
200 112 1
71 170 1
140 130 1
172 68 1
150 22 1
148 95 1
67 167 1
132 41 1
143 70 1
157 115 1
191 153 1
67 36 1
175 158 1
66 190 1
7 184 1
38 136 1
190 107 1
105 104 1
32 27 1
121 147 1
83 147 1
144 82 1
172 90 1
26 163 1
44 104 1
130 62 1
129 103 1
106 93 1
134 46 1
3 49 1
161 19 1
17 23 1
135 57 1
106 141 1
5 96 1
79 127 1
121 51 1
92 18 1
118 9 1
179 110 1
59 45 1
90 122 1
16 91 1
11 173 1
89 133 1
162 34 1
24 94 1
16 148 1
166 198 1
80 45 1
135 184 1
156 95 1
76 75 1
144 128 1
86 84 1
134 150 1
156 73 1
105 114 1
24 72 1
111 56 1
197 182 1
20 27 1
110 193 1
180 10 1
2 142 1
77 73 1
33 187 1
4 35 1
35 160 1
131 12 1
61 185 1
196 9 1
101 123 1
40 119 1
11 19 1
145 200 1
163 41 1
181 59 1
31 166 1
101 131 1
56 49 1
87 197 1
193 192 1
20 142 1
118 92 1
38 178 1
50 185 1
25 80 1
128 139 1
179 108 1
14 183 1
12 196 1
188 140 1
176 81 1
132 159 1
127 155 1
145 188 1
69 15 1
57 182 1
146 189 1
6 5 1
174 81 1
66 43 1
30 138 1
194 122 1
98 14 1
21 44 1
8 54 1
108 61 1
10 120 1
102 170 1
55 115 1
176 7 1
52 133 1
98 78 1
129 40 1
