2
100 100 500
67 20 30 25 46 45 61 45 76 72 69 90 0 81 4 82 30 83 32 3 81 64 14 82 26 9 93 60 80 11 71 47 44 95 54 11 80 38 37 31 81 91 73 63 90 49 59 6 47 14 39 76 82 62 12 65 37 69 21 4 64 93 84 89 98 86 43 13 86 28 8 0 21 56 48 68 86 45 15 97 44 69 73 23 97 77 82 42 65 94 77 20 38 56 90 36 41 99 54 57
72 32 55 38 92 22 91 62 87 54 75 53 50 14 58 27 80 60 50 9 11 9 88 72 55 44 33 72 30 86 30 15 13 68 0 7 42 62 3 0 14 31 4 5 10 29 64 99 21 67 29 100 54 28 0 39 38 67 1 92 75 26 86 39 51 54 74 0 43 1 13 100 30 23 38 83 72 11 22 54 7 24 21 0 6 54 18 79 2 42 57 22 11 24 13 40 49 13 62 69
26 5 50 87 99 8 38 17 50 18 3 75 49 82 71 87 34 2 8 90 64 67 28 60 37 93 34 93 27 44 53 98 38 43 24 82 28 85 61 35 5 4 87 20 63 21 80 24 43 18 45 60 6 4 67 69 65 10 51 58 30 98 83 82 40 0 1 51 19 38 10 85 56 52 57 21 69 58 13 10 54 52 27 53 7 9 68 3 24 91 64 65 9 89 82 65 76 90 91 36
62 3 42 21 99 49 35 56 52 71 17 85 95 83 38 54 35 21 53 2 77 25 34 92 76 28 17 70 13 19 50 21 36 71 4 73 84 17 76 17 62 8 78 9 63 73 21 12 6 11 93 91 41 52 33 38 94 59 79 100 92 99 14 72 13 67 73 75 72 89 33 56 58 31 93 63 7 6 14 40 86 28 30 20 86 76 43 82 12 49 27 70 25 60 63 49 76 84 51 77
1 16 94 90 76 7 28 75 48 39 100 51 51 6 92 17 96 44 67 10 37 16 45 73 1 61 74 15 17 96 52 81 76 6 77 16 35 46 8 57 67 83 8 66 82 46 21 94 96 59 38 27 45 5 47 34 65 67 29 14 42 0 92 97 48 48 55 18 88 58 20 12 85 85 96 65 19 91 84 47 69 18 97 75 1 71 47 16 55 91 58 31 90 23 40 95 70 20 52 51
82 6 48 21 50 21 40 31 13 30 84 76 37 7 75 63 28 66 28 76 50 78 36 55 61 84 98 96 91 17 12 40 43 95 34 16 53 79 54 100 37 50 43 93 8 41 65 36 83 61 77 72 75 69 16 37 78 26 15 0 23 29 55 24 24 72 13 59 26 89 61 35 10 49 7 18 48 90 21 60 25 4 52 18 59 49 35 24 49 65 16 89 50 10 57 88 2 28 90 74
48 47 70 70 75 63 82 39 59 87 96 10 50 70 55 79 7 47 79 69 87 37 68 4 61 61 95 52 80 10 61 56 23 23 67 5 86 80 72 57 43 82 64 94 88 100 65 37 16 61 54 26 9 69 4 94 45 99 31 35 79 53 87 58 51 100 73 64 18 85 20 79 14 14 1 70 74 15 54 6 34 75 58 37 57 64 53 0 52 91 90 15 98 97 63 83 19 69 26 92
58 73 14 54 31 59 29 75 75 32 98 82 19 53 95 26 18 22 19 24 95 28 23 99 61 82 64 7 76 56 22 34 16 41 79 50 64 84 29 9 47 74 29 33 96 92 68 86 66 83 73 21 41 90 78 93 35 86 36 72 52 30 25 98 28 66 21 51 40 70 4 72 9 37 17 11 74 18 63 6 15 20 25 43 60 29 0 69 25 5 89 14 38 56 16 11 78 4 79 78
18 86 72 49 72 42 1 58 24 23 100 11 9 100 24 94 97 25 62 89 20 66 70 12 100 29 74 41 17 72 33 76 59 46 51 2 59 74 87 92 9 15 82 71 62 0 57 23 15 90 16 64 91 22 89 54 0 22 82 91 8 7 59 43 74 17 70 59 88 23 75 37 27 7 28 7 69 24 40 10 60 95 12 90 55 37 76 44 95 47 10 51 37 50 15 52 62 77 11 93
74 55 42 21 47 30 74 66 57 6 97 37 1 80 37 73 21 97 32 49 8 54 96 55 89 18 0 88 61 86 73 66 67 61 56 48 77 95 8 41 38 82 58 62 99 87 30 1 35 9 43 74 48 100 69 11 69 64 2 100 10 45 94 13 81 14 18 94 100 71 32 65 58 94 88 63 4 8 12 30 4 1 67 90 35 80 68 100 42 99 94 85 30 1 19 5 91 56 11 89
92 50 79 19 71 32 85 98 27 31 84 31 39 25 46 5 97 69 29 71 37 32 65 70 5 12 48 62 88 71 50 13 45 90 29 80 14 36 9 7 78 10 62 41 10 32 100 18 83 47 92 17 60 63 29 30 8 9 74 94 28 46 84 93 18 29 1 85 38 91 53 9 84 98 89 43 90 26 23 40 70 58 96 30 94 14 5 26 6 75 96 3 99 43 3 31 69 44 20 55
78 50 47 79 19 37 45 73 66 28 43 48 88 14 99 76 93 76 39 55 3 52 58 81 93 63 28 32 96 93 85 53 100 22 83 19 34 26 84 1 20 30 96 28 37 82 50 3 39 87 54 28 77 25 38 62 36 59 17 99 81 47 49 82 54 55 81 84 16 68 42 25 84 37 78 23 80 65 39 58 68 41 70 48 81 21 67 88 79 4 63 96 58 18 64 4 52 88 72 65
69 87 87 74 70 8 32 55 58 32 1 86 41 83 58 41 35 71 13 53 73 16 88 85 20 62 25 43 100 23 95 45 61 66 17 77 17 67 56 48 69 79 5 59 22 49 39 79 26 85 94 57 5 45 56 8 16 29 71 14 8 35 87 42 92 69 5 2 23 71 5 16 60 54 42 51 5 19 12 44 29 66 33 71 66 19 80 76 45 14 13 9 97 40 97 85 74 34 76 50
59 27 55 92 4 5 10 18 16 16 55 25 8 64 12 91 58 83 51 39 4 17 85 92 39 40 26 88 66 38 7 36 28 48 37 14 94 18 56 100 82 23 100 35 28 39 52 72 28 47 91 95 75 69 71 19 54 42 93 11 36 7 23 1 60 58 84 0 82 46 28 15 52 17 33 71 62 55 38 35 53 88 61 57 56 9 71 10 58 65 94 30 73 2 88 22 85 70 25 17
67 42 57 81 61 19 9 33 42 97 28 11 50 79 95 6 57 17 1 70 89 99 32 79 86 77 22 54 7 63 68 58 19 76 83 42 73 78 60 86 89 49 16 84 75 78 50 53 25 89 82 23 90 99 27 53 51 26 99 87 99 73 46 58 74 75 24 36 31 67 89 18 66 64 95 58 95 100 61 44 55 80 58 18 20 39 31 58 18 73 90 66 43 24 74 25 3 37 7 42
32 91 85 50 71 52 100 80 82 0 73 23 2 33 15 29 91 93 28 32 49 18 15 93 81 39 24 23 46 44 55 82 40 15 74 35 68 87 82 99 67 21 81 72 94 65 5 51 55 30 95 1 35 32 86 81 6 37 38 92 29 93 97 43 13 43 2 27 79 9 97 23 73 65 76 53 39 17 75 72 12 35 64 55 87 91 14 53 38 73 44 43 85 72 15 46 40 70 66 55
49 47 9 76 96 98 70 56 30 100 30 24 4 7 25 8 29 10 63 56 83 26 23 73 99 10 86 85 41 27 67 30 48 84 49 52 56 53 99 7 4 16 17 87 80 49 71 15 12 52 73 64 23 95 30 26 97 20 88 34 62 36 66 36 13 64 95 27 20 94 19 2 28 53 76 9 36 82 33 83 74 12 60 67 85 68 97 73 5 33 70 1 71 68 4 51 2 49 58 95
76 36 97 20 45 19 92 14 0 69 80 34 25 48 23 28 41 30 44 100 5 14 38 78 81 49 6 17 75 37 43 37 64 59 60 31 45 6 19 78 1 99 75 48 62 12 2 59 54 74 29 69 64 82 21 28 62 63 84 8 82 76 5 20 18 11 56 3 45 10 93 78 5 90 63 36 88 97 27 96 42 12 81 36 75 75 52 5 95 78 46 17 71 56 94 29 65 49 51 15
25 59 100 45 97 10 19 35 38 91 27 15 34 99 93 92 41 33 83 54 65 50 94 97 2 61 75 92 7 58 89 67 37 55 61 2 95 59 7 40 7 57 72 27 81 14 6 99 69 9 10 15 46 9 47 32 19 34 71 39 51 35 50 83 75 89 97 1 79 52 21 56 70 29 32 4 32 81 36 81 36 83 9 46 70 37 93 90 86 28 29 6 63 22 80 44 59 71 87 60
72 17 63 15 72 99 98 46 76 96 25 78 92 18 5 53 9 20 49 18 23 95 67 34 28 82 80 10 15 60 26 10 89 18 77 23 55 11 39 4 89 85 32 16 89 100 40 84 30 1 40 35 69 42 30 51 43 69 11 80 79 30 29 5 16 61 18 75 18 23 46 11 75 10 43 84 80 12 79 72 51 33 41 13 95 33 37 57 39 8 78 81 47 70 43 4 52 62 42 39
34 3 91 74 2 54 28 77 72 41 21 97 61 55 58 16 11 61 72 64 39 15 90 77 21 35 85 86 44 67 17 56 91 30 86 40 68 1 99 78 81 89 3 31 27 39 25 77 5 12 5 41 16 51 32 0 68 67 70 66 7 94 8 30 77 42 16 93 74 9 45 43 65 24 100 77 45 27 1 29 70 5 42 61 11 23 71 78 10 47 66 65 43 53 80 16 93 75 8 95
52 60 79 31 59 79 64 89 29 94 4 20 71 33 30 86 85 42 45 78 38 100 99 87 92 86 90 57 85 15 71 96 12 72 2 37 89 93 18 1 15 50 72 7 33 55 23 100 97 84 40 90 12 76 47 22 84 96 8 68 70 96 23 77 95 75 85 59 56 33 99 76 32 44 84 87 73 42 42 9 27 50 53 100 65 32 46 88 25 91 36 10 74 17 50 7 92 32 81 61
18 91 79 76 64 91 52 12 36 43 80 9 87 32 89 8 100 5 76 81 42 77 27 72 73 58 56 25 85 66 86 19 45 71 77 83 2 50 69 90 45 57 86 45 0 92 22 5 76 2 64 56 71 99 73 68 89 56 35 18 46 52 43 45 44 15 10 63 65 33 56 7 52 14 40 16 9 50 28 21 20 29 41 5 88 86 89 31 75 68 35 31 68 55 47 67 3 23 89 55
49 32 12 74 52 84 83 40 1 62 6 41 95 64 89 72 32 88 75 72 28 24 25 20 60 60 22 97 98 27 12 28 81 0 40 62 88 75 61 70 17 85 57 69 91 28 85 70 18 63 47 46 48 11 0 59 7 92 90 14 61 49 5 98 59 12 76 60 31 56 44 62 48 27 85 17 86 34 67 45 0 89 91 45 92 92 82 56 2 89 63 62 12 25 87 93 80 100 64 7
49 14 30 57 25 5 56 37 91 2 17 31 13 93 75 51 17 22 50 44 94 73 2 88 68 77 38 68 30 32 1 53 14 93 56 94 21 15 46 33 35 85 44 88 31 31 49 55 69 91 81 45 5 33 42 67 88 71 14 8 98 30 76 89 95 94 41 35 85 16 93 95 42 27 9 99 61 45 53 21 1 61 1 54 52 78 29 33 20 89 16 11 18 82 23 97 48 100 70 49
53 95 60 14 78 75 58 4 42 45 54 92 38 72 39 71 1 16 44 35 67 73 2 75 44 23 32 51 4 43 45 69 90 31 29 4 13 98 8 64 8 7 64 16 17 94 58 97 55 9 7 10 10 87 35 98 84 34 37 43 2 68 78 15 83 91 21 16 44 12 8 11 81 60 72 16 44 66 1 31 98 22 31 4 40 4 100 3 68 11 16 2 50 45 2 45 20 50 48 43
98 14 80 6 11 35 74 25 80 45 40 26 61 75 53 14 21 79 38 36 32 80 44 43 20 71 73 71 43 83 15 75 71 71 71 97 83 43 6 29 13 32 22 36 5 28 67 95 28 73 71 16 88 46 26 69 22 67 14 97 16 40 39 23 12 9 24 27 80 1 55 45 18 16 90 99 85 89 55 9 9 92 55 14 27 33 98 37 5 7 24 93 17 89 76 42 24 95 39 37
66 61 75 41 26 0 59 71 46 9 7 93 51 53 58 51 37 9 49 49 26 22 82 26 38 85 40 33 52 65 66 22 60 18 77 97 61 70 23 62 64 32 100 41 57 100 72 84 54 69 32 78 27 3 91 83 12 62 19 76 89 54 15 56 4 74 65 14 33 29 100 66 58 48 18 78 29 44 93 38 12 35 6 44 71 75 64 59 72 43 77 35 96 43 77 80 87 83 90 69
31 75 38 36 55 30 78 39 46 80 49 51 93 96 56 88 92 43 46 91 13 71 70 93 25 75 72 45 29 55 36 73 19 46 97 98 0 67 52 97 22 74 21 61 96 19 79 59 72 33 48 37 50 46 92 19 4 37 11 98 6 78 13 97 41 82 22 66 3 66 94 47 40 90 77 78 29 73 80 21 78 0 54 55 17 2 92 16 31 53 33 11 82 28 2 83 38 61 35 58
70 57 94 96 18 36 51 12 84 83 64 91 36 38 45 4 28 97 49 85 31 71 5 0 18 85 5 10 9 57 85 18 54 4 31 80 96 21 12 73 49 18 36 61 87 39 78 91 47 66 50 88 88 16 71 35 69 0 46 76 35 88 18 18 1 3 72 57 56 81 60 31 85 70 18 44 82 6 33 66 27 33 35 11 74 47 22 83 18 72 51 2 100 59 47 95 9 44 97 90
36 56 62 54 2 15 45 88 43 52 99 96 95 60 88 68 45 94 99 78 61 31 82 49 35 23 34 58 91 62 4 92 86 18 64 69 89 42 63 38 64 11 21 100 89 51 67 29 59 19 25 50 24 100 15 13 46 33 74 20 40 93 45 56 41 50 26 42 93 95 7 27 69 64 42 49 64 53 78 75 87 57 79 24 88 32 12 38 16 78 18 79 26 19 62 64 41 44 88 9
90 70 52 30 38 85 79 95 18 3 96 79 54 86 3 7 64 68 19 5 88 84 29 99 7 42 59 21 8 56 22 61 83 10 89 59 76 44 91 60 56 66 32 80 33 18 42 77 50 7 62 96 72 15 71 56 33 93 73 77 96 75 25 27 52 90 68 95 73 26 33 27 24 91 69 7 67 22 2 21 28 58 42 46 84 45 40 95 50 72 80 57 11 72 52 27 82 86 8 88
93 26 49 86 85 76 36 99 87 74 45 31 62 23 53 66 6 58 76 80 100 46 10 61 71 61 14 84 77 2 56 15 20 79 57 63 11 39 95 47 9 47 54 18 63 31 25 69 51 73 72 100 54 56 23 41 20 29 79 13 23 90 60 49 54 70 84 19 8 12 61 7 38 67 26 57 14 37 36 69 63 97 3 7 11 29 100 57 90 11 75 15 49 78 31 24 52 72 15 24
52 25 54 86 86 46 90 4 83 9 94 13 78 14 40 67 45 67 58 73 37 26 82 24 30 91 6 70 100 98 7 71 55 17 55 24 91 75 35 31 90 97 86 39 52 22 100 16 43 84 38 80 9 99 75 63 94 45 43 29 71 11 34 46 3 10 90 97 48 56 87 56 13 29 70 52 46 13 39 58 69 99 61 26 38 71 75 69 78 41 78 95 29 78 54 29 32 31 97 92
29 78 8 82 52 37 74 41 21 62 96 57 10 69 52 52 5 94 17 20 21 74 51 4 75 12 90 49 4 34 8 32 51 83 53 6 5 50 20 24 24 39 36 87 22 51 85 95 51 76 57 7 81 66 96 92 43 46 20 36 94 1 54 17 84 34 2 62 79 13 26 88 53 66 40 63 82 92 86 95 51 55 40 46 52 15 53 7 30 43 87 12 42 61 8 29 76 86 57 20
100 22 10 52 46 37 79 92 84 92 96 47 16 1 26 43 75 100 42 72 98 4 88 19 51 89 93 98 3 93 79 23 38 55 98 59 12 13 60 94 81 84 42 30 28 33 67 38 82 95 53 100 53 85 80 33 95 68 58 42 34 98 92 26 65 39 32 21 61 66 18 86 10 34 33 83 80 81 87 76 41 25 76 45 91 69 40 75 30 6 27 87 94 51 92 48 3 80 64 46
22 56 31 14 91 44 0 16 19 91 17 50 94 43 58 50 99 4 43 95 80 38 11 52 57 6 99 2 8 31 80 0 24 21 73 100 71 26 21 55 72 25 63 11 95 94 68 63 69 63 80 89 78 9 4 97 72 87 83 86 47 9 33 52 35 33 84 23 68 3 45 89 53 98 100 43 25 97 14 43 58 35 84 20 17 45 23 37 19 83 95 25 4 29 83 53 79 1 11 100
91 97 39 7 89 83 49 81 10 33 69 35 9 13 51 19 6 52 50 89 94 31 71 55 96 68 96 53 43 47 32 95 57 23 88 41 9 45 29 2 72 53 60 96 54 4 89 69 100 56 72 10 79 32 93 41 85 26 32 81 60 9 20 26 98 74 16 84 26 48 47 79 57 20 68 38 21 31 93 42 4 36 26 32 44 100 68 39 73 77 12 4 9 44 20 89 20 72 87 87
80 0 37 38 30 39 8 16 34 73 73 77 2 35 88 48 18 88 35 86 56 18 24 73 26 42 33 34 77 66 25 87 55 61 49 24 23 8 65 86 0 93 19 38 80 94 81 87 34 10 99 43 54 34 68 30 43 90 42 19 84 56 73 76 10 3 33 16 62 63 36 57 9 70 37 41 81 92 96 36 93 90 100 44 82 23 87 67 12 28 37 7 23 7 4 73 43 6 75 92
62 0 6 60 23 14 99 47 47 95 37 33 13 64 20 12 49 57 45 61 90 0 85 21 93 92 71 48 55 74 61 38 49 1 45 90 96 16 63 33 0 96 52 22 18 85 19 49 31 26 50 13 7 47 41 70 46 0 56 35 9 85 52 80 14 22 54 96 47 9 25 39 48 20 26 86 85 73 38 86 88 66 10 82 43 50 79 67 61 76 76 34 27 61 10 46 1 76 98 74
1 27 32 20 97 22 0 52 15 19 31 78 38 27 64 45 40 97 43 72 47 18 37 61 60 69 38 13 71 65 20 64 80 32 72 9 15 45 68 55 97 15 30 82 98 42 14 71 59 68 19 39 55 91 21 85 31 64 44 22 91 83 51 71 59 17 81 18 75 52 80 56 27 7 3 91 60 14 57 67 77 80 51 16 77 30 65 70 25 79 1 95 28 40 27 94 37 87 67 44
55 7 62 88 19 2 93 73 83 67 29 56 31 41 80 43 0 72 64 66 77 36 41 72 1 96 2 87 40 75 70 6 35 23 9 1 74 86 24 57 59 0 48 64 62 16 76 92 74 37 6 57 76 41 69 33 12 30 78 18 67 31 72 80 64 40 50 87 17 91 47 41 87 30 50 53 89 86 41 7 62 77 28 26 60 94 54 69 95 85 19 34 59 34 83 67 60 95 22 97
49 44 53 56 61 25 77 93 95 32 31 23 22 17 72 21 65 40 47 80 3 84 62 6 100 52 30 55 5 30 49 22 85 41 63 83 41 4 45 8 99 88 75 31 66 79 60 67 13 6 68 76 49 20 46 81 26 73 12 23 63 46 34 20 71 44 28 47 74 31 94 37 62 29 27 18 91 9 20 54 53 95 45 7 72 89 58 86 36 31 30 87 68 45 40 55 45 1 44 88
89 62 30 21 65 86 15 33 70 27 49 52 39 61 77 47 84 59 82 77 47 84 98 85 84 60 56 0 73 98 10 35 75 16 13 61 2 86 73 4 16 82 87 72 22 75 10 5 44 11 59 49 11 63 6 24 98 27 80 82 63 69 91 47 53 0 69 33 65 88 60 10 62 6 67 98 58 35 60 22 21 52 7 65 36 29 48 87 68 11 96 59 74 7 95 53 7 29 91 42
24 9 53 50 86 70 0 92 65 12 61 70 97 68 24 95 58 20 1 18 63 57 8 65 69 73 4 79 65 42 83 58 13 87 7 58 60 59 34 16 39 2 56 6 72 94 67 41 42 76 31 98 83 47 77 34 61 42 69 20 3 19 64 75 30 53 44 60 40 71 7 61 34 61 57 94 51 33 15 23 4 46 19 36 5 18 61 62 7 93 71 49 95 14 34 52 9 52 33 96
67 1 73 88 8 33 71 72 43 68 94 88 98 80 22 58 5 22 53 58 4 61 45 93 53 80 44 29 13 12 48 73 50 99 75 82 83 67 45 34 71 2 78 65 17 9 55 93 71 16 8 29 84 47 3 49 62 12 89 37 56 80 98 38 73 79 9 18 41 21 79 6 59 58 65 28 73 26 79 60 76 48 90 18 46 93 3 28 28 72 1 81 32 60 13 59 25 24 24 25
24 70 82 29 81 45 98 70 73 54 64 39 52 92 88 98 70 20 27 66 61 1 90 87 12 5 59 81 23 94 96 32 43 72 55 98 16 71 15 54 91 84 8 36 94 82 22 40 78 1 64 49 63 26 21 23 100 75 14 39 56 11 6 22 29 71 1 84 35 59 91 36 69 25 91 56 50 3 14 97 11 4 28 35 66 16 37 10 58 55 33 58 93 23 81 81 83 81 65 18
71 28 36 84 77 72 26 78 9 19 53 57 10 31 17 97 50 55 19 36 63 19 67 71 32 47 3 39 34 79 68 29 95 22 16 18 58 87 11 66 62 83 69 44 69 4 42 2 79 23 70 49 19 47 88 98 69 34 41 25 80 55 19 6 19 24 42 16 49 68 11 84 4 59 94 90 13 23 94 26 2 72 97 20 6 66 40 30 81 52 98 96 6 18 91 84 55 85 49 20
47 45 82 57 67 86 68 58 25 97 45 71 23 85 73 26 18 5 55 11 98 95 11 23 81 79 60 58 30 79 10 21 22 83 95 51 91 29 16 80 34 99 49 92 28 69 30 22 62 38 31 66 24 18 35 25 69 71 15 11 27 44 70 98 97 19 2 40 9 64 27 70 18 73 5 66 93 80 90 55 14 88 13 28 31 86 56 48 11 82 41 84 77 88 14 77 22 47 66 10
9 62 8 41 68 45 51 45 14 92 30 37 87 67 1 71 91 58 97 92 64 6 56 71 25 41 62 1 20 2 26 77 66 65 60 11 61 23 13 9 41 56 34 8 98 74 58 14 64 95 9 37 5 11 85 16 40 63 87 40 79 89 25 92 23 94 12 75 57 92 5 68 86 96 20 38 43 5 37 38 99 10 18 60 38 33 67 17 97 24 99 5 77 74 6 56 37 69 10 13
11 28 37 93 10 35 64 66 95 45 36 38 90 27 76 3 26 8 96 58 97 31 21 2 26 86 36 32 24 76 71 36 80 3 24 17 38 96 89 42 20 66 10 39 20 67 66 56 41 96 37 74 93 9 10 83 51 64 55 62 20 69 60 36 40 11 51 96 9 16 64 34 21 56 95 96 40 75 89 22 52 72 28 70 33 18 59 12 66 11 86 12 52 37 64 55 22 69 5 80
25 38 26 99 48 36 42 90 7 18 65 75 67 65 12 23 40 93 12 32 50 50 56 75 0 74 19 13 22 64 57 16 3 66 58 77 67 8 37 29 86 24 53 56 28 42 19 4 4 99 80 45 61 98 75 14 23 84 86 98 33 74 3 94 58 32 14 23 28 84 9 39 90 87 84 63 24 0 82 59 88 97 44 44 44 87 32 65 28 12 48 83 78 0 87 42 89 38 37 48
44 49 60 82 68 21 66 17 21 58 89 48 63 18 37 21 86 78 21 40 20 81 53 65 45 52 62 44 90 40 14 10 17 65 11 22 40 35 44 55 2 81 82 42 27 38 21 58 9 14 88 96 69 56 38 31 52 32 94 86 9 87 18 8 98 23 13 75 66 32 55 74 73 14 32 91 95 25 83 30 95 18 33 47 4 66 70 5 36 1 75 10 57 60 45 37 27 20 12 2
45 33 73 86 55 100 35 1 97 71 56 12 1 29 37 85 73 50 69 20 93 31 60 23 83 38 89 100 83 40 98 40 55 87 17 88 98 71 29 31 87 41 16 8 60 99 73 19 73 4 69 3 52 6 14 54 7 42 66 27 68 13 46 2 68 44 36 80 21 60 0 27 26 38 78 18 89 24 51 52 89 30 15 26 5 21 1 19 73 89 93 69 85 69 33 75 45 67 68 4
8 7 36 90 7 6 94 14 58 37 56 55 81 99 66 28 26 71 98 77 69 22 83 65 68 61 71 76 61 13 94 18 93 18 95 63 18 83 24 26 7 49 55 61 87 54 5 45 39 96 65 47 67 59 17 67 18 91 75 67 80 93 64 78 94 39 28 13 38 19 84 35 89 20 4 44 8 47 8 73 32 86 79 36 5 55 78 81 92 23 89 33 38 51 18 45 8 73 87 10
9 67 97 11 92 77 27 22 8 12 28 61 43 73 74 44 63 40 88 57 65 59 89 11 33 71 61 79 26 98 88 51 90 5 89 36 75 62 49 11 84 61 88 29 50 50 52 89 1 98 28 92 51 16 3 99 19 66 34 2 96 37 93 85 8 5 61 35 96 25 44 43 71 70 38 48 49 56 35 78 81 92 50 42 17 12 74 7 57 29 92 36 48 12 4 30 76 8 39 66
70 61 37 2 61 20 62 17 79 78 36 18 26 80 2 23 20 72 18 79 35 30 83 97 18 79 98 91 86 41 94 39 72 25 4 59 7 22 4 91 81 71 36 53 83 33 96 41 64 66 43 24 29 69 63 79 21 89 32 90 56 77 11 24 17 95 59 30 35 94 4 16 30 10 84 54 33 61 4 47 78 83 60 87 86 98 50 81 30 60 12 17 57 52 92 97 86 69 81 28
31 2 36 82 53 65 44 20 23 88 56 31 85 39 94 32 58 74 96 10 65 54 7 97 33 87 19 98 9 22 23 26 47 14 26 70 35 48 92 49 6 79 56 71 38 90 48 45 13 77 51 7 4 87 53 36 45 39 84 63 30 71 63 94 73 32 44 2 33 1 93 40 2 35 55 45 22 66 89 40 51 63 19 3 86 79 68 46 46 74 27 66 5 79 72 29 1 24 78 41
87 81 77 3 0 100 100 25 42 19 9 15 18 29 76 96 13 26 13 49 24 61 73 13 79 18 12 26 62 29 3 56 99 33 10 6 37 70 49 57 11 60 74 85 99 100 83 83 31 61 84 81 74 71 57 32 7 88 54 65 60 95 94 31 2 41 6 76 43 37 75 46 19 89 19 15 7 38 3 45 31 99 98 57 50 27 32 57 65 2 39 94 69 58 45 27 58 67 8 56
57 12 78 49 50 17 74 94 87 80 15 0 42 63 19 30 55 11 25 12 26 93 24 2 66 94 15 53 24 93 58 66 76 61 1 9 84 7 45 74 54 53 68 94 7 18 34 95 93 23 34 31 25 80 58 35 67 47 48 64 99 48 23 45 34 11 27 94 7 36 92 32 38 14 78 50 38 96 45 44 83 89 81 16 38 89 94 2 26 46 98 63 89 47 38 94 52 36 15 28
23 13 43 62 6 31 31 39 28 40 12 58 78 87 3 94 59 11 37 66 80 58 62 66 39 17 89 100 84 64 57 83 67 81 75 78 32 16 12 56 14 61 54 72 8 79 25 65 54 78 98 34 19 11 88 25 63 70 45 4 2 73 58 0 83 10 45 37 60 27 84 19 64 40 100 28 52 65 11 24 33 93 32 38 19 75 20 57 93 65 25 49 5 44 66 10 15 43 98 58
36 73 57 80 5 84 16 2 30 8 59 46 20 97 80 48 58 69 98 26 56 26 83 88 12 93 82 9 65 78 37 52 59 69 23 74 26 56 1 16 45 72 45 90 55 47 86 24 91 34 27 89 55 44 59 40 34 100 46 82 62 13 34 7 13 20 25 43 67 29 17 41 65 80 91 6 74 53 73 18 88 53 15 74 68 64 47 67 58 42 54 73 76 24 54 73 19 25 8 44
65 19 60 59 51 48 23 55 90 37 42 6 80 21 29 48 35 61 60 1 9 50 96 32 45 54 27 99 2 19 53 73 77 70 46 83 79 1 26 29 63 95 48 24 28 81 65 47 86 49 83 28 27 53 34 59 46 52 43 28 63 62 79 49 87 18 26 48 100 54 50 4 42 29 45 5 44 3 91 2 18 74 2 14 3 68 63 1 78 95 72 80 0 60 67 68 55 94 62 18
81 96 75 74 4 40 85 49 79 71 36 21 57 61 4 96 18 7 26 26 69 12 72 61 78 13 35 52 71 77 14 25 2 96 98 100 45 26 37 32 4 45 83 82 48 55 69 81 9 83 35 27 55 45 6 29 99 25 81 35 14 77 24 33 13 54 30 26 92 1 18 74 80 43 55 99 73 51 9 85 39 75 6 85 19 53 19 21 28 79 82 21 41 85 54 84 96 32 58 75
9 62 79 91 19 58 21 4 3 81 26 54 10 82 83 3 43 87 43 35 26 85 73 52 32 85 84 55 16 38 23 6 61 13 89 1 58 83 47 84 85 70 53 80 50 12 27 67 88 43 55 72 78 28 23 29 18 65 22 41 61 60 75 57 19 38 44 97 31 23 42 89 56 80 90 59 99 78 82 4 96 12 3 3 26 9 59 68 36 99 76 61 39 0 65 88 19 40 97 95
59 99 71 56 41 65 47 93 65 40 9 35 94 25 8 80 84 33 94 74 46 35 1 38 2 61 71 47 19 69 29 84 54 38 97 68 54 24 65 17 89 42 29 80 83 5 0 89 43 85 54 78 55 29 73 94 18 10 78 59 78 77 35 65 15 88 9 73 92 59 48 1 20 79 24 88 42 94 20 64 56 45 92 97 49 40 94 16 75 13 96 15 53 40 10 60 47 57 47 82
51 13 60 24 84 27 73 13 29 81 23 90 74 59 32 44 93 99 65 53 61 53 76 59 64 19 76 91 26 89 73 66 11 63 49 6 67 40 91 2 18 43 25 34 30 26 12 42 23 93 60 69 87 98 13 22 100 55 74 0 50 26 49 53 50 83 56 71 56 23 82 52 0 40 2 39 71 50 40 26 87 80 86 32 69 54 88 39 97 53 25 48 94 93 68 99 44 5 46 28
81 47 25 93 44 22 13 65 71 67 72 62 64 59 2 31 83 97 27 18 49 65 59 36 88 25 91 10 89 32 49 40 32 3 17 29 70 99 23 54 82 71 62 95 35 10 37 63 31 55 100 76 51 97 17 51 0 25 48 64 99 14 99 96 81 23 4 90 55 13 48 80 33 69 92 14 86 13 30 82 36 16 41 33 64 70 14 59 23 21 3 94 42 24 8 23 81 69 58 85
62 55 17 29 40 8 78 46 88 19 2 42 18 71 77 70 3 32 18 4 89 28 79 17 40 10 36 51 86 60 5 74 39 9 63 9 33 68 25 83 47 93 44 94 91 13 36 33 25 56 28 52 68 46 26 98 78 70 84 1 4 78 31 95 72 81 2 3 18 32 89 83 95 91 84 27 2 70 44 2 88 37 72 77 18 50 5 22 61 25 84 15 68 37 24 94 92 30 31 67
87 74 25 7 88 5 76 42 56 78 17 61 93 83 27 40 73 60 5 15 88 1 91 45 59 92 70 56 4 27 75 1 18 22 35 40 8 98 40 79 53 98 67 48 33 38 18 9 38 3 25 42 45 80 86 5 31 25 58 93 11 28 47 16 5 87 90 70 29 58 81 18 45 16 82 9 64 26 87 16 73 21 46 25 93 17 54 52 55 11 2 4 94 40 22 54 98 27 20 91
36 17 10 5 41 6 79 68 21 19 30 83 36 83 68 92 51 78 87 54 2 100 61 31 76 11 39 71 10 75 10 97 31 92 79 79 65 8 11 37 86 54 17 81 86 56 77 38 74 54 79 69 93 0 68 69 0 36 42 88 63 90 41 57 87 72 4 34 68 32 100 17 47 35 84 31 91 69 38 33 44 83 56 61 54 20 94 75 72 14 31 12 39 70 55 21 33 45 67 50
41 12 77 25 92 2 45 5 44 15 86 9 83 33 9 42 96 86 61 99 53 21 43 57 23 24 6 42 49 38 24 69 84 30 88 34 32 96 60 50 55 36 18 30 76 51 81 67 52 37 46 10 0 43 90 11 50 93 81 59 26 73 54 22 31 49 93 48 3 62 17 70 83 16 65 73 15 32 55 21 68 8 29 68 2 4 39 72 82 43 33 71 5 100 28 95 63 26 15 42
14 92 59 26 37 93 71 40 94 98 20 88 4 48 42 42 97 55 25 43 73 84 73 39 8 99 87 74 23 75 36 8 95 44 18 90 61 38 99 2 37 5 25 34 77 58 53 25 6 34 95 84 13 26 23 97 57 11 13 89 97 88 40 51 50 22 29 75 23 1 43 72 75 3 57 5 16 59 64 98 40 6 39 24 26 53 82 99 62 36 36 2 7 45 25 98 0 69 0 65
20 56 94 28 22 68 11 26 50 12 9 46 41 20 95 42 58 69 26 81 14 97 52 18 8 35 93 65 12 24 45 12 70 63 15 47 49 58 60 15 54 8 27 23 75 79 96 39 50 33 51 19 75 49 54 56 34 44 84 50 63 33 7 83 44 95 15 44 19 24 44 33 96 68 89 36 3 63 27 43 80 28 95 10 54 98 16 84 47 82 87 38 89 58 51 74 23 28 85 39
97 94 46 72 42 43 36 99 86 96 91 89 24 19 79 3 37 46 42 16 46 36 64 52 35 99 87 42 23 7 59 92 83 13 71 64 9 3 19 87 75 91 75 1 45 19 51 100 87 25 42 73 88 7 89 12 27 74 82 72 18 47 15 82 100 46 51 17 59 7 55 61 73 65 4 37 33 23 43 10 11 77 20 4 4 74 4 30 43 57 70 17 21 40 10 61 61 71 38 16
90 28 23 31 42 79 2 43 27 49 39 61 73 69 85 75 82 15 100 18 11 61 32 31 55 80 81 45 5 49 29 35 18 66 61 26 6 89 98 54 31 27 12 0 87 28 77 2 41 18 85 87 60 94 48 33 24 79 90 69 9 85 93 63 1 34 94 89 56 47 92 62 77 88 31 14 93 54 57 59 84 65 14 46 34 86 93 46 57 66 61 40 88 90 54 77 54 86 42 87
45 82 77 85 85 80 49 59 25 46 47 56 26 32 22 88 47 91 82 73 89 89 7 42 14 95 39 89 8 39 58 73 97 52 44 26 99 85 54 58 5 66 86 98 91 79 42 35 23 96 57 31 60 62 31 92 70 70 83 29 50 70 33 15 41 50 23 99 46 23 62 37 80 80 36 46 92 53 89 61 8 7 86 66 66 83 16 2 67 47 94 5 23 100 7 88 63 71 3 62
35 10 45 5 9 60 79 41 23 11 95 86 81 50 10 30 72 96 80 78 74 81 98 53 10 4 76 68 65 72 100 46 88 41 29 54 84 99 25 80 75 75 89 65 86 74 91 66 6 56 90 67 18 28 96 22 8 14 53 97 58 43 23 15 57 95 40 33 61 81 2 31 88 49 70 34 24 83 12 15 57 62 46 57 53 11 28 97 55 92 19 59 63 7 74 39 37 89 99 56
64 41 89 99 60 18 1 83 69 22 43 41 22 96 53 48 25 28 11 63 45 59 56 23 24 89 19 27 72 40 26 85 76 51 24 39 91 79 8 16 25 47 54 70 6 72 18 100 20 18 42 91 88 70 37 79 48 38 49 25 53 29 97 93 36 73 27 59 100 69 46 71 18 49 29 38 66 40 73 51 21 97 74 76 39 13 72 55 77 59 46 39 31 89 78 53 5 20 39 83
16 3 40 66 40 80 35 28 73 54 18 16 66 26 11 85 34 89 75 35 41 72 16 31 28 16 19 88 50 78 8 86 61 43 32 13 99 88 85 14 64 74 86 73 19 23 13 11 0 32 41 81 15 40 80 75 55 23 60 41 96 96 79 89 64 21 34 80 41 70 100 56 8 52 36 27 52 62 70 54 66 30 68 40 89 43 43 87 95 42 0 3 48 56 65 66 89 5 20 40
19 19 31 3 61 97 94 46 77 81 10 39 69 65 46 3 87 24 100 41 77 24 15 24 48 70 75 1 80 62 86 22 85 42 13 87 94 58 94 56 66 27 37 97 27 40 92 31 77 15 7 79 45 30 93 64 92 73 22 16 74 16 18 27 60 79 43 27 17 5 4 96 83 1 72 36 67 52 4 60 82 33 85 98 79 21 100 100 58 72 34 5 75 14 36 8 58 33 35 45
8 67 36 62 62 25 37 0 47 38 18 61 9 61 42 40 72 33 28 49 53 64 39 65 33 95 56 79 16 32 35 48 70 26 58 6 29 75 92 63 10 76 37 57 56 29 18 68 54 90 37 84 96 26 85 46 1 100 28 11 91 59 60 67 7 2 24 85 42 31 56 89 3 45 9 78 93 20 66 12 43 48 48 99 52 77 50 42 10 44 71 46 25 67 31 82 2 59 18 17
85 80 63 74 9 74 46 36 73 24 32 2 6 80 78 85 71 12 53 0 73 58 49 51 44 100 14 96 73 21 27 13 22 44 10 90 5 99 40 51 50 57 86 84 84 41 4 76 52 79 8 85 31 46 38 27 73 86 21 11 65 14 35 8 68 56 86 100 66 37 3 40 49 96 51 21 76 0 60 2 34 43 71 0 58 18 36 18 18 59 76 60 90 76 98 87 8 12 90 60
7 2 25 76 4 52 4 82 28 0 35 0 63 25 12 69 5 92 25 75 29 39 44 69 51 79 90 11 90 14 97 95 53 65 28 97 53 89 86 78 94 82 4 12 67 66 95 32 60 40 31 93 76 70 17 73 42 96 13 32 95 34 28 63 9 37 5 81 88 100 52 15 42 50 1 7 66 20 39 74 43 21 3 31 7 38 4 78 29 56 86 97 62 45 28 84 56 34 81 63
30 93 73 62 32 43 70 71 86 5 35 43 2 26 4 64 96 31 94 11 45 10 5 64 83 38 90 23 57 33 18 62 38 30 60 41 27 40 97 54 81 16 66 91 57 59 41 56 90 73 94 4 60 88 71 80 98 53 35 91 85 3 48 99 60 50 9 21 88 81 44 43 60 35 46 62 24 40 40 56 79 50 75 33 91 8 60 21 40 37 76 55 92 87 99 80 24 2 44 34
59 24 72 97 37 87 55 29 41 11 42 89 46 19 68 2 59 1 16 68 66 100 8 50 70 65 31 61 68 65 22 89 56 80 29 67 21 50 47 2 18 23 44 8 25 60 57 15 64 40 69 29 40 62 34 55 78 57 63 95 89 61 98 10 78 80 10 74 6 76 14 15 48 94 27 67 71 22 88 72 20 62 64 22 84 71 39 17 92 6 100 97 53 73 85 22 44 24 15 29
73 89 35 68 50 56 9 76 48 27 88 11 25 65 21 44 75 10 67 55 24 41 70 89 0 91 19 70 10 51 81 71 62 23 64 65 20 42 80 80 13 60 94 6 81 5 27 51 99 24 21 40 33 47 93 18 5 35 43 97 25 8 19 40 15 72 97 27 6 50 34 98 34 13 17 22 12 47 1 97 65 49 37 45 1 42 78 76 4 93 36 57 25 9 4 44 88 23 100 85
64 31 84 53 21 100 13 67 22 74 64 39 37 73 90 65 63 68 84 10 2 10 37 72 94 70 4 12 19 11 45 91 84 21 29 43 32 64 45 96 59 54 48 89 2 34 1 43 76 47 45 80 65 92 70 25 0 19 80 75 5 11 0 37 92 56 13 46 10 10 85 28 30 64 33 81 48 63 58 65 65 81 37 0 99 80 56 46 31 73 64 86 15 5 41 69 33 97 2 83
8 59 97 8 29 75 33 30 52 97 99 88 28 49 31 64 47 65 61 85 76 86 94 15 46 45 63 64 33 22 94 8 71 24 80 25 4 24 60 62 26 17 2 77 17 65 6 51 44 33 98 74 3 4 80 60 93 22 41 17 0 10 23 32 8 34 92 20 40 69 72 82 9 13 93 6 63 39 94 35 9 22 1 9 27 77 78 51 37 31 28 47 53 54 68 59 94 23 38 1
91 82 32 95 9 89 95 38 49 80 46 85 46 52 56 48 68 28 3 85 4 11 1 46 11 90 2 56 7 78 49 83 10 29 81 9 94 67 17 61 43 13 13 57 23 21 4 4 92 31 72 76 37 40 81 11 69 68 47 83 24 71 11 34 44 12 11 23 9 60 17 3 27 48 55 45 71 71 97 13 77 54 88 29 99 96 74 74 7 68 74 84 25 43 7 25 72 80 4 98
73 12 39 9 17 82 54 84 33 63 59 62 24 75 28 24 90 99 15 35 68 75 91 16 20 59 62 87 10 44 80 27 99 99 33 8 59 83 77 63 39 43 85 49 12 34 76 37 5 26 42 23 71 83 41 49 85 98 43 27 7 41 79 27 58 65 58 9 8 10 63 12 2 47 90 86 34 83 58 34 98 55 23 56 96 100 23 51 1 4 52 30 58 82 23 54 39 3 74 27
47 32 100 2 86 11 1 100 97 75 78 87 11 98 33 27 72 69 64 59 35 33 91 67 11 38 76 77 39 67 56 87 19 25 62 3 66 5 7 59 91 1 90 58 8 5 66 53 12 37 5 80 88 85 68 47 21 93 46 53 71 1 55 55 91 76 14 0 73 81 25 84 96 3 94 22 87 37 37 56 33 82 39 16 13 93 27 15 90 42 22 55 41 65 92 54 26 0 87 96
64 58 30 70 20 30 99 96 68 28 52 90 31 95 29 26 53 12 52 52 79 97 9 63 85 65 30 88 41 83 68 7 43 26 98 34 35 49 12 97 24 55 66 6 93 41 7 46 37 52 80 80 6 54 16 24 23 49 0 60 36 44 32 100 25 18 57 77 82 99 23 43 61 92 58 42 85 21 68 77 61 54 41 33 34 21 94 28 82 1 49 18 16 21 94 6 21 61 21 51
91 45 26 25 84 52 68 60 21 4 77 0 12 27 37 100 51 69 62 85 19 90 12 58 74 59 37 19 79 81 75 58 62 79 2 8 45 54 59 50 91 81 94 98 60 22 35 69 57 60 79 48 62 7 81 97 5 86 58 23 71 89 45 6 15 72 8 90 44 28 92 9 23 42 15 96 100 80 5 71 82 22 36 53 44 41 90 8 29 15 40 81 69 3 32 76 49 82 23 65
78 75 46 58 9 95 11 100 87 38 1 1 80 72 83 41 0 21 91 82 29 31 37 33 16 66 4 69 20 60 98 56 90 23 10 19 94 10 57 81 11 53 53 64 32 18 0 96 42 80 41 41 69 34 52 16 25 63 93 40 52 95 21 56 100 45 3 5 16 2 75 36 17 3 54 18 88 56 84 11 64 7 76 74 21 67 42 90 37 18 38 55 21 50 78 15 58 78 13 80
72 37 49 90 43 38 68 93 45 69 80 71 38 47 94 12 33 28 88 100 29 91 74 22 2 28 22 93 47 36 52 70 5 37 25 85 80 57 15 70 98 46 9 6 100 63 15 41 56 94 66 57 78 83 39 20 75 51 70 98 86 96 10 24 93 76 69 36 44 62 10 81 68 9 4 28 63 48 78 89 31 48 59 45 2 33 24 12 42 20 19 6 99 66 84 74 99 56 39 77
83 72 16 66 38 38 21 20 4 22 36 89 95 30 39 95 73 78 70 30 91 61 9 79 25 60 8 5 65 6 58 58 57 15 40 30 60 99 93 6 39 52 51 75 1 54 51 59 73 33 58 67 35 24 42 28 57 92 89 84 23 22 89 71 42 23 81 61 89 39 55 87 91 86 34 32 91 54 25 39 91 11 8 22 90 30 57 60 71 40 59 100 19 83 98 41 15 29 28 80
14 20 36 30 6 8 82 6 13 51 3 68 41 26 74 78 46 23 78 97 10 18 89 75 28 63 18 71 0 82 3 81 15 66 2 73 84 26 15 72 65 14 97 88 80 36 50 79 17 26 4 49 51 16 84 29 58 59 42 80 21 67 9 9 89 20 87 92 14 76 2 76 92 47 84 49 34 10 93 87 55 71 52 5 69 65 51 63 98 40 43 87 21 79 83 22 53 20 97 59
62 94 4 75 92 41 37 98 7 4 95 63 86 84 28 1 60 0 6 68 22 90 75 85 6 61 54 74 45 93 74 6 88 92 8 16 8 83 83 55 54 59 23 82 80 2 71 87 91 56 48 17 13 94 92 36 22 74 88 70 29 97 62 88 15 48 73 44 20 80 88 93 16 23 13 58 9 1 68 4 19 92 84 26 87 32 44 72 99 8 18 43 27 54 33 90 16 92 48 79
37 16 82 91 76 72 47 20 83 81 66 52 22 60 45 43 75 8 54 36 89 82 34 26 6 25 38 27 83 42 30 96 4 32 47 12 63 51 86 8 82 69 29 37 2 32 28 53 78 61 17 31 45 7 54 86 14 58 80 56 12 24 6 85 81 76 68 72 26 45 91 54 45 12 24 86 18 23 60 75 90 21 14 66 92 83 41 59 8 78 98 97 11 40 60 67 34 71 45 81
