1 6
1 13
1 18
1 34
1 51
1 61
1 76
1 86
1 91
1 100
2 23
2 28
2 57
2 71
3 1
3 53
3 67
3 95
4 9
4 16
4 31
4 43
4 79
5 4
5 21
5 38
5 63
5 73
5 85
6 49
6 91
7 12
7 35
7 41
7 56
7 70
7 76
7 82
7 87
7 96
8 7
8 19
8 25
8 30
8 100
9 2
9 47
9 65
10 38
10 53
10 78
10 93
10 98
11 17
11 22
11 32
11 59
11 72
11 85
12 4
12 13
12 27
12 45
12 81
12 89
13 50
13 63
13 68
13 77
14 8
14 24
14 30
14 55
14 74
14 95
15 1
15 35
15 60
15 100
16 15
16 20
16 44
16 82
16 91
17 5
17 11
17 29
17 40
17 53
17 57
17 87
18 25
18 33
18 49
18 67
18 97
19 2
19 8
19 18
19 73
19 79
20 28
20 38
20 45
20 55
20 63
20 89
21 13
21 51
21 70
21 84
21 95
21 100
22 4
22 24
22 32
22 42
22 60
22 66
23 20
23 48
23 74
24 17
24 56
24 80
25 8
25 39
25 62
25 88
25 96
26 3
26 14
26 33
26 45
26 77
27 37
27 50
27 54
27 68
27 99
28 6
28 21
28 26
28 64
28 92
29 12
29 30
29 35
29 40
29 57
29 61
29 84
30 17
30 47
30 73
31 4
31 51
31 78
31 97
32 20
32 25
32 37
32 56
32 82
33 11
33 31
33 63
33 70
33 76
33 89
33 94
34 1
34 7
34 15
34 46
34 53
34 100
35 27
35 40
35 59
36 4
36 19
36 66
36 78
36 85
37 23
37 34
37 55
37 90
37 95
38 12
38 51
38 63
38 98
39 1
39 16
39 26
39 47
39 58
39 72
39 93
40 7
40 32
40 38
40 43
40 76
40 87
41 19
41 68
41 82
41 100
42 14
42 23
42 35
42 53
43 4
43 47
43 61
43 78
43 92
44 9
44 26
44 66
44 73
44 88
45 20
45 32
45 37
45 43
45 56
45 84
45 95
46 1
46 50
46 63
46 80
46 100
47 6
47 11
47 23
47 28
47 40
47 53
47 59
47 90
48 34
48 45
48 68
48 74
49 16
49 25
50 9
50 36
50 55
50 61
50 83
50 94
51 5
51 29
51 47
51 65
51 70
51 75
51 98
52 23
52 41
52 91
53 1
53 12
53 18
53 50
53 58
53 77
53 81
54 31
54 45
54 53
54 68
54 86
54 95
54 100
55 25
55 38
55 62
56 8
56 20
56 48
56 72
56 89
57 55
57 66
57 78
57 98
58 23
58 29
58 39
58 60
58 83
59 1
59 18
59 34
60 45
60 74
60 81
60 88
60 94
61 4
61 12
61 21
61 49
61 58
61 69
61 100
62 28
62 42
62 54
62 61
62 85
63 7
63 32
63 72
63 78
63 96
64 36
64 64
64 91
65 10
65 18
65 52
65 59
65 82
65 87
66 3
66 22
66 67
67 8
67 15
67 26
67 34
67 45
67 56
67 62
67 75
67 93
67 100
68 49
68 70
68 80
68 89
68 96
69 29
69 38
69 53
70 1
70 13
70 21
70 98
71 35
71 43
71 59
71 64
71 82
71 87
71 94
72 10
72 18
72 47
72 72
72 76
73 25
73 40
73 55
73 68
74 6
74 62
74 92
74 100
75 31
75 37
75 45
75 87
75 96
76 3
76 19
76 53
76 57
76 75
77 14
77 34
77 50
77 82
78 28
78 71
79 10
79 21
79 47
79 64
79 91
79 98
80 5
80 37
80 52
80 68
80 80
81 17
81 24
81 43
81 95
82 76
82 83
82 100
83 8
83 20
83 49
83 56
84 14
84 39
84 53
84 70
84 86
84 92
85 4
85 30
85 46
85 60
85 65
85 79
86 25
86 51
86 57
86 89
87 11
87 16
87 21
87 34
87 42
88 1
88 54
88 68
88 96
89 27
89 62
89 73
89 85
90 9
90 18
90 22
90 47
90 92
91 25
91 35
91 52
91 58
91 78
91 100
92 6
92 14
92 43
92 70
92 88
93 2
93 10
93 20
93 28
93 38
93 55
93 66
94 32
94 45
94 83
95 17
95 26
95 61
95 98
96 40
96 75
96 86
96 94
97 9
97 14
97 21
97 35
97 49
97 69
98 1
98 30
98 55
98 63
99 18
99 46
99 97
100 6
100 23
100 28
100 33
100 41
100 51
100 58
100 66
100 92
