2
100 100 500
29 33 45 45 36 65 6 51 5 65 56 64 86 14 8 72 10 82 33 79 98 39 27 34 82 3 18 73 80 22 69 95 1 96 71 79 99 84 65 3 72 42 1 92 10 11 72 32 24 26 96 39 66 68 26 59 93 55 75 25 96 41 8 19 72 18 76 32 48 27 55 43 62 85 38 77 27 58 81 75 35 24 69 91 86 97 62 75 81 61 98 42 97 23 50 28 40 39 32 99
63 48 77 88 25 73 28 34 2 46 1 49 87 89 21 88 18 2 61 97 96 32 93 30 0 84 43 97 92 77 59 16 64 12 60 82 48 31 86 12 62 1 99 90 40 5 2 48 74 2 67 96 84 47 95 77 91 9 70 97 24 60 70 44 10 14 49 66 8 69 95 72 77 64 64 12 60 33 46 62 8 55 74 96 63 90 85 28 66 1 73 71 99 14 32 27 1 17 86 4
85 92 12 66 67 12 82 78 46 64 14 84 37 85 61 59 21 71 5 56 40 54 30 55 9 74 23 91 31 10 28 48 71 24 93 28 25 50 83 4 23 36 12 53 72 54 73 36 28 51 25 1 100 7 7 6 84 22 25 82 4 55 14 92 24 57 88 78 42 80 54 43 41 23 87 51 54 43 31 63 17 2 80 33 91 85 10 16 24 24 79 88 78 35 92 3 78 53 77 91
42 77 52 73 20 32 53 100 91 77 31 20 9 15 71 84 90 20 88 69 41 82 35 89 54 71 7 89 34 66 97 3 74 41 18 38 63 27 65 14 93 50 98 75 74 62 55 9 76 8 85 87 46 85 30 35 96 19 65 84 64 68 72 73 78 38 70 45 91 31 50 25 74 77 62 3 10 12 79 62 57 10 32 89 45 32 46 92 83 87 67 45 81 23 20 83 2 33 60 98
94 61 87 95 28 82 98 85 8 5 64 46 58 47 20 89 6 75 21 19 95 8 6 24 19 13 35 19 69 68 91 62 93 39 53 9 57 88 37 74 90 14 7 90 40 45 81 83 29 36 17 26 18 64 12 2 2 14 81 51 68 94 83 50 74 61 74 2 66 22 70 56 85 7 15 60 32 46 50 74 46 48 83 80 98 87 77 98 24 20 45 94 98 59 68 34 0 29 43 75
14 19 61 28 3 64 89 43 53 74 93 71 23 15 70 17 76 16 20 8 48 39 32 5 18 79 38 52 99 83 60 34 66 96 10 15 31 8 88 3 72 99 93 42 60 65 83 92 90 52 12 28 75 0 6 45 91 83 23 28 2 28 46 46 43 79 55 16 2 0 54 45 90 2 61 24 7 43 6 20 57 87 39 75 91 38 37 26 15 71 98 48 72 16 51 54 38 36 62 49
22 55 4 54 66 66 73 77 66 23 2 94 8 2 45 77 9 88 88 13 45 61 97 69 39 76 50 11 19 40 48 70 72 17 97 25 11 60 58 94 86 27 84 85 50 83 20 75 100 75 2 35 56 9 11 85 25 13 83 20 85 42 59 12 9 41 42 94 100 96 5 98 9 69 96 100 24 53 44 91 15 94 67 29 27 22 98 58 17 44 27 18 72 89 78 95 18 17 90 22
36 57 43 84 24 33 96 43 73 24 49 75 46 60 48 55 22 17 92 41 69 50 89 32 92 31 20 90 4 98 65 60 94 69 1 22 1 3 25 31 79 70 85 90 25 40 33 5 88 61 54 12 79 20 41 33 91 76 52 0 34 29 42 2 55 40 35 20 15 15 97 20 37 25 28 50 14 71 55 17 74 50 64 37 45 38 53 66 44 2 37 82 2 54 16 26 58 19 43 96
49 100 58 32 58 0 14 36 13 48 75 81 77 60 37 9 78 56 93 88 62 74 19 16 76 68 71 71 86 8 29 41 86 68 7 92 49 50 83 50 64 93 16 70 51 88 100 20 61 91 62 23 39 40 88 14 85 26 5 46 1 64 17 74 71 4 72 66 20 49 22 37 82 16 42 35 13 19 59 8 27 0 35 14 7 3 33 26 84 39 47 67 46 11 75 47 86 24 62 99
2 7 0 27 96 75 94 33 57 46 66 76 42 59 17 13 50 38 73 7 66 92 47 91 47 17 22 40 61 31 42 82 32 26 31 76 77 98 21 100 5 71 78 40 15 97 72 26 16 94 56 43 80 84 60 69 42 59 96 8 11 73 41 32 0 41 17 59 56 51 69 44 95 30 2 55 0 96 33 19 87 10 90 97 86 57 42 63 4 95 92 73 99 46 55 22 45 99 64 55
38 74 23 62 76 51 19 14 20 3 10 66 9 68 43 79 98 1 71 20 47 89 69 54 49 65 22 14 76 78 9 99 73 58 81 42 70 29 37 55 36 57 46 47 80 38 27 83 70 83 55 74 58 94 8 5 96 58 86 85 9 41 33 79 57 7 36 86 15 2 71 99 56 56 12 68 88 63 76 94 58 91 26 8 98 18 99 1 0 80 13 2 55 34 79 86 55 15 4 21
55 68 69 83 66 29 97 38 86 88 15 56 99 81 25 48 86 45 63 73 42 55 80 16 63 15 100 79 18 92 54 16 84 100 95 30 56 54 33 1 87 70 34 82 89 0 36 98 41 47 63 15 89 45 19 2 75 92 38 50 7 62 27 60 92 15 39 81 69 40 56 30 19 66 31 18 24 4 25 69 94 5 79 23 99 74 3 27 97 51 58 51 11 25 60 22 36 42 1 86
90 25 68 86 34 11 69 82 71 10 63 27 4 85 2 85 81 48 65 66 3 35 58 72 75 80 70 81 80 67 95 21 46 75 9 57 12 55 59 5 13 85 98 73 84 19 60 10 15 99 77 31 86 4 92 61 26 71 42 67 61 34 92 21 5 7 37 98 46 85 82 17 15 11 74 100 96 37 28 59 81 60 63 73 78 68 16 70 81 96 23 13 37 88 68 10 40 34 90 60
31 5 0 21 17 3 49 86 9 51 52 24 41 28 79 80 83 19 38 25 7 3 11 98 33 41 12 29 51 95 65 81 87 21 23 0 44 25 83 0 73 34 76 78 38 77 72 90 35 53 35 90 4 70 100 45 56 72 86 65 22 87 88 32 39 72 56 91 72 85 59 26 90 93 13 28 8 2 94 37 98 76 32 6 61 73 82 23 5 18 68 57 74 84 96 79 83 79 90 64
97 23 66 53 92 79 0 81 85 66 54 44 74 1 10 3 77 44 12 64 92 28 38 50 37 21 13 73 90 95 87 24 8 70 91 13 52 34 77 57 100 25 45 76 74 63 24 61 35 93 88 89 94 78 58 40 15 86 64 77 8 1 26 56 38 6 52 60 96 66 74 88 33 4 51 22 20 61 47 53 36 46 78 35 81 79 78 38 58 4 33 87 79 25 66 30 6 48 80 95
71 78 58 46 41 85 93 42 81 38 16 68 87 26 76 59 45 15 59 79 42 68 54 70 95 12 31 88 2 73 40 36 97 23 53 29 21 81 14 85 34 96 81 96 55 49 36 64 11 70 48 21 6 74 57 32 81 31 49 24 59 91 96 55 92 48 4 54 48 50 62 42 59 12 30 1 88 38 5 0 6 84 27 59 99 15 27 45 19 23 89 89 65 41 35 91 71 91 65 53
61 57 82 47 98 49 81 13 53 5 84 48 30 53 1 21 47 94 95 22 49 42 9 99 13 41 67 41 98 65 30 7 41 88 13 15 89 5 65 96 34 56 57 49 12 76 63 23 96 27 11 62 96 39 89 86 99 74 16 21 63 32 44 72 74 10 71 38 90 62 24 21 26 45 83 62 91 58 82 58 90 5 88 43 46 91 98 14 20 43 20 45 12 62 65 53 53 4 61 84
20 87 21 98 92 48 84 68 20 42 56 14 36 43 22 47 86 88 100 69 40 1 12 1 93 46 22 70 85 29 29 33 83 21 46 94 11 17 51 51 44 79 59 11 55 13 11 70 79 70 84 31 71 49 14 81 93 32 81 76 45 89 98 28 91 75 93 91 77 86 58 31 73 99 88 39 74 66 64 33 64 77 33 66 83 50 52 2 46 40 24 18 78 42 69 42 98 47 26 66
81 86 42 91 60 32 51 91 17 2 46 41 18 68 73 59 18 98 26 15 4 9 3 21 16 3 21 95 40 37 86 95 76 75 84 88 21 60 79 70 69 49 43 46 89 70 43 3 28 74 66 11 40 95 48 51 25 13 29 63 79 64 46 65 9 81 38 4 49 85 96 61 99 52 38 18 9 45 99 70 83 41 69 36 70 19 18 43 94 65 50 81 4 55 41 91 69 8 63 84
54 78 100 27 8 58 38 91 86 64 62 89 23 28 10 11 37 93 10 46 76 19 62 85 64 51 76 98 92 87 21 17 47 40 23 37 30 89 36 79 81 87 23 69 99 80 14 43 29 5 85 23 5 8 99 39 34 72 35 92 45 81 93 45 66 95 20 17 40 93 54 25 7 86 59 69 30 70 99 6 46 58 63 60 2 99 65 27 97 70 34 86 38 18 43 48 32 40 78 34
17 68 2 22 45 30 51 86 23 44 27 8 98 41 96 37 82 89 51 56 48 89 71 81 9 23 63 49 64 91 65 78 41 60 72 77 60 100 44 68 79 33 32 37 67 54 16 84 56 96 97 76 27 54 66 67 85 65 5 49 55 70 89 25 65 10 46 79 66 85 35 17 47 43 31 61 81 36 76 72 13 87 8 96 47 42 8 53 86 77 73 92 2 0 98 65 4 36 14 90
56 99 24 91 12 77 54 54 51 3 80 38 90 36 43 92 68 76 37 40 3 35 91 96 88 52 5 71 5 36 89 97 16 71 39 24 72 16 3 19 46 89 48 36 23 6 93 35 82 82 36 92 2 1 36 14 15 2 63 90 65 84 85 49 38 92 52 55 92 2 1 32 14 63 35 28 51 34 29 34 40 82 51 76 67 48 80 11 83 58 52 27 26 57 15 49 50 68 86 38
84 65 47 100 63 9 83 12 87 83 10 86 40 59 0 45 99 74 90 97 34 74 2 98 74 48 0 54 40 94 9 90 76 44 30 22 35 63 18 24 59 73 33 81 51 87 19 94 54 1 82 74 8 90 93 8 4 8 37 27 59 91 99 77 6 73 5 36 79 12 51 16 20 82 81 78 23 17 78 28 93 31 17 81 16 48 59 52 0 26 1 66 61 40 100 31 1 40 13 26
44 12 53 89 6 7 39 33 67 71 56 31 68 61 50 40 99 19 0 14 32 15 70 0 12 56 16 72 43 53 91 70 34 23 1 25 49 9 62 17 6 12 0 12 46 53 93 83 43 20 61 62 96 5 24 95 58 40 35 83 47 59 0 5 49 18 22 0 54 87 31 23 5 16 46 67 78 79 76 97 52 10 44 18 22 25 33 84 28 54 28 21 53 4 82 91 40 77 96 81
38 27 22 39 27 85 61 94 69 52 10 65 3 80 71 17 20 82 82 26 43 59 14 42 60 68 14 23 25 76 94 37 34 37 40 83 21 11 97 91 19 70 95 73 57 100 61 43 36 83 70 16 1 74 2 10 48 21 50 71 71 99 90 44 92 80 1 57 42 1 35 12 76 46 51 84 20 84 51 84 60 29 21 26 45 4 68 90 43 39 3 80 61 33 25 87 33 31 9 87
40 5 96 44 59 22 49 74 17 21 32 79 50 90 87 9 59 91 51 12 42 21 78 24 60 23 63 87 89 50 91 6 76 9 68 39 87 44 69 69 93 16 52 8 71 57 17 75 14 27 62 26 26 46 82 46 11 57 31 60 94 84 56 74 76 65 29 89 90 5 90 3 43 31 57 6 98 92 13 20 49 70 58 28 86 2 96 8 98 1 54 92 25 64 37 29 29 58 88 78
17 33 39 4 40 32 76 43 95 76 91 42 3 85 49 64 36 89 41 90 86 20 31 36 45 62 62 70 0 30 42 47 53 36 73 20 97 80 56 18 24 43 64 55 63 71 3 69 53 97 38 92 82 96 80 68 85 9 76 31 42 54 31 20 39 71 41 96 56 52 81 70 9 71 4 77 50 25 14 20 86 0 74 60 23 55 14 9 47 93 5 2 33 54 19 25 0 55 97 6
70 80 81 53 2 98 75 5 99 93 28 41 62 53 84 17 46 18 68 74 88 64 35 72 41 91 63 11 87 11 21 21 68 33 25 76 91 21 88 64 57 20 38 100 52 35 7 7 55 3 34 52 51 1 80 71 5 1 3 23 95 81 6 97 3 80 26 7 34 51 48 83 71 71 48 18 49 58 27 58 1 98 5 21 79 50 18 29 11 83 61 98 72 49 46 83 23 35 63 78
56 10 84 84 79 71 6 3 25 39 41 90 8 78 55 17 49 79 61 10 42 65 38 28 38 48 46 59 36 93 33 92 30 87 94 65 42 74 85 80 55 62 69 15 74 58 47 45 65 85 29 75 35 13 55 9 97 56 67 16 98 23 11 86 79 48 73 61 0 81 42 40 28 7 43 72 29 17 1 78 89 55 37 95 59 6 63 79 53 74 30 59 24 61 19 70 39 21 15 82
9 24 24 51 99 85 81 68 72 98 47 56 42 77 79 26 100 7 78 79 34 47 66 22 59 31 68 48 62 50 86 15 59 63 42 21 23 54 44 25 50 26 34 84 38 55 87 55 100 72 20 50 70 83 99 30 88 88 60 75 36 19 75 60 35 18 35 69 48 43 29 62 97 51 83 0 29 16 36 66 50 33 37 21 19 38 42 40 21 17 32 92 46 72 62 61 71 41 44 44
32 27 34 98 100 10 27 69 6 39 61 61 73 22 5 37 17 92 77 99 21 36 14 37 37 70 8 75 88 28 59 28 87 29 36 4 11 19 98 54 63 9 70 87 59 19 30 47 6 27 87 16 34 27 18 66 84 77 83 42 90 21 44 70 44 55 13 12 68 60 14 19 69 76 55 20 20 96 94 11 13 100 64 58 42 47 27 43 2 86 53 84 20 57 11 55 99 85 6 57
50 9 42 23 69 84 29 23 7 32 17 12 16 11 31 83 87 92 93 84 59 72 52 21 91 96 64 16 72 84 55 35 56 61 73 17 79 43 11 46 59 58 59 26 50 87 72 35 40 73 76 96 80 51 5 98 41 99 42 60 70 89 0 63 12 35 28 43 32 10 32 76 63 16 64 74 60 1 7 94 41 99 62 92 57 74 33 35 7 61 15 47 49 76 13 17 68 96 73 8
13 81 79 71 66 72 85 9 26 68 90 1 54 71 61 9 51 69 98 46 64 94 45 16 4 44 83 85 85 4 99 4 29 10 40 47 59 45 44 100 97 36 68 52 77 31 8 33 66 89 96 83 43 62 36 87 55 43 75 21 4 51 95 61 75 58 8 61 12 96 90 38 17 54 43 100 28 65 61 65 4 50 72 74 41 24 15 4 100 46 19 16 13 94 79 23 56 42 17 34
100 12 54 98 30 95 92 11 82 8 10 19 32 57 76 68 61 60 57 59 35 11 37 10 35 54 69 2 67 48 42 43 23 8 54 75 24 13 49 33 43 87 74 70 0 89 15 20 55 28 84 100 97 44 77 60 23 71 22 67 23 53 29 91 19 55 0 86 63 64 64 16 81 59 9 58 40 65 33 19 58 8 41 55 91 77 30 94 36 81 1 98 80 87 85 25 4 33 94 100
88 5 98 38 75 35 38 66 48 55 5 13 74 25 3 74 84 64 34 64 24 40 62 65 50 40 91 18 7 12 12 39 65 53 15 85 4 65 89 89 0 45 51 74 60 36 51 26 56 6 23 41 22 13 67 58 80 11 80 18 40 10 33 30 38 78 0 86 37 59 39 50 28 91 45 82 98 38 31 85 61 2 27 72 24 22 74 75 90 45 50 43 53 97 0 33 48 9 29 49
80 41 32 98 76 79 51 48 68 87 42 1 80 32 67 65 51 0 98 67 19 38 29 60 99 80 88 26 79 52 11 67 43 69 6 27 44 23 20 77 27 17 48 1 69 63 20 68 46 74 37 83 58 80 26 31 25 37 35 52 82 16 45 72 94 86 11 26 58 49 70 71 62 69 12 60 8 99 31 88 77 95 15 2 93 34 53 16 25 0 53 28 62 95 38 41 73 9 28 53
29 100 40 4 63 75 37 28 58 35 13 53 33 24 73 70 92 94 35 35 78 11 80 10 8 17 2 80 73 34 70 61 84 86 9 3 4 4 97 47 24 80 9 90 51 84 11 67 92 0 78 72 59 54 85 54 98 60 60 90 63 93 73 76 38 67 63 23 75 67 34 87 66 5 19 70 50 28 31 70 42 49 33 73 53 28 28 96 73 92 6 59 45 41 96 79 71 10 5 21
68 50 59 73 89 16 24 6 95 29 85 100 29 49 4 95 80 39 44 70 9 25 23 17 4 71 56 31 83 56 61 53 35 55 33 65 5 52 95 43 42 48 72 12 23 89 11 25 3 47 93 13 64 50 84 38 53 81 84 36 15 49 99 6 18 71 42 16 3 77 50 33 91 75 28 66 69 3 38 60 8 49 15 17 40 70 56 94 90 79 38 33 5 16 99 40 98 96 71 77
91 29 75 94 39 17 11 44 85 34 12 50 79 82 54 93 68 74 33 6 95 89 5 21 31 96 93 70 72 3 86 15 6 45 55 15 83 5 51 77 54 33 43 72 44 26 97 11 69 10 79 84 51 89 33 28 47 100 52 34 26 46 84 55 4 64 80 61 21 62 14 98 28 0 54 55 80 45 66 74 40 89 7 76 61 38 90 40 52 13 62 11 94 49 58 35 45 27 12 36
67 47 79 84 25 46 83 30 73 21 75 23 23 27 23 31 87 92 70 47 47 79 35 74 54 47 78 50 30 65 67 93 93 73 38 75 18 98 13 27 81 36 98 28 11 66 10 52 94 43 29 53 63 36 9 30 0 3 21 52 82 7 96 29 25 13 26 83 95 63 17 94 56 10 48 93 28 75 36 67 76 6 94 36 2 19 93 9 80 77 13 17 11 5 57 87 75 88 41 68
13 79 4 51 13 21 60 12 53 32 14 86 36 11 33 43 90 60 99 100 33 74 83 35 43 81 95 39 58 5 6 66 10 13 45 58 64 60 44 92 48 75 85 37 41 76 10 38 7 36 17 100 34 60 83 1 37 55 47 1 17 53 73 14 88 18 96 85 15 61 75 63 59 51 91 27 31 66 3 39 20 96 3 100 31 94 95 51 58 78 69 21 21 87 46 30 55 75 72 99
66 94 55 31 93 36 56 13 15 10 9 3 45 98 70 85 30 57 41 48 33 5 87 64 20 42 48 15 37 16 25 92 63 3 84 87 17 62 20 17 46 51 30 8 96 89 45 5 64 38 11 27 83 52 68 63 50 15 70 85 58 28 27 42 74 90 75 50 63 51 68 2 8 90 34 56 6 47 37 28 89 47 5 27 87 16 94 58 32 81 57 89 84 22 12 53 18 49 77 90
61 19 100 85 7 50 80 86 5 10 91 8 29 80 30 16 92 47 55 35 91 100 54 61 24 100 32 17 45 21 33 20 82 50 9 12 100 70 66 4 35 76 75 78 67 64 99 10 54 1 19 31 93 26 73 43 30 89 9 10 95 39 32 9 75 40 11 72 35 18 14 11 28 46 88 82 38 84 13 71 67 23 37 53 62 46 26 22 14 58 61 78 31 35 13 76 49 49 57 34
65 64 92 52 2 89 25 50 84 71 61 74 85 94 19 6 92 82 48 18 95 9 41 0 34 97 16 23 60 59 0 79 9 0 8 3 20 61 65 68 96 25 53 86 35 84 91 3 70 52 45 79 86 56 41 51 21 76 65 70 99 63 61 91 62 100 78 44 69 39 80 48 99 92 64 30 30 53 1 41 52 24 55 8 98 67 57 99 70 14 79 11 63 15 19 44 53 49 98 24
60 37 90 11 93 49 75 81 72 39 63 40 7 29 13 31 14 77 47 93 52 37 75 78 81 80 91 15 93 7 70 92 97 43 72 11 93 72 31 58 84 40 97 30 44 9 84 89 81 27 4 52 44 69 82 98 90 88 89 32 46 40 99 35 44 29 100 22 80 27 56 46 22 40 67 67 29 38 43 9 79 47 22 92 64 5 92 13 3 3 3 82 77 84 91 32 69 26 50 64
91 44 71 55 0 58 31 82 64 63 57 41 89 70 36 87 48 86 40 22 0 75 91 3 99 98 62 43 19 86 21 90 5 79 30 40 5 15 38 90 51 75 29 83 24 73 67 78 57 97 58 12 10 10 79 88 8 100 86 47 31 11 84 20 69 35 17 2 69 56 24 43 39 16 59 35 2 78 88 97 34 26 97 76 16 52 33 6 33 34 83 76 74 39 4 37 45 8 32 82
0 58 78 8 1 97 12 47 99 20 100 16 82 2 85 46 38 9 47 74 41 8 97 81 88 84 28 79 46 71 1 73 27 13 77 87 90 57 0 92 74 11 88 54 85 75 27 10 27 75 77 88 99 35 63 97 77 85 93 30 87 65 58 40 27 74 35 68 39 84 31 40 88 80 18 30 74 79 82 24 54 42 23 21 78 16 44 7 3 95 55 3 80 23 8 17 52 70 65 86
7 14 72 29 72 85 37 43 21 63 27 22 52 14 8 66 72 29 25 15 29 15 51 41 9 38 44 8 1 91 0 76 79 95 37 72 75 43 87 65 50 40 55 61 88 15 30 40 46 76 30 86 67 17 68 59 22 13 35 90 22 73 80 15 67 48 73 98 6 27 47 85 79 100 82 66 33 3 35 48 47 71 62 41 44 62 76 38 51 22 48 89 63 76 3 21 69 54 77 56
93 86 11 7 70 89 64 95 8 44 98 97 87 19 76 92 55 13 77 37 32 41 60 75 97 63 8 46 29 53 5 68 35 66 87 80 52 76 74 66 72 34 22 52 56 32 35 86 38 82 79 86 37 40 15 18 53 48 65 82 5 1 43 2 31 98 98 6 47 50 72 37 88 83 51 90 76 31 59 42 18 16 21 33 66 69 34 23 33 88 39 33 30 62 88 26 44 51 4 44
39 35 1 91 85 23 73 87 99 71 87 78 35 52 5 59 35 70 7 70 28 80 16 4 47 8 87 75 53 34 74 78 65 19 21 99 87 30 89 57 91 19 36 4 80 84 12 75 93 1 12 29 66 83 84 36 93 13 87 99 95 58 2 4 70 5 38 33 41 91 20 56 31 52 3 59 2 4 6 81 6 3 85 17 71 72 62 42 27 84 90 28 62 84 11 42 35 9 73 34
38 38 64 83 95 82 81 47 99 95 26 36 40 4 55 14 5 4 47 96 44 56 97 87 48 75 28 53 80 71 71 45 57 29 70 51 59 82 96 18 48 85 72 6 6 83 93 88 38 63 92 5 34 5 88 44 85 0 11 1 74 61 26 21 92 62 96 51 8 85 34 57 22 51 97 10 35 15 38 58 25 86 71 8 21 84 44 11 10 45 43 54 45 49 36 70 63 88 37 6
34 77 7 41 35 56 96 5 5 53 2 15 79 40 64 37 69 76 2 34 32 52 99 17 92 55 98 23 2 82 63 18 0 86 25 86 6 22 96 64 86 49 12 84 92 56 32 33 6 77 77 74 42 64 13 41 51 95 56 32 92 20 97 36 82 46 17 87 78 60 3 67 61 78 49 97 78 17 2 34 100 54 5 4 45 9 60 92 56 11 83 79 86 73 51 11 69 42 92 23
98 48 26 13 4 61 1 17 20 86 43 98 21 50 29 13 19 84 24 92 27 22 72 13 90 76 83 25 12 16 57 73 61 9 17 58 86 85 27 6 60 11 45 83 52 44 37 56 46 98 17 97 86 35 22 72 85 100 72 6 64 13 39 90 41 71 18 70 14 6 69 93 1 62 83 24 98 10 8 11 98 29 74 2 13 49 80 98 68 32 80 69 11 60 91 76 51 12 16 49
73 3 50 87 96 84 56 46 73 95 60 36 40 53 26 63 34 35 27 87 47 9 16 22 70 10 40 53 43 25 98 2 56 47 3 81 20 25 17 83 88 83 19 62 91 19 41 91 23 16 34 32 98 13 15 4 74 54 4 38 13 52 10 26 69 19 3 83 17 9 31 10 29 36 87 54 52 24 88 65 59 0 49 36 13 98 54 96 74 17 24 94 26 2 77 60 69 20 5 82
84 88 93 73 6 66 44 85 77 52 40 25 69 80 62 7 37 74 12 31 80 71 30 29 97 31 38 39 9 41 25 39 61 70 24 0 66 97 28 45 21 6 25 92 31 0 64 22 52 5 44 56 72 19 43 43 75 67 67 48 53 81 46 30 5 18 59 84 44 99 87 63 6 84 55 29 28 7 94 60 2 86 48 91 40 7 30 10 76 12 12 49 93 57 55 82 29 63 42 86
54 29 7 65 91 74 6 90 74 43 33 40 25 36 63 2 37 49 58 87 95 97 95 59 47 66 64 38 74 49 48 89 58 41 81 62 31 11 52 43 58 9 62 27 35 34 65 95 72 22 33 74 34 65 20 58 74 39 40 75 8 13 79 47 17 49 0 93 79 44 51 100 73 31 72 31 61 1 55 63 22 91 54 68 30 82 59 77 91 91 78 75 27 66 28 29 32 63 0 93
22 55 35 60 18 3 8 37 36 32 28 63 57 29 51 81 56 97 39 87 79 65 0 71 37 47 18 30 91 39 8 70 18 9 43 60 31 70 40 0 17 93 20 63 97 76 36 28 5 48 37 39 69 67 95 24 65 29 88 53 72 27 33 28 34 95 63 30 28 1 19 81 65 46 48 75 17 100 24 3 8 94 0 61 41 78 62 5 78 37 49 32 43 22 58 16 6 83 26 53
50 22 72 8 64 55 59 54 55 61 37 25 41 2 44 42 62 27 59 51 52 37 100 66 5 1 50 93 86 5 92 17 0 21 46 95 0 11 94 48 95 32 44 73 24 87 39 57 15 9 48 5 98 54 39 45 67 3 64 95 30 44 47 61 62 11 78 6 54 72 47 30 65 65 45 13 15 19 59 84 69 59 98 34 52 94 80 22 83 20 12 7 7 81 91 21 7 29 37 56
86 66 80 14 28 62 29 28 14 85 47 71 82 57 39 48 81 92 51 45 42 45 65 17 89 44 12 36 11 40 28 83 49 99 31 45 76 66 78 55 67 28 95 87 55 55 86 5 70 80 61 35 42 57 51 94 73 39 93 11 90 19 66 25 32 20 6 62 44 3 17 52 45 29 60 27 100 38 59 28 17 74 48 22 66 74 47 3 45 83 78 6 44 29 50 69 30 18 22 6
16 62 78 68 87 87 4 69 88 97 98 59 45 72 19 52 78 21 38 7 6 75 56 42 90 53 59 64 77 100 49 39 48 42 79 11 45 18 16 63 7 23 89 3 100 10 85 5 10 43 10 17 22 22 31 88 26 1 64 1 7 77 87 15 15 60 23 28 69 44 64 69 23 98 14 59 12 73 33 46 94 0 58 61 71 63 0 98 96 79 12 38 30 91 55 96 52 89 9 86
4 66 34 96 16 91 33 14 46 63 26 98 41 43 39 65 46 97 67 94 85 73 37 0 48 51 86 80 8 62 58 2 61 83 92 55 42 84 39 89 86 60 63 73 80 53 12 39 91 44 62 57 31 21 61 76 23 96 23 55 39 93 20 59 52 68 16 56 85 93 46 67 61 80 57 43 84 64 98 24 5 27 17 7 71 2 80 35 26 79 66 96 51 4 8 49 2 64 52 96
43 99 37 16 16 31 50 15 50 87 51 29 85 91 87 5 72 70 80 51 32 44 6 50 28 65 0 100 35 49 70 11 94 29 10 2 32 30 10 33 42 98 22 76 6 55 17 36 85 82 27 47 75 93 91 15 27 14 55 21 95 56 41 97 86 82 58 7 60 88 70 23 83 15 42 32 76 14 81 97 81 40 54 40 76 44 16 6 76 81 78 16 93 72 68 78 71 99 71 35
68 85 28 32 39 19 93 98 33 3 63 10 53 46 45 78 49 27 78 95 18 55 3 16 94 57 100 88 79 83 83 93 11 40 71 50 1 41 6 26 95 3 4 27 66 46 57 32 25 56 77 20 100 74 6 97 22 66 50 46 32 47 77 61 83 36 51 56 36 21 14 100 44 88 64 4 54 86 59 5 83 10 72 62 23 76 55 6 60 53 72 43 44 0 60 99 83 35 37 25
20 99 63 26 44 18 34 56 66 95 23 61 75 41 24 72 3 79 2 59 72 93 39 27 46 61 6 99 72 3 89 61 34 73 73 100 74 18 79 39 33 95 30 84 33 37 65 46 87 16 37 67 96 74 69 33 48 30 77 19 64 29 63 98 49 65 75 37 92 94 58 20 6 20 17 65 21 88 62 49 51 8 68 81 56 12 41 48 9 72 97 59 15 40 87 51 74 26 67 25
17 4 0 17 7 53 66 27 93 99 9 54 7 5 94 5 61 92 84 79 20 63 87 86 9 89 65 8 32 6 65 20 92 40 29 19 81 4 0 16 61 53 64 11 73 12 23 69 23 86 42 99 31 74 5 60 48 66 77 85 62 96 59 69 79 77 32 90 37 16 70 85 91 91 42 48 81 78 100 7 7 100 83 43 39 44 80 31 53 3 53 15 16 50 19 20 55 43 64 35
49 95 82 81 36 98 51 10 19 5 16 53 1 66 45 73 35 73 75 16 61 95 62 41 5 37 18 56 70 86 13 66 72 80 68 20 9 89 59 8 69 90 44 8 0 34 28 28 11 86 14 90 71 32 81 50 43 25 74 40 8 14 16 25 42 27 100 62 94 65 17 68 28 81 9 33 65 72 65 83 6 49 94 39 71 26 76 70 67 78 78 94 0 37 10 25 25 2 48 70
62 34 27 99 50 55 13 100 90 95 32 54 22 86 97 86 16 81 52 72 35 53 67 1 10 89 12 66 17 14 75 84 48 90 42 0 17 49 36 85 56 63 22 76 88 12 64 27 71 25 63 91 40 59 87 81 36 51 12 36 31 99 93 26 97 30 32 53 44 86 77 92 89 71 100 50 63 38 53 67 27 16 20 82 59 43 36 87 7 50 82 29 95 58 4 89 96 71 94 79
81 64 57 0 18 40 11 91 41 31 16 47 83 35 52 14 44 29 31 9 56 32 45 72 8 64 66 27 48 45 55 73 0 63 13 26 48 86 48 93 94 40 16 45 53 51 33 13 100 44 62 9 51 28 90 39 54 52 5 51 46 37 42 62 58 55 80 8 5 95 17 49 35 32 27 19 53 52 26 99 80 84 21 92 62 14 42 15 94 59 54 49 30 78 95 94 19 67 15 55
14 30 94 72 31 59 0 80 74 83 49 14 20 16 77 100 19 92 50 9 6 87 64 58 18 21 5 49 85 29 37 18 30 69 91 47 64 100 65 81 62 83 96 44 14 78 100 93 52 83 87 42 85 20 41 43 2 11 61 96 98 57 97 66 3 89 34 26 35 46 16 69 87 64 23 72 94 6 58 23 88 4 23 6 23 70 70 31 61 92 40 4 92 50 77 61 23 25 82 84
86 43 2 45 11 20 83 38 91 10 63 9 78 28 44 22 63 69 57 38 100 5 74 86 90 63 19 27 48 16 62 40 64 23 29 48 90 82 65 2 61 14 63 92 90 23 88 19 87 37 49 3 35 74 80 33 30 12 81 24 31 43 53 73 52 43 26 49 34 71 93 94 37 78 60 31 48 74 66 25 28 81 69 70 1 57 56 43 55 72 23 89 83 36 16 57 43 98 77 7
7 8 47 3 89 7 45 75 67 83 55 78 10 6 53 30 20 97 18 57 48 66 88 84 87 54 77 42 39 64 56 96 9 81 93 40 1 28 91 31 25 65 88 91 4 59 6 76 50 27 55 30 19 39 28 17 62 82 93 78 48 68 96 97 93 25 39 70 11 86 2 14 12 50 74 53 24 68 35 65 48 80 12 23 73 83 98 72 30 79 95 57 67 91 3 55 33 9 64 95
46 77 81 46 49 78 90 86 16 96 7 2 53 96 36 70 88 88 44 73 81 85 12 80 80 15 20 14 54 42 63 29 25 43 2 18 67 41 95 57 54 12 23 46 4 69 94 54 88 19 11 6 7 77 96 3 16 62 33 97 20 12 44 42 7 39 1 28 73 22 82 100 71 12 41 98 0 60 71 43 17 33 37 99 21 92 10 28 42 53 88 40 74 52 32 55 32 87 86 29
46 72 68 78 49 80 92 89 9 70 41 17 41 70 21 38 44 2 5 86 66 30 66 1 95 42 52 31 81 44 40 27 43 12 44 50 9 6 1 98 38 16 93 59 43 96 20 85 88 6 48 4 71 95 99 47 46 12 37 68 69 43 65 76 36 82 72 95 60 51 81 91 78 51 87 51 71 50 4 49 88 11 33 68 66 72 58 17 12 3 41 18 55 56 55 26 71 31 32 16
52 91 82 5 66 96 62 82 58 12 33 6 81 9 15 11 64 34 82 51 49 72 12 70 85 55 19 34 0 8 88 92 47 59 44 61 32 96 59 28 17 62 53 56 22 82 73 47 29 19 78 45 56 27 55 97 66 66 58 15 50 100 9 44 98 16 69 44 8 10 60 48 77 83 14 9 67 32 2 10 32 55 27 23 36 15 31 92 13 8 73 78 43 28 28 3 41 67 3 97
20 71 85 50 74 77 66 76 64 70 62 28 25 27 10 44 19 42 27 52 47 51 35 43 77 40 11 84 93 87 96 24 33 38 97 44 99 36 23 43 88 49 87 78 89 1 21 54 5 95 75 84 47 55 90 94 35 3 61 86 41 15 3 72 83 3 10 0 26 51 59 54 40 1 24 87 19 17 26 83 59 13 35 6 14 17 96 16 20 54 14 3 85 91 93 95 93 82 0 77
23 7 100 41 17 39 82 90 28 16 5 34 75 84 8 70 79 46 95 64 37 2 19 71 74 63 5 17 75 45 69 40 37 35 52 100 97 50 89 80 35 36 2 66 27 40 80 51 65 76 37 6 94 36 73 36 95 28 31 22 42 48 28 79 71 58 20 51 39 69 64 36 63 34 79 87 11 2 45 84 45 60 49 71 73 84 46 43 73 3 90 17 49 6 5 82 16 27 64 69
44 61 58 35 20 69 31 75 9 45 44 68 38 90 68 48 13 46 39 93 68 1 3 4 45 80 61 43 71 69 13 48 89 78 13 87 39 68 16 47 45 37 43 12 82 47 30 21 7 97 69 21 24 48 14 70 29 66 62 34 72 47 43 49 1 88 53 54 77 12 77 10 89 86 62 5 6 49 29 92 69 99 86 21 60 50 41 13 86 44 44 89 84 22 78 6 64 89 10 82
87 93 38 36 37 7 76 9 32 89 13 92 33 2 47 52 31 42 86 91 30 30 9 53 19 4 69 96 30 28 29 16 54 53 85 43 18 50 2 68 7 2 72 42 50 54 82 20 62 37 59 26 44 41 53 34 70 48 91 42 19 8 18 2 41 57 13 3 66 58 97 4 38 15 97 9 41 22 67 80 94 40 63 49 37 73 67 86 44 17 37 41 0 20 33 65 64 4 15 94
44 46 41 38 70 11 32 99 80 100 50 12 75 34 79 88 27 78 31 64 84 45 46 83 66 92 0 59 63 2 0 40 21 80 60 60 27 54 78 48 21 31 58 21 15 42 99 44 21 70 86 56 3 96 59 40 14 28 64 80 19 54 3 98 40 74 61 31 86 46 82 46 62 2 44 14 77 2 38 38 8 52 22 23 2 45 56 38 42 70 100 64 31 1 84 56 26 100 32 74
63 13 66 67 86 95 86 33 77 14 63 5 55 44 8 24 64 25 45 82 92 86 43 31 38 7 85 24 66 75 66 67 64 30 61 76 100 75 3 86 10 69 60 95 99 19 98 34 29 78 67 79 66 60 45 77 53 7 3 66 3 59 43 46 43 1 24 100 74 88 66 17 43 91 28 29 31 74 49 81 17 65 0 26 67 15 54 10 23 50 95 64 24 48 83 2 73 61 40 24
8 54 57 2 83 77 62 58 81 83 59 49 60 34 70 86 96 36 56 84 13 11 85 95 11 87 12 61 65 29 35 27 1 63 64 43 44 89 0 49 50 36 94 93 9 31 4 5 5 70 41 30 31 21 96 42 7 22 73 24 18 14 5 18 26 70 48 49 64 62 4 82 50 25 19 23 61 10 52 66 23 83 32 82 61 16 18 45 77 77 47 34 20 78 96 91 65 60 86 88
59 11 60 61 56 34 77 70 98 36 16 59 28 26 52 6 43 73 5 92 56 92 32 31 2 18 20 20 80 68 16 63 14 36 53 74 51 15 89 12 17 71 13 63 14 90 23 15 2 40 32 44 73 43 33 15 6 69 87 2 48 70 64 67 85 50 95 49 13 6 2 13 49 48 87 96 46 61 57 34 98 58 96 15 4 62 93 40 74 22 43 46 14 82 95 81 26 41 6 97
37 10 23 70 79 19 61 91 61 91 61 33 9 76 75 83 73 4 62 100 41 42 5 51 99 71 37 43 40 5 56 28 64 72 64 14 6 22 37 26 68 11 59 95 14 55 97 74 81 51 66 92 42 31 57 99 24 45 82 49 29 48 6 96 58 43 6 99 13 35 63 1 42 13 93 24 69 81 18 80 21 93 5 22 39 49 89 88 73 21 12 47 62 35 48 16 90 71 4 78
89 39 74 41 60 68 10 13 100 64 68 6 44 75 65 32 99 48 34 70 68 17 55 84 100 77 60 5 55 32 71 19 6 64 42 45 30 39 98 45 97 54 14 98 12 16 41 85 37 48 4 18 97 7 59 56 52 7 85 77 82 2 63 91 24 54 47 70 58 92 15 20 55 35 49 9 20 56 33 28 53 82 75 93 2 95 34 1 0 53 44 92 49 57 83 36 63 31 62 21
98 42 9 94 60 85 70 23 44 44 85 94 13 57 73 75 9 36 13 57 5 44 76 73 21 58 79 67 24 95 56 85 50 3 58 25 44 28 32 24 43 60 24 36 61 97 83 26 47 89 27 56 97 90 81 17 24 82 83 97 84 47 88 45 92 68 67 33 12 71 33 22 9 36 5 93 63 41 92 40 11 18 31 1 0 80 89 80 31 62 2 35 70 2 76 26 57 58 23 77
1 4 74 88 81 35 32 6 59 58 77 60 25 83 78 62 56 7 62 58 52 6 97 41 84 15 76 94 47 7 59 39 75 50 22 7 72 16 50 27 55 12 31 18 52 51 17 92 9 17 97 94 5 53 42 60 99 76 9 62 8 45 29 32 76 42 93 44 40 59 48 28 75 14 31 28 95 0 57 40 67 28 45 70 22 41 45 46 95 25 43 77 9 15 0 51 40 28 81 12
14 84 48 92 34 69 90 74 3 81 97 92 23 47 42 99 68 34 42 19 100 11 81 15 7 93 61 83 55 24 55 67 35 99 89 50 66 25 63 40 35 95 67 9 62 29 36 78 57 72 95 6 65 33 63 67 73 3 13 78 75 43 34 36 59 37 59 31 57 9 35 72 18 45 98 84 31 4 0 30 16 86 70 34 27 1 77 94 1 47 22 23 9 43 24 62 60 19 67 26
91 52 1 28 14 44 62 84 20 36 81 10 17 36 73 84 68 59 25 64 44 34 28 42 25 3 19 53 64 65 23 96 12 13 75 86 91 4 56 78 86 48 69 25 29 3 73 30 87 49 85 38 5 99 81 81 13 2 51 90 23 58 34 6 39 30 16 90 13 58 41 9 23 86 89 82 78 43 27 71 80 97 66 52 80 65 76 36 49 74 90 17 23 72 68 87 38 58 13 48
44 91 68 32 74 59 32 62 26 20 57 65 14 89 59 70 34 5 28 38 50 16 87 77 47 91 93 77 5 19 75 65 41 85 40 12 50 55 71 15 55 59 3 68 41 1 80 74 63 11 26 31 88 82 37 57 6 28 74 1 65 87 67 84 33 47 16 41 47 98 84 70 98 65 69 3 21 39 4 85 85 93 3 82 91 29 16 27 83 68 25 30 55 16 35 41 30 96 56 2
97 78 2 58 93 0 2 61 96 40 71 86 92 5 2 69 31 99 12 56 32 94 70 42 59 80 97 11 20 67 48 66 82 57 56 7 20 6 57 6 29 36 28 22 7 47 97 41 28 46 6 43 71 24 35 57 39 24 49 96 3 46 24 75 76 48 25 66 60 45 52 68 51 55 64 53 17 13 67 13 22 13 81 59 74 77 49 90 77 43 7 99 64 49 88 87 15 10 37 0
49 20 1 12 10 12 60 27 64 79 43 89 48 5 96 71 80 58 16 90 68 50 60 30 99 0 70 68 45 38 39 3 92 11 88 46 45 69 59 52 33 1 7 80 96 67 17 50 48 56 60 97 4 2 98 41 51 79 53 8 4 14 80 68 86 4 77 58 95 11 33 6 1 1 39 64 0 76 42 46 70 47 40 52 66 38 29 27 2 96 70 4 75 38 13 98 86 5 32 82
28 94 49 31 24 93 35 4 18 78 23 92 64 98 71 68 11 22 21 25 52 53 75 65 88 100 68 73 8 72 8 74 95 81 24 97 34 22 23 58 6 73 95 70 54 28 35 46 82 43 11 13 90 57 6 85 57 36 62 55 52 6 22 61 81 54 59 64 82 97 72 72 35 58 51 6 24 10 44 100 61 24 10 61 43 13 85 97 84 57 63 53 63 59 16 17 19 95 97 51
26 100 16 16 82 11 14 15 92 95 73 82 71 3 88 55 90 61 9 79 95 73 24 18 4 97 88 99 10 6 63 26 86 47 49 0 69 92 28 5 39 43 5 29 37 0 72 73 89 26 56 57 53 19 91 43 74 9 87 55 30 62 70 27 20 87 45 95 58 61 54 95 57 44 68 47 29 29 78 83 37 59 7 4 62 66 63 100 46 25 78 26 19 14 2 29 24 6 23 9
67 49 50 4 72 60 90 86 91 29 13 89 99 98 25 40 79 87 1 12 37 81 57 50 70 36 26 63 84 98 92 87 64 27 58 66 11 17 4 5 42 24 55 66 97 29 31 82 55 23 4 55 58 77 25 27 69 48 92 40 65 66 11 18 64 64 54 54 85 59 18 0 9 83 10 60 76 4 77 50 22 43 98 91 52 28 9 2 2 91 4 35 94 69 61 58 60 72 81 73
75 100 95 31 84 7 18 30 26 49 78 90 94 73 37 16 80 17 79 97 11 15 8 54 90 95 45 65 1 81 69 40 97 6 53 95 21 64 26 6 32 68 7 11 77 66 21 34 32 52 84 90 75 93 81 83 63 44 15 35 83 19 53 10 66 20 87 85 99 63 53 14 62 85 60 20 34 62 27 71 19 73 12 94 82 2 17 99 0 67 55 37 45 82 98 41 25 98 97 9
95 23 44 32 40 51 19 71 98 23 20 46 86 32 37 99 43 68 1 11 57 87 30 28 59 12 55 97 2 99 13 18 20 45 15 58 75 85 17 90 60 66 57 80 55 21 66 89 96 9 67 90 37 51 29 58 69 39 27 73 23 56 93 64 44 22 68 33 73 94 8 69 62 13 97 89 11 82 29 75 8 60 47 38 86 97 7 66 9 41 76 33 23 97 4 42 39 63 15 13
42 57 40 5 38 72 41 24 93 69 5 84 75 98 56 95 83 11 79 3 84 75 1 16 50 72 89 43 29 72 29 97 59 5 99 97 80 45 16 6 21 47 83 46 13 72 7 31 100 36 73 87 64 42 48 28 78 51 0 51 56 31 10 58 53 80 69 59 97 2 61 37 97 45 43 14 38 52 49 24 22 49 27 18 31 31 74 6 86 35 15 8 98 55 89 43 32 88 22 79
92 18 73 66 64 16 6 68 5 24 46 14 90 1 78 74 15 88 90 17 36 16 15 30 23 60 9 98 51 100 62 53 87 65 22 67 19 79 1 55 12 44 18 29 60 21 100 51 69 3 5 45 33 49 76 47 61 98 74 50 5 4 83 16 34 60 71 55 82 76 13 63 65 60 70 47 60 63 100 74 64 99 35 69 96 69 31 27 32 60 26 34 12 21 53 15 37 31 47 12
11 61 12 46 74 38 5 61 23 57 35 52 13 50 64 74 73 98 22 82 16 88 82 73 21 33 32 34 46 44 35 100 6 78 11 23 47 86 36 23 41 80 8 86 34 100 50 0 62 55 42 26 77 88 46 36 50 28 25 58 85 2 3 27 49 62 68 45 15 7 80 53 89 8 7 64 99 19 16 31 29 95 61 75 17 82 28 34 60 58 24 9 3 67 60 11 78 88 9 21
93 0 53 78 82 84 20 32 42 30 58 14 74 32 49 50 71 40 15 95 4 2 98 67 9 60 29 93 59 66 43 42 77 71 28 5 51 27 80 73 100 69 51 64 89 96 34 11 32 28 100 86 51 99 5 47 98 92 15 54 50 60 61 69 19 79 52 81 73 5 22 97 19 18 38 72 91 85 21 24 63 34 7 37 71 4 96 12 5 35 65 85 42 36 71 73 7 73 76 43
