100 100 1000000000
73947 27731
14365 75017
81775 32690
67511 72504
30296 61405
63579 85660
10539 3137
23787 75052
91538 59422
71533 18427
92372 47811
86594 71935
11666 17558
25710 66705
79329 85524
3763 59828
90863 33244
88224 22379
23581 71394
25150 66989
55689 98959
55485 74056
20801 26024
92983 77186
89608 56160
46661 41427
4501 37468
32481 3335
93216 82459
27468 71127
86537 81895
14621 23557
21535 80760
29013 76242
28742 2972
38665 47690
26993 35665
6046 66472
95725 54136
10109 96194
34840 91002
30107 75125
31266 95375
70304 9518
37325 69677
49484 38940
80606 47795
21315 72006
73154 94775
79468 5535
97616 36502
28244 74015
67840 40742
70131 87873
39997 53560
60092 97612
39718 795
83320 4845
69706 94918
16303 82298
95551 42840
47122 9933
84315 70718
82545 70469
31238 83384
66911 95211
11924 15995
28435 354
15401 15797
35066 35439
95005 28952
9764 52869
83747 54526
16118 21846
77482 31676
99747 96713
4815 30119
14027 53803
68650 5435
37426 27408
27616 12270
27997 47159
49976 6091
95282 41894
93117 90640
9421 61481
67574 39077
85863 29617
42739 684
25750 10259
48559 85841
87040 83209
364 15018
92553 33096
4430 82555
97922 69067
81229 28502
62524 59902
58248 55974
28450 82577
13525 47260
14894 17490
48872 16325
23844 18359
63784 27250
53004 43566
12226 75039
83254 45424
14427 47141
18983 32019
42013 57684
9879 90775
11033 76147
95599 87583
15037 22827
45579 27136
20169 49971
21963 52373
71922 18156
52274 35979
8092 81392
93028 95119
1997 36556
58894 78065
25458 50386
51686 87907
96047 21324
36667 35947
97613 35291
321 99368
31909 31201
31669 98750
23175 63835
35617 90285
5972 1439
58163 6216
81179 17328
95053 7224
85423 40838
47082 13189
30021 1786
68236 8618
48213 90115
4990 89634
52499 80784
59464 10747
15560 12624
15406 4674
14806 29364
91406 41583
8092 21895
52263 96591
5417 31639
89347 16419
27123 47758
93571 25084
5332 91222
77941 90932
24218 63428
96475 73141
12944 81789
86620 66880
51366 77756
78638 24506
4659 50888
21948 67533
30845 39469
42737 58093
14562 594
21310 21395
69502 56338
28982 91726
72392 60427
10366 25296
91197 33275
69087 74003
63674 99038
15594 79681
51092 19305
20097 83829
90598 29755
14468 89714
84594 87707
53469 50291
63878 34275
66887 73088
53148 31083
77146 8266
21223 46305
6465 83243
51421 93556
93910 74483
55206 37898
29917 48351
38609 71736
66216 26800
19324 55032
36780 91169
36475 71959
91796 32818
