100 100 1000000000
29474 92288
27182 20395
90114 209
36238 12163
4389 37253
75715 60305
61351 69244
606 6268
58340 58024
54259 47583
62074 38565
55699 65571
80835 97311
18342 61426
49393 76534
67212 43715
49607 72279
34420 86967
90306 10202
38733 97528
76351 31120
17228 24984
18826 8829
33425 93503
78769 62435
75686 21823
46715 63131
75883 11080
41229 61969
91608 34501
39484 44002
43588 92905
64273 89377
3972 67663
54766 75430
59359 31332
29735 66785
68102 32917
44500 56636
93163 95884
77796 45142
3188 30867
54237 12781
86364 4798
45278 48368
78496 58112
53335 59036
97591 47192
31946 51850
20784 10318
26172 37336
24688 83210
63745 97494
75486 11319
78908 71077
47688 21710
2503 21251
70772 87684
89152 83415
7312 84
5085 97606
55635 2476
5102 55199
6297 55033
52562 69669
84769 77046
173 23163
36083 65692
20209 61272
79613 45689
59521 87858
59127 35588
73185 30088
17375 35388
271 45483
82676 67220
38063 12305
21353 77135
70446 87612
73814 11944
3018 17440
72132 58229
74740 86775
13229 83621
29402 74832
22062 22438
58549 61059
89926 91294
87878 97129
37779 30898
3103 22390
62211 89353
63469 8491
96150 34806
38915 36501
65824 1654
99333 38106
89753 57329
70277 46076
45180 22494
73395 37510
34779 76924
86351 60229
72729 95773
24790 73480
84742 72113
26748 63507
63452 18460
76667 37908
96446 82424
59902 20795
10928 98701
38677 93395
42894 88323
82988 9212
14996 86732
70182 30587
58739 71611
70861 45571
56273 37351
85028 33440
60029 93308
69223 38953
22931 84135
1054 20402
89243 3420
28037 24325
15614 31441
91096 83879
65822 73232
86032 62573
74696 36094
52179 84364
3863 6572
4358 6314
99025 57075
231 61623
27505 64882
2974 69078
81386 36053
45478 56847
39464 95027
94481 88798
74395 46174
75836 46216
4345 83666
59518 10399
41215 74824
54657 46564
5820 1421
13591 31113
44957 95180
20904 46553
10434 91111
7761 37440
61675 50879
88167 43890
15653 84746
5990 44437
9081 41512
23799 94162
50619 62512
39304 9884
89701 66599
38488 8093
32337 28987
8174 93500
93799 12127
78092 93550
97579 53949
37466 64378
57785 87404
61577 71200
89741 65045
36497 93014
69967 77721
40549 98516
98299 6302
36357 20651
33709 55956
32590 19760
20285 6042
90125 72406
76155 7965
44214 27515
66092 98112
7003 35970
87242 54800
31724 92281
91564 75305
41568 83048
1010 83546
23745 88768
47447 39495
38836 7304
81517 90308
14838 72862
31933 25221
23100 5330
58849 35666
