100 100 1000000000
53468 89575
71412 75748
86581 26119
64701 79651
98407 52367
52198 31720
38656 46088
21974 59054
62790 76348
35813 58511
68791 22166
50074 50913
10771 82737
9164 49575
369 89052
42117 73734
22524 87554
66431 18683
82178 95039
91140 35978
87044 46827
26975 45572
84022 10824
63689 55586
94950 32468
21947 88668
13759 52427
56494 86914
32707 97932
85999 45111
29687 96872
4896 26361
79950 1346
14391 18316
32656 9780
50637 83413
99332 8058
5450 80760
32763 63558
62046 44431
8793 64365
71248 7260
54938 82690
99148 19900
37395 58608
2023 91015
32201 59598
27332 60230
55475 97363
3658 26523
86478 82249
27432 47237
51534 47240
10960 61275
78959 89887
46075 19699
88873 2563
94715 42842
89810 60243
9039 83734
68508 97981
65537 80322
15922 44333
52176 53836
3646 45892
81782 34251
86167 90868
74658 1357
68655 53236
99944 89627
67590 5001
45305 78868
21952 1064
54812 34840
4958 45024
70977 53890
9112 46010
72318 44850
19361 59651
22249 10621
21229 24406
15904 73091
49134 63200
36493 29294
69740 25558
10282 49580
57473 34892
56830 40749
9412 51007
62379 52115
87002 91082
49116 28023
34879 80591
58547 69806
76209 25305
25178 53378
72781 9150
51138 62225
44184 60788
44690 27385
51499 8796
23655 68506
89931 28148
22908 93309
14572 19159
50846 78695
22928 60600
28367 90873
66960 4701
77859 74144
73725 83019
40587 92869
76564 66158
72199 12355
45831 69802
44093 1451
56819 93198
90335 45432
39871 11704
55832 68035
79054 94654
86456 19435
70220 61806
8526 85825
16834 29951
8928 51641
90563 93181
30357 3786
39900 66916
99166 98356
4249 86108
71478 97837
73508 59568
94897 23289
58469 28434
72779 2003
87858 18887
27003 29374
66615 20720
56886 68349
57418 28816
63766 37968
86816 18998
72106 50617
64274 80037
75723 51001
26406 49850
17296 6565
78391 2043
68626 78787
96731 25943
10079 5034
57991 74230
90979 45649
69521 27360
50074 39654
28621 181
39531 73365
86947 35676
97027 56176
94059 50114
74696 20318
64608 55343
14731 84575
76157 39402
21480 2804
54422 38262
21604 37587
90919 19565
99142 46420
76198 6042
12241 66959
73692 20586
85949 95723
9760 79830
46381 64871
6167 45002
40878 41104
16396 73685
32871 53703
90243 51775
40480 93915
36164 53043
28190 88236
22305 85369
15387 61226
47749 16790
76659 43399
33148 97149
98171 25187
91610 15326
24686 9840
42169 94098
58472 93858
11935 29084
90930 87324
9454 61054
11745 92389
44069 35399
76974 67482
