100 100 1000000000
60471 47669
72690 19938
49967 71709
81611 2891
75238 94311
12011 11167
24167 24830
72066 13198
77962 79945
32207 25157
83797 22433
86424 56480
33548 31097
1527 13055
15009 32495
60837 40846
88221 68707
21779 55685
60671 26707
52509 43341
21496 56014
55083 70358
41539 31719
80573 76285
13098 54366
44496 60164
77004 79687
71613 53062
32692 37633
33250 61220
59959 20355
92722 32984
74812 53982
60664 66331
8394 75296
19687 88033
44612 83792
74430 4332
52992 15540
19449 19281
19509 89906
59450 98044
82292 76277
17282 24796
15340 15847
55263 29578
91712 75075
79968 90282
96862 6286
79350 6771
26423 18440
83872 48099
93398 51682
19232 29180
82302 79064
69921 81092
34850 34174
28248 19096
47492 97603
4662 78801
84305 88557
85009 84237
92877 26
33157 78926
25523 6226
8033 7802
31253 85939
98182 15973
48094 17423
20323 25281
45626 37152
40787 97119
47070 51203
12973 21737
65733 46889
16739 81944
85441 37493
60190 37193
18468 2675
66836 50311
83835 75057
15504 43041
23994 38701
71420 23712
88705 1529
87772 52532
4759 27593
56024 73381
99002 25381
69919 43240
83705 55746
57296 41430
85387 78327
66859 87802
22428 85630
23050 3152
54740 26270
21055 30586
68837 43192
39500 2949
26710 35244
1291 3090
82636 86384
83088 58586
93541 73277
31906 70391
87451 24771
72064 72640
79277 42020
1254 51749
29783 31362
61816 85009
51162 68928
33678 76761
26465 56000
42382 17681
93033 75622
3638 24482
37768 510
38966 59903
72905 82737
43492 80636
80920 16708
17189 39363
94696 33395
57495 78293
81184 81369
85182 22687
21408 88618
1955 50291
79091 59030
6796 52043
40281 44331
56453 8576
81811 57211
57290 15726
31551 79127
79441 68700
26909 39045
91155 36551
8598 40689
21741 720
65526 57792
34591 30972
7210 56714
78512 42006
83768 58943
14898 88748
35406 48118
2066 66386
87122 35726
20235 56783
71631 5269
59591 61034
61376 98930
51023 87256
8328 41129
4946 22661
44612 61515
41516 70779
88887 78753
38985 5292
23347 68360
98759 66934
50029 23582
34756 85513
88464 2188
81081 3597
50319 34923
56145 46380
38188 38614
6363 18436
23309 71131
16137 67415
59089 28944
65085 60557
95765 3496
24193 21791
88226 8673
57850 87039
60479 14929
12909 76486
45770 63266
54376 57310
78331 30458
12758 25944
88763 68741
74063 86086
58945 61516
7097 98148
28923 35469
29132 38879
91082 47402
59608 50407
12576 31133
24699 58476
75340 1357
65065 27821
34783 945
20679 88682
