100 100 1000000000
45470 32091
5820 46682
41745 2442
4791 90199
93452 97261
56527 67790
76399 13638
26711 58415
78353 47785
14224 12168
41795 46846
96695 52534
52219 67895
57896 73413
88683 98926
70557 52399
40415 17891
60619 91503
83214 31065
10107 70404
4354 76614
30148 94963
61701 88760
48085 24441
93670 83139
51408 84892
9438 58576
74947 40012
3335 68877
82040 71542
51285 56438
7882 12283
1529 70187
42929 84681
26831 98351
68746 9583
53680 30350
70591 98352
43025 18903
13077 6459
75883 7919
30019 92516
26953 9926
98417 46864
46826 62454
4960 15292
85018 10255
42441 63583
52812 70723
31244 63063
36232 6151
93299 65530
5160 54917
45675 38788
81529 49461
15690 36815
62427 20018
34528 40380
29321 85865
28338 51146
32438 18106
3001 33203
37295 25709
44080 37539
61135 14937
19696 1088
27546 69881
7348 98606
56893 88116
12989 13517
95536 51450
2905 36942
61785 61693
65673 43493
402 6049
40268 1621
38911 28968
37581 17457
2631 1078
90315 76861
27936 46076
79306 82321
3665 74105
28285 74151
19472 45922
66140 41227
907 89570
73883 17316
3983 35092
97068 20680
79161 31705
15656 1566
80308 23950
34203 82102
93513 71617
50730 17588
23354 44756
70043 3648
11264 25791
54476 61804
77383 29401
36417 56120
47945 3544
6074 71633
17159 23323
14422 8078
42748 77946
45659 81028
11500 61235
1318 59649
65662 89180
93668 38336
67350 13293
84378 39358
37202 67794
80562 64153
72695 51951
45954 45216
42240 62323
35390 40836
74134 23573
94201 55891
14042 28084
50995 35986
40423 32926
28387 82895
45404 15079
92942 70824
33731 4321
57090 88816
81519 55405
92742 8209
11611 13988
29078 85497
17165 62710
40552 78259
51924 70857
75016 33427
42576 30000
5231 2288
73925 74183
30477 75449
65358 60307
2943 66980
58432 45468
82182 99900
65144 75847
38219 72121
94425 84577
31088 39129
24976 77492
31230 6609
95760 11524
33233 90938
77180 67719
37415 31655
31889 99056
26785 63153
43250 63334
68255 42412
14677 71452
52942 76663
47903 95559
57017 19401
38778 68974
97226 17636
14227 87214
68330 67694
26580 41488
61691 21653
82712 69426
30476 13155
81340 66747
74206 4619
18585 8071
8049 19602
60006 85471
35379 84674
68982 96157
67388 64710
85545 66835
6081 38554
65181 53255
75605 31094
92303 51284
54957 1860
31162 22547
78399 54511
82155 22716
9049 13855
31215 46700
98531 71518
40887 44344
92651 88195
72571 77332
83752 43581
30454 70215
43304 8534
41194 96028
99118 94213
