100 100 100000
54207 58185
56185 51708
19334 60582
2545 27391
61938 82289
45624 98856
7182 69209
70054 90922
9614 15616
8479 42350
25687 46559
88287 60685
63129 11440
78863 59760
28563 5791
33508 85059
97170 12934
71523 57535
20711 62039
36177 95828
42309 58802
97967 40488
80435 5362
60161 29498
41690 20964
90311 42771
21494 2066
71178 18570
88941 68508
72989 38511
85590 17628
43149 27849
31850 97813
856 80798
44545 78335
75275 19492
41301 9662
84347 68111
94069 72511
86951 44991
45540 34260
57490 95211
58007 57788
59450 90347
74276 12783
48086 78400
23388 9462
96595 72784
89024 47233
40378 5278
69525 40820
17528 98127
48006 33920
8440 60917
53541 35994
49891 11778
47757 96024
95721 41327
28616 9213
75011 29969
15481 31477
34327 42599
6730 6596
73618 22211
44771 26137
8607 3416
42834 83727
54771 49854
3568 79877
38624 2062
28430 94085
34200 86752
50142 94614
10219 8120
49643 47751
65761 25474
73754 62876
7552 64229
42969 92270
28605 85118
41162 51246
71505 47390
97925 66930
49489 38901
28234 56371
50138 49211
48097 89838
30756 12145
19191 11394
12421 90567
17138 7075
86514 77998
23399 11363
14900 99739
59387 54130
81333 39914
4587 94125
33185 59980
33537 28403
16043 95795
88692 60292
10544 73761
93166 50310
89231 67431
40207 47720
19064 98103
92156 4833
41496 6577
19397 34848
49430 50228
98891 49423
7957 17038
55521 97929
12519 15299
93774 50505
76926 4762
42413 86816
50770 18050
67881 47530
43551 82199
87523 76014
7377 3412
87119 58037
76259 53851
35278 41033
18758 46435
54241 36416
85476 43690
55614 38397
86736 80710
40996 50836
86342 88313
70868 39469
72391 48604
50915 25723
65416 82487
88237 5292
49725 57178
32746 11082
38826 55320
86751 53468
77845 94978
61955 2681
5059 38566
26896 3738
49484 49636
55290 4380
65005 8573
19557 36398
68579 93584
56777 40244
89823 82506
14224 36274
87678 84008
72181 88570
16400 45099
79195 59382
80647 80148
36021 78670
47950 51650
86636 20641
18645 75970
84409 41357
60450 71756
29880 25670
7898 68966
22508 20711
36935 24538
69098 84507
31385 3446
70234 87514
51909 80832
97071 30914
42309 5090
92949 58310
51058 75458
19782 23985
15285 28721
32692 18056
51051 71665
63832 33147
53183 12031
26988 55589
21646 37788
26868 45878
33419 20359
45941 22460
16440 80649
4479 57225
68556 39658
49076 70994
74651 24393
93308 40404
15559 82302
58904 28538
22947 17430
41870 89438
26482 33537
55773 85417
21397 45474
