9 100 1000000000
82073 87453
2757 66042
88735 57600
45686 57938
82753 92202
62119 15559
95621 72852
76283 55366
88553 75458
10619 39244
10619 39245
10619 39246
10620 39243
10620 39247
10621 39242
10621 39245
10621 39247
10622 39243
10622 39244
10622 39247
10623 39242
10623 39246
10624 39243
10624 39244
10624 39245
82071 87454
82071 87455
82071 87456
82072 87453
82072 87457
82073 87452
82073 87455
82073 87457
82074 87453
82074 87454
82074 87457
82075 87456
82076 87453
82076 87454
82076 87455
2756 66042
2756 66043
2757 66041
2757 66044
2758 66042
2758 66043
88733 57601
88733 57602
88733 57603
88734 57600
88734 57604
88735 57599
88735 57602
88735 57604
88736 57600
88736 57601
88736 57604
88737 57603
88738 57600
88738 57601
88738 57602
45683 57939
45684 57938
45684 57940
45685 57938
45685 57940
45686 57937
45686 57940
45687 57938
45687 57939
82750 92203
82751 92202
82751 92204
82752 92202
82752 92204
82753 92201
82753 92204
82754 92202
82754 92203
62117 15560
62117 15561
62117 15562
62118 15559
62118 15563
62119 15558
62119 15561
62119 15563
62120 15559
62120 15560
62120 15563
62121 15562
62122 15559
62122 15560
62122 15561
95620 72852
95620 72853
95621 72851
95622 72852
95622 72853
76282 55366
76282 55367
76283 55365
76284 55366
76284 55367
88552 75458
88552 75459
88553 75457
88554 75458
88554 75459
