6 99 1000000000
9674 35328
59945 47971
61766 8032
26887 6896
93691 48901
29279 28999
9671 35329
9672 35328
9672 35330
9673 35328
9673 35330
9674 35327
9674 35330
9675 35328
9675 35329
59943 47971
59943 47973
59944 47971
59944 47973
59945 47970
59945 47973
59946 47971
59946 47972
61764 8033
61764 8034
61764 8035
61765 8032
61765 8036
61766 8031
61766 8034
61766 8036
61767 8032
61767 8033
61767 8036
61768 8031
61768 8035
61769 8032
61769 8033
61769 8034
82077 39066
82078 39065
82078 39067
82079 39065
82079 39067
82080 39064
82080 39067
82081 39065
82081 39066
797 38200
798 38199
798 38201
799 38199
799 38201
800 38198
800 38201
801 38199
801 38200
26885 6897
26885 6898
26885 6899
26886 6896
26886 6900
26887 6895
26887 6898
26887 6900
26888 6896
26888 6897
26888 6900
26889 6899
26890 6896
26890 6897
26890 6898
93690 48901
93690 48902
93691 48900
93692 48901
93692 48902
94543 9344
94543 9345
94543 9346
94544 9343
94544 9347
94545 9342
94545 9345
94545 9347
94546 9343
94546 9344
94546 9347
94547 9342
94547 9346
94548 9343
94548 9344
94548 9345
36015 12637
36015 12638
36016 12636
36016 12639
36017 12637
36017 12638
29278 28999
29278 29000
29279 28998
29279 29001
29280 28999
29280 29000
