15 99 1000000000
80212 81249
70613 91911
38500 75916
2509 53965
18503 99002
99966 30838
3477 85162
9415 12193
59370 20457
19523 68960
53386 58034
46738 80011
80168 46772
57743 60003
37053 5045
80211 81249
80211 81250
80212 81248
80213 81249
80213 81250
70612 91911
70612 91912
70613 91910
70614 91911
70614 91912
38499 75916
38499 75917
38500 75915
38500 75918
38501 75916
38501 75917
2508 53965
2508 53966
2509 53964
2509 53967
2510 53965
2510 53966
386 64309
386 64310
387 64308
388 64309
388 64310
37564 19538
37564 19539
37565 19537
37566 19538
37566 19539
18502 99002
18502 99003
18503 99001
18504 99002
18504 99003
99965 30838
99965 30839
99966 30837
99966 30840
99967 30838
99967 30839
3476 85162
3476 85163
3477 85161
3478 85162
3478 85163
9414 12193
9414 12194
9415 12192
9415 12195
9416 12193
9416 12194
59369 20457
59369 20458
59370 20456
59371 20457
59371 20458
19522 68960
19522 68961
19523 68959
19524 68960
19524 68961
53385 58034
53385 58035
53386 58033
53386 58036
53387 58034
53387 58035
46737 80011
46737 80012
46738 80010
46738 80013
46739 80011
46739 80012
281 41680
281 41681
282 41679
282 41682
283 41680
283 41681
80167 46772
80167 46773
80168 46771
80168 46774
80169 46772
80169 46773
57742 60003
57742 60004
57743 60002
57744 60003
57744 60004
37052 5045
37052 5046
37053 5044
37054 5045
37054 5046
78042 99999
