14 96 1000000000
91155 39241
36096 85992
82979 73513
10309 22275
91565 42246
38262 63125
50044 42449
66877 29818
26560 88223
22246 80580
68472 24001
866 52397
34851 2411
32489 91537
91154 39241
91154 39242
91155 39240
91155 39243
91156 39241
91156 39242
36095 85992
36095 85993
36096 85991
36096 85994
36097 85992
36097 85993
82978 73513
82978 73514
82979 73512
82979 73515
82980 73513
82980 73514
10308 22275
10308 22276
10309 22274
10309 22277
10310 22275
10310 22276
8503 14759
8503 14760
8504 14758
8504 14761
8505 14759
8505 14760
91564 42246
91564 42247
91565 42245
91565 42248
91566 42246
91566 42247
38261 63125
38261 63126
38262 63124
38262 63127
38263 63125
38263 63126
50043 42449
50043 42450
50044 42448
50044 42451
50045 42449
50045 42450
66876 29818
66876 29819
66877 29817
66877 29820
66878 29818
66878 29819
26559 88223
26559 88224
26560 88222
26560 88225
26561 88223
26561 88224
22245 80580
22245 80581
22246 80579
22246 80582
22247 80580
22247 80581
68471 24001
68471 24002
68472 24000
68472 24003
68473 24001
68473 24002
865 52397
865 52398
866 52396
866 52399
867 52397
867 52398
34850 2411
34850 2412
34851 2410
34851 2413
34852 2411
34852 2412
42789 51592
42789 51593
42790 51591
42790 51594
42791 51592
42791 51593
32488 91537
32488 91538
32489 91536
32489 91539
32490 91537
32490 91538
