100 100 1000000000
97399 97399
88797 88797
74472 74472
10398 10398
48441 48441
68998 68998
77747 77747
83583 83583
26110 26110
97616 97616
9883 9883
28095 28095
26903 26903
82223 82223
41365 41365
2058 2058
88532 88532
61228 61228
81409 81409
8059 8059
93843 93843
90077 90077
9105 9105
79470 79470
1944 1944
6611 6611
20805 20805
78239 78239
58007 58007
70307 70307
41672 41672
91882 91882
31148 31148
93339 93339
95775 95775
1702 1702
88726 88726
95289 95289
9869 9869
62833 62833
11178 11178
92091 92091
31079 31079
2230 2230
95572 95572
40106 40106
60559 60559
91576 91576
28964 28964
88517 88517
88189 88189
69710 69710
11737 11737
5359 5359
83245 83245
81099 81099
8187 8187
15807 15807
56037 56037
70463 70463
62919 62919
17094 17094
97474 97474
57478 57478
98576 98576
72186 72186
34701 34701
68134 68134
77701 77701
51731 51731
45565 45565
3800 3800
48385 48385
46845 46845
82075 82075
88649 88649
63691 63691
6515 6515
90815 90815
55604 55604
74870 74870
33387 33387
36722 36722
68698 68698
2395 2395
94093 94093
62713 62713
59587 59587
31729 31729
89337 89337
41181 41181
6057 6057
40186 40186
55287 55287
47703 47703
43898 43898
67033 67033
69380 69380
11535 11535
38378 38378
18891 18891
811 811
71591 71591
75193 75193
97331 97331
31063 31063
20371 20371
14462 14462
19481 19481
83954 83954
10038 10038
95614 95614
5706 5706
59417 59417
50140 50140
58432 58432
80809 80809
29640 29640
24933 24933
63149 63149
40821 40821
23733 23733
51850 51850
88711 88711
24511 24511
11882 11882
58336 58336
26008 26008
60931 60931
71192 71192
87894 87894
54429 54429
352 352
70378 70378
55413 55413
44490 44490
12594 12594
80779 80779
12339 12339
24025 24025
5305 5305
16308 16308
46926 46926
24019 24019
73826 73826
90873 90873
38491 38491
88888 88888
77839 77839
62679 62679
92947 92947
12347 12347
66061 66061
59409 59409
7373 7373
80609 80609
21813 21813
27589 27589
87173 87173
36448 36448
52234 52234
14119 14119
22698 22698
9132 9132
30577 30577
50756 50756
12708 12708
32077 32077
9839 9839
71979 71979
72936 72936
11931 11931
2813 2813
11836 11836
1160 1160
9801 9801
15611 15611
51624 51624
67210 67210
12884 12884
77791 77791
36209 36209
81693 81693
58388 58388
74898 74898
12741 12741
19028 19028
97556 97556
85847 85847
97724 97724
17902 17902
3779 3779
23393 23393
37352 37352
50123 50123
69173 69173
22350 22350
48012 48012
70575 70575
48374 48374
