100 100 1000000000
42181 0
15911 0
22917 0
54698 0
75987 0
96010 0
84137 0
94700 0
94381 0
75006 0
99144 0
49032 0
89381 0
99059 0
33632 0
4047 0
42931 0
14686 0
69109 0
35698 0
697 0
14091 0
43795 0
69588 0
51383 0
16305 0
10639 0
97119 0
10523 0
25076 0
13525 0
41729 0
65320 0
80531 0
13344 0
31200 0
87166 0
99066 0
95479 0
80107 0
3685 0
96959 0
53698 0
26874 0
56178 0
59485 0
7845 0
22371 0
29244 0
10459 0
73434 0
35493 0
87681 0
31736 0
27117 0
95894 0
43694 0
24507 0
53967 0
58183 0
72856 0
85563 0
69114 0
67585 0
91412 0
92545 0
47536 0
4166 0
83051 0
80763 0
60569 0
12922 0
56627 0
90505 0
53095 0
29908 0
79428 0
37913 0
56501 0
55914 0
40836 0
57386 0
7461 0
36555 0
18632 0
9873 0
1701 0
44029 0
40864 0
12945 0
19837 0
13020 0
21964 0
91609 0
57517 0
39404 0
60889 0
87592 0
44286 0
48514 0
78785 0
3906 0
74265 0
8915 0
1215 0
40865 0
11069 0
46382 0
22833 0
62093 0
50291 0
17217 0
22108 0
36437 0
60165 0
22525 0
41380 0
46743 0
70032 0
5990 0
13479 0
11734 0
75875 0
82306 0
91441 0
14932 0
19461 0
84199 0
77653 0
638 0
44324 0
35381 0
79944 0
3897 0
15965 0
37456 0
95050 0
6919 0
2561 0
4620 0
80722 0
50203 0
35078 0
243 0
47749 0
7435 0
81562 0
55437 0
48797 0
96847 0
44117 0
83842 0
93954 0
74998 0
86029 0
14789 0
46550 0
21917 0
22411 0
18786 0
5882 0
37587 0
80690 0
94949 0
77096 0
69414 0
36690 0
41075 0
23973 0
12642 0
79485 0
26318 0
13761 0
88159 0
7325 0
30122 0
77284 0
91541 0
90953 0
92988 0
41459 0
8934 0
38916 0
98471 0
91064 0
36906 0
44046 0
55141 0
35707 0
65703 0
59752 0
54261 0
79125 0
2267 0
24429 0
53960 0
15315 0
83356 0
87409 0
19446 0
