100 100 1000000000
81618 81618
97278 97278
6870 6870
74557 74557
45662 45662
65196 65196
76831 76831
71250 71250
76492 76492
35729 35729
3333 3333
43222 43222
20351 20351
26694 26694
64282 64282
70668 70668
60700 60700
43570 43570
13620 13620
78043 78043
67388 67388
25660 25660
38316 38316
36724 36724
69849 69849
51615 51615
71593 71593
78289 78289
30311 30311
23905 23905
32179 32179
69759 69759
4446 4446
97420 97420
52369 52369
79357 79357
20372 20372
12747 12747
8325 8325
99043 99043
70831 70831
67300 67300
52259 52259
1107 1107
97723 97723
46738 46738
12512 12512
29684 29684
90480 90480
27756 27756
31604 31604
6832 6832
74939 74939
4888 4888
5550 5550
96909 96909
49710 49710
1148 1148
37291 37291
92134 92134
18152 18152
98947 98947
43353 43353
28925 28925
23683 23683
51302 51302
25395 25395
90025 90025
99121 99121
88656 88656
5127 5127
55204 55204
25241 25241
67752 67752
37421 37421
71491 71491
37522 37522
50734 50734
4311 4311
6819 6819
29391 29391
69566 69566
77019 77019
89527 89527
13564 13564
42155 42155
37885 37885
96799 96799
17877 17877
53625 53625
78609 78609
20442 20442
89045 89045
13217 13217
3603 3603
39032 39032
62881 62881
67730 67730
1870 1870
83683 83683
62920 62920
39392 39392
39353 39353
86651 86651
62799 62799
62775 62775
80572 80572
22695 22695
72254 72254
76917 76917
23405 23405
26388 26388
64156 64156
21915 21915
80056 80056
39890 39890
10846 10846
40241 40241
12262 12262
2424 2424
30763 30763
48080 48080
2797 2797
66135 66135
10872 10872
64762 64762
51668 51668
2256 2256
69153 69153
40188 40188
18557 18557
82715 82715
14340 14340
85596 85596
17010 17010
61749 61749
87176 87176
55055 55055
10379 10379
31626 31626
7698 7698
45487 45487
81143 81143
38742 38742
97981 97981
50841 50841
54984 54984
79633 79633
22283 22283
20486 20486
86179 86179
299 299
86183 86183
23223 23223
13949 13949
88565 88565
8348 8348
20301 20301
68414 68414
58322 58322
54372 54372
89915 89915
9841 9841
3446 3446
34541 34541
38026 38026
17178 17178
29965 29965
2859 2859
1934 1934
32614 32614
86396 86396
97303 97303
28250 28250
87246 87246
13673 13673
6043 6043
96016 96016
36409 36409
34148 34148
19191 19191
43239 43239
28469 28469
12093 12093
52454 52454
4829 4829
4921 4921
77276 77276
8196 8196
4978 4978
10347 10347
85092 85092
69749 69749
34346 34346
55172 55172
9208 9208
149 149
96393 96393
25332 25332
56605 56605
