100 100 100000
95244 57065
91441 37001
14594 64210
21331 37567
66116 40707
8345 83564
96474 18902
72847 42562
82927 94196
45485 15562
83994 35495
12388 17637
12223 8609
72447 31875
36422 8810
59146 64119
97210 72341
90324 11872
55055 89474
59880 86576
92959 6936
38623 4885
33975 26641
91086 43052
93797 75192
90609 1273
55824 17283
72603 55682
72483 64193
9650 7738
29168 93989
28101 71918
30258 93592
40861 12100
16850 67291
43359 43784
6072 64815
87628 8812
21223 96225
80067 86655
61721 90639
82505 86432
23202 72279
6333 12262
51310 25600
85238 34786
43556 56436
85120 1624
69591 64864
42428 22268
21622 60562
51553 95668
16176 71271
83070 7174
92457 63071
23909 10140
96079 70887
17259 39508
94426 59029
30058 25422
494 46565
50385 74462
60730 79709
63870 37443
79133 70378
19559 49606
49106 82914
88681 8711
49795 86633
48842 73701
25508 54835
47919 81098
79620 64658
83663 29380
50149 38984
31068 56614
46775 56871
65345 11991
77163 87851
13700 91861
79868 24928
21406 48448
20171 62561
5046 52621
45724 64517
9939 69273
79854 85696
16020 69506
43531 84523
1495 88842
10461 34623
17434 5939
42214 58279
30366 61899
30713 68900
1127 54981
58129 88448
68674 77355
10994 69882
34864 67092
13467 61909
23402 54882
19692 91883
5005 50164
85292 52921
99522 20792
39991 73410
63641 79368
44038 34317
1200 44844
11728 85111
83315 43595
72329 39927
89846 93161
88773 51668
66379 97631
11376 4539
61144 750
16412 88788
85068 21144
33542 5471
9680 28566
27135 1292
53604 19081
5824 60816
6039 72295
26416 91173
58704 30122
9833 9836
17734 31150
63205 43585
74236 24878
81072 44808
50252 91243
29120 7661
28007 99107
84768 48856
65387 12586
83543 67769
20545 25083
3858 76606
9460 66994
96001 36374
19942 79193
93358 23711
20183 1389
6232 95735
55351 12504
16214 69110
62537 48537
27146 453
19558 29540
3608 73124
55188 73484
22311 42176
1787 34101
81364 76526
98975 75026
40737 5489
68914 34284
82139 71265
28279 83121
88925 51632
61391 24930
14532 339
9949 90427
89355 17643
203 58033
16118 62725
44198 97079
99114 22150
67224 15733
40583 34831
69223 29740
98586 82837
7783 81308
20726 38772
2781 72929
50964 39949
33620 90033
86480 43755
72418 84627
90682 31999
82483 90563
43220 96485
99188 90967
75970 12924
30499 41641
1271 18278
29783 16964
95675 59346
33702 47702
15574 25352
61811 19613
94026 68171
95646 6864
46056 85197
10371 94459
41880 93037
10444 19904
