12 96 1000000000
28478 83776
50244 69418
12380 17998
36099 84965
3721 87000
43725 3642
27927 31762
43383 76125
92844 49983
86779 34310
8605 10042
47918 43347
28477 83776
28477 83777
28478 83775
28478 83778
28479 83776
28479 83777
50243 69418
50243 69419
50244 69417
50244 69420
50245 69418
50245 69419
12379 17998
12379 17999
12380 17997
12380 18000
12381 17998
12381 17999
36098 84965
36098 84966
36099 84964
36099 84967
36100 84965
36100 84966
6055 89573
6055 89574
6056 89572
6056 89575
6057 89573
6057 89574
68604 83350
68604 83351
68605 83349
68605 83352
68606 83350
68606 83351
3720 87000
3720 87001
3721 86999
3721 87002
3722 87000
3722 87001
43724 3642
43724 3643
43725 3641
43725 3644
43726 3642
43726 3643
27926 31762
27926 31763
27927 31761
27927 31764
27928 31762
27928 31763
43382 76125
43382 76126
43383 76124
43383 76127
43384 76125
43384 76126
92843 49983
92843 49984
92844 49982
92844 49985
92845 49983
92845 49984
86778 34310
86778 34311
86779 34309
86779 34312
86780 34310
86780 34311
8604 10042
8604 10043
8605 10041
8605 10044
8606 10042
8606 10043
47917 43347
47917 43348
47918 43346
47918 43349
47919 43347
47919 43348
2049 22077
2049 22078
2050 22076
2050 22079
2051 22077
2051 22078
16862 1321
16862 1322
16863 1320
16863 1323
16864 1321
16864 1322
