100 100 1000000000
37935 51621
75 1821
8866 55539
1974 66772
54156 32647
23138 51986
16441 39843
17315 53526
11319 35766
45870 52200
85923 24676
38128 65047
45696 68423
99892 97184
54387 10803
7685 52515
69163 73568
12941 95191
30885 36646
53592 84000
93459 36340
23249 81492
41867 55807
190 94229
49430 2821
35760 96891
56153 22330
54969 51971
53325 74123
21211 37995
51380 57061
85075 31338
61987 49198
1867 20656
86504 30226
73792 87276
20193 3610
38854 32121
59665 95850
97258 7669
60028 68453
34249 21575
83833 6266
34834 79992
41044 45451
76594 29277
71294 64364
19928 35626
10082 3432
20652 83664
93077 32787
12319 25092
73400 8009
53084 64370
69145 27457
80861 37527
21647 92554
75875 65611
93995 24123
8131 44214
12726 8138
87868 93836
76346 60791
36872 5427
80343 13293
53762 45416
34436 94162
52134 83543
24145 12572
62544 1758
20905 35287
34787 37603
26465 73270
28127 37847
13753 89894
70511 29364
12864 65040
50052 70796
23708 67992
96554 98546
79551 97252
53887 73112
94693 45964
91442 92296
4488 22615
15990 21550
50888 7598
29748 36488
76771 46301
72931 33752
13254 59370
37375 41628
21662 59124
14105 62781
33013 57279
72823 2223
71000 10412
86899 23926
97357 20617
9795 88471
31219 33134
6460 44076
49517 12463
21010 88203
38976 90162
1735 97640
3313 49411
47035 75879
64284 49503
97658 49433
99910 55938
8233 85350
73293 36654
17548 84906
92508 68920
84915 50199
63097 31557
29200 76298
50973 77010
84242 69150
20003 38271
49858 99253
7851 59715
30634 89060
83260 9064
73631 74524
70193 21720
8753 53119
18713 25799
81502 84951
32736 55838
71156 94841
34989 97079
69101 12292
273 93955
4269 31965
48118 82511
31911 65802
83009 17182
78433 89353
76340 76690
84576 28850
56412 63214
427 22627
61848 74059
29434 6964
18972 92490
51364 88464
21936 4084
13611 12287
35094 5806
126 87985
85151 22199
34969 45730
54663 98191
16805 71987
51135 56969
65377 89956
10335 87734
72000 22714
97149 8668
6227 94339
18228 58472
20574 30613
60411 41210
72754 25702
34550 78663
24661 56648
99591 37903
3549 68802
50470 53657
41599 47924
61488 40738
56044 67709
81578 19661
98907 28108
88722 99263
67828 1834
62297 97977
26965 6595
58643 23622
78390 47759
29090 5172
90216 65868
46192 99848
28074 18312
7996 55390
84843 36984
79498 69577
89841 34107
11648 91957
19643 1542
78267 68895
80621 44682
32291 64351
53549 30709
75989 85728
7550 57706
6458 94169
95298 91169
