6 95 11111
0 2
3 0
4 1
8 3
30989 28477
16853 46894
0 3
0 4
0 5
0 6
0 7
0 8
0 9
0 10
0 11
1 2
1 6
1 12
2 1
2 4
2 7
2 10
2 13
3 1
3 2
3 5
3 8
3 11
3 14
4 0
4 3
4 6
4 9
4 12
4 15
5 1
5 4
5 7
5 10
5 13
5 16
6 2
6 5
6 8
6 11
6 14
6 17
7 3
7 6
7 9
7 12
7 15
7 18
8 4
8 7
8 10
8 13
8 16
8 19
9 5
9 8
9 11
9 14
9 17
9 20
10 6
10 9
10 12
10 15
10 18
10 20
10 21
11 7
11 10
11 12
11 16
11 19
12 8
12 12
12 13
12 14
12 18
12 19
13 9
13 10
13 11
13 15
13 16
13 17
30988 28477
30988 28478
30989 28476
30989 28479
30990 28477
30990 28478
16852 46894
16852 46895
16853 46893
16853 46896
16854 46894
16854 46895
