13 96 1000000000
8866 9483
46917 73871
73 67519
14929 56554
14925 9590
30144 72665
81852 72336
27860 88570
50765 52740
60073 79625
63975 37486
35308 19027
83263 40627
8865 9483
8865 9484
8866 9482
8866 9485
8867 9483
8867 9484
46916 73871
46916 73872
46917 73870
46917 73873
46918 73871
46918 73872
72 67519
72 67520
73 67518
73 67521
74 67519
74 67520
14928 56554
14928 56555
14929 56553
14930 56554
14930 56555
14924 9590
14924 9591
14925 9589
14925 9592
14926 9590
14926 9591
30143 72665
30143 72666
30144 72664
30144 72667
30145 72665
30145 72666
31477 40789
31477 40790
31478 40788
31478 40791
31479 40789
31479 40790
81851 72336
81851 72337
81852 72335
81853 72336
81853 72337
27859 88570
27859 88571
27860 88569
27861 88570
27861 88571
50764 52740
50764 52741
50765 52739
50765 52742
50766 52740
50766 52741
60072 79625
60072 79626
60073 79624
60073 79627
60074 79625
60074 79626
76759 3432
76759 3433
76760 3431
76761 3432
76761 3433
54671 78369
54671 78370
54672 78368
54673 78369
54673 78370
88143 87086
88143 87087
88144 87085
88144 87088
88145 87086
88145 87087
63974 37486
63974 37487
63975 37485
63975 37488
63976 37486
63976 37487
35307 19027
35307 19028
35308 19026
35308 19029
35309 19027
35309 19028
83262 40627
83262 40628
83263 40626
83264 40627
83264 40628
