100 100 1000000000
72110 23009
50553 71862
25362 64925
80631 51818
8115 77944
821 97339
17556 75080
1275 13042
65025 71018
43303 6615
1216 23898
23319 80061
55128 87000
76329 13559
18130 50467
31444 84622
52876 75523
80164 34986
37696 69390
16307 83618
47050 85965
721 63645
54423 65319
87911 60950
77176 6870
34078 64949
19238 71211
22727 66329
62834 50792
50777 14050
69484 48654
58423 3888
83480 78419
4527 2758
82163 2665
56105 34419
85948 68200
82337 54415
68752 88154
50237 89747
66530 97997
20277 1248
89414 53195
38328 68996
62502 56677
70239 7941
7511 36753
28324 3444
57892 79263
16878 23233
92134 76431
669 83594
57641 24418
27541 8877
76942 30197
26797 30220
37921 94199
98430 70656
98442 89363
82852 21423
17208 374
6774 41368
10009 92311
45732 47777
47402 11767
32827 81581
41466 52160
9762 88984
23605 34649
44941 113
54122 47179
61694 83267
52220 43933
10716 77663
71936 80802
25138 15583
95551 11543
50145 27131
77527 53559
44156 83087
6153 47399
62235 90008
13378 47288
14009 41056
24799 34039
7540 44820
3335 830
34308 81222
18915 71823
45962 43644
53632 45246
60698 86125
47958 16040
16343 5644
64089 69028
33445 46330
50120 51388
22073 7017
34976 130
59192 53915
68350 36393
8918 7847
50763 58353
56206 59634
11062 13730
11831 54520
64876 28689
11719 14717
3223 22815
18084 8243
45172 67912
71541 71556
80057 33657
94442 82652
52158 69130
33190 85131
78946 65309
8135 28481
40556 26372
58543 66160
48460 91944
46634 20201
10305 67849
13745 66754
8857 75670
39367 50399
1717 38961
86267 65997
76834 44023
80384 68540
91234 56659
40925 46870
95282 57071
68412 73685
30493 80102
47981 17976
13142 93440
10930 76025
73591 98370
52773 53455
56096 95988
66715 51008
89773 87354
42445 16946
42511 36388
5100 58561
87154 14530
6153 62812
99783 90724
31864 12221
91506 85388
19757 35708
3181 89959
32696 70461
49712 37075
70718 1423
68317 1466
35758 78456
60526 73565
69209 53050
79784 63997
70803 30592
9042 93711
6620 93936
54056 93869
36690 52272
83338 70766
50907 92070
35642 93439
88132 30829
15897 24885
48706 56
70925 85299
42695 41911
11652 20513
33598 72253
89749 28647
50746 89358
34542 99119
69145 7606
62984 86511
73742 84002
99147 39882
68345 24293
85975 72423
88924 47952
37140 42130
88675 68900
30264 25899
82410 8672
16846 60614
56542 999
4252 18121
96168 85882
94572 10229
79616 6223
11902 29721
84850 26224
52629 69451
96827 85665
