100 100 1000000000
78715 0
89956 0
50486 0
66170 0
82053 0
93492 0
50954 0
71839 0
60821 0
27160 0
56778 0
3988 0
33182 0
20905 0
99658 0
58820 0
15224 0
93257 0
6875 0
82590 0
14786 0
48557 0
16954 0
28920 0
24965 0
39654 0
31913 0
71861 0
99376 0
72890 0
78318 0
14440 0
45605 0
35359 0
23019 0
90338 0
32680 0
25863 0
44193 0
21450 0
29757 0
4958 0
49078 0
68155 0
80871 0
27953 0
5325 0
73998 0
19191 0
64328 0
56201 0
42469 0
27943 0
75453 0
91020 0
97565 0
17246 0
50881 0
70923 0
22344 0
85071 0
96056 0
10927 0
57392 0
43983 0
95896 0
32026 0
38478 0
49884 0
67834 0
59514 0
22742 0
91121 0
31802 0
20910 0
96276 0
80946 0
83214 0
78258 0
73812 0
25403 0
70586 0
66983 0
81835 0
42132 0
33527 0
29046 0
70329 0
43142 0
64712 0
18999 0
78347 0
86161 0
18414 0
98662 0
51932 0
22369 0
61838 0
33314 0
43067 0
47758 0
48677 0
92060 0
69148 0
61515 0
7173 0
31473 0
2857 0
87534 0
38209 0
54979 0
61542 0
48893 0
228 0
17723 0
77750 0
68425 0
56585 0
6159 0
83293 0
21690 0
26947 0
45321 0
94183 0
75064 0
27294 0
70161 0
46885 0
97690 0
22070 0
78291 0
17760 0
13869 0
9003 0
93883 0
22375 0
30852 0
8380 0
2023 0
91511 0
44905 0
78683 0
98799 0
74579 0
84026 0
74755 0
30995 0
78118 0
26401 0
85196 0
68625 0
16152 0
56740 0
30460 0
20798 0
19726 0
90353 0
22988 0
79646 0
42888 0
12662 0
98333 0
44849 0
21273 0
92173 0
8348 0
74186 0
23655 0
61978 0
2026 0
27378 0
4714 0
55115 0
19665 0
12908 0
78773 0
94801 0
1509 0
40619 0
38649 0
20617 0
55590 0
40964 0
55827 0
4385 0
22535 0
28631 0
82914 0
13487 0
22870 0
61679 0
1791 0
23888 0
31490 0
21747 0
15874 0
18521 0
56159 0
69309 0
51690 0
