100 100 1000000000
78930 43221
9645 87043
37823 64080
66025 80354
94419 52029
69463 13579
39580 39851
26379 11589
443 68706
38498 68772
35892 93781
61556 11683
78074 63088
12084 6376
63713 26482
63281 7613
67347 41969
61663 35572
40631 33451
26984 20361
25374 60487
31058 65347
50163 41980
43291 29715
79302 35348
87447 31649
83432 65036
22534 14054
9846 4691
34916 10590
27536 72422
61327 16780
2416 84428
13015 1195
74558 37575
84826 11494
64591 25609
9742 82054
14329 14399
86112 28597
56938 51417
62751 24293
98005 42095
35113 13253
48730 27481
46401 22923
90763 52956
97227 59212
71509 7105
27222 93727
81390 66338
18683 81463
83448 76916
1939 4537
84749 84929
24573 56478
65846 43977
51252 36190
7123 43337
94757 46088
6464 84177
56829 51746
36704 91407
94765 45784
22088 56125
23595 21077
784 34444
10691 55600
69374 82492
33095 34257
90327 9605
59730 94929
3262 51843
12792 83161
98507 71113
51085 88816
94578 67381
79122 64831
51288 85989
10326 20247
74104 97
52778 70129
64287 22823
40252 14291
31691 56002
87941 29674
95186 94960
32034 51787
39026 69118
66581 38213
55172 66044
73984 40290
98298 58466
73379 78846
63079 47708
89380 92246
89762 96143
3922 99912
54783 41811
31962 85229
16715 7287
51948 55588
11897 4087
51024 30155
81316 16782
69526 53542
72474 69928
43756 9483
31799 86258
30763 61360
98156 42293
99938 32366
55893 78305
9182 70610
36770 64372
12764 85830
62026 17748
56770 8944
82577 76182
28245 90300
72885 3624
96645 55401
3883 34530
44251 34111
50840 3759
32924 31064
68306 48771
29524 84263
71039 48130
55734 76915
2894 35967
43169 81422
21924 48017
5105 94563
38755 57439
70470 57446
18240 30009
49484 59820
42580 35504
56213 6702
70299 9711
11785 2594
67963 73966
21124 13055
136 73468
86376 29408
10584 82644
12670 34528
1695 20848
9552 77700
79106 4142
40251 20181
89466 87358
16716 66831
79356 80137
73403 59702
55809 70472
99428 83871
15620 79286
31368 19288
11124 28718
40401 42219
25448 54774
34725 92588
34383 56454
58878 58398
39035 5313
14825 78440
1918 63379
7258 20168
74132 42019
7548 11849
55973 53713
85000 95573
42033 69832
73898 42298
70943 98852
38216 63515
18175 48005
90717 72326
74487 36828
67444 71187
60993 34186
59957 85462
69302 97342
72677 96925
93403 21418
97180 51020
68877 19295
36838 32175
90223 94292
29107 60731
57465 18358
63077 20564
34242 67859
33775 22547
76995 51289
2967 88481
70217 29428
62935 45157
