5 100 1000000000
21552 60615
55088 55741
92005 59295
78942 11965
90733 73966
21550 60615
21550 60617
21551 60615
21551 60617
21552 60614
21552 60617
21553 60615
21553 60616
55086 55742
55086 55743
55086 55744
55087 55741
55087 55745
55088 55740
55088 55743
55088 55745
55089 55741
55089 55742
55089 55745
55090 55744
55091 55741
55091 55742
55091 55743
92002 59296
92003 59295
92003 59297
92004 59295
92004 59297
92005 59294
92005 59297
92006 59295
92006 59296
16633 88707
16633 88709
16634 88707
16634 88709
16635 88706
16635 88709
16636 88707
16636 88708
78940 11966
78940 11967
78940 11968
78941 11965
78941 11969
78942 11964
78942 11967
78942 11969
78943 11965
78943 11966
78943 11969
78944 11964
78944 11968
78945 11965
78945 11966
78945 11967
73443 81737
73443 81738
73443 81739
73444 81736
73444 81740
73445 81735
73445 81738
73445 81740
73446 81736
73446 81737
73446 81740
73447 81735
73447 81739
73448 81736
73448 81737
73448 81738
49340 41409
49340 41410
49341 41408
49342 41409
49342 41410
90731 73967
90731 73968
90731 73969
90732 73966
90732 73970
90733 73965
90733 73968
90733 73970
90734 73966
90734 73967
90734 73970
90735 73969
90736 73966
90736 73967
90736 73968
57925 16107
57925 16109
57926 16107
57926 16109
57927 16106
57927 16109
57928 16107
57928 16108
