7 100 1000000000
29905 2057
88884 23083
63545 57986
82107 51203
89391 47536
94396 35651
8944 53400
29902 2058
29903 2057
29903 2059
29904 2057
29904 2059
29905 2056
29905 2059
29906 2057
29906 2058
88882 23084
88882 23085
88882 23086
88883 23083
88883 23087
88884 23082
88884 23085
88884 23087
88885 23083
88885 23084
88885 23087
88886 23086
88887 23083
88887 23084
88887 23085
63543 57987
63543 57988
63543 57989
63544 57986
63544 57990
63545 57985
63545 57988
63545 57990
63546 57986
63546 57987
63546 57990
63547 57989
63548 57986
63548 57987
63548 57988
82106 51203
82106 51204
82107 51202
82107 51205
82108 51203
82108 51204
89389 47537
89389 47538
89389 47539
89390 47536
89390 47540
89391 47535
89391 47538
89391 47540
89392 47536
89392 47537
89392 47540
89393 47539
89394 47536
89394 47537
89394 47538
94394 35652
94394 35653
94394 35654
94395 35651
94395 35655
94396 35650
94396 35653
94396 35655
94397 35651
94397 35652
94397 35655
94398 35654
94399 35651
94399 35652
94399 35653
47098 35244
47098 35245
47098 35246
47099 35243
47099 35247
47100 35242
47100 35245
47100 35247
47101 35243
47101 35244
47101 35247
47102 35242
47102 35246
47103 35243
47103 35244
47103 35245
8941 53401
8942 53400
8942 53402
8943 53400
8943 53402
8944 53399
8944 53402
8945 53400
8945 53401
