100 100 1000000000
69266 81692
20271 6503
62896 33317
95961 6927
35187 64416
79706 67191
96962 99313
18413 33416
77477 95293
7107 56532
12842 2426
96559 3671
28955 24851
12517 66816
77809 6759
83642 9423
52737 24929
51331 7296
18843 39184
59444 70496
89139 62298
48246 97429
48253 22275
77576 63249
73134 35590
34706 68215
58816 40388
72602 49879
40550 95984
39154 49501
13586 3662
79079 93692
65288 55260
67863 16794
61845 2691
93333 42402
53492 61786
93704 61268
30216 51418
82894 26670
46729 13442
6171 26793
32116 71548
78089 66925
68312 44754
86509 1091
37645 8534
37796 85633
3613 35884
68062 42449
95042 4120
68095 8810
33955 24668
67306 91400
26913 8101
13764 59091
29772 72246
16406 45931
80723 53126
44398 15374
40826 64014
78185 3380
76750 18973
67103 39051
58754 61204
19648 29916
46681 83902
37318 40333
78553 56766
48105 55632
76760 22330
43639 91065
57585 41837
91215 27910
71646 67125
30427 83809
42566 26965
53692 16567
56511 47351
54792 63316
21003 42119
98668 87406
16217 66547
35590 7121
26823 36010
93283 99798
38968 29328
33010 12590
93988 18388
86050 496
68009 99865
65003 20279
61125 98054
27372 54523
2591 21842
30731 24387
21855 79224
46831 48972
71804 14907
39539 96556
7579 27429
57877 65733
18964 75767
95109 36810
68615 44008
14284 50338
36094 32338
85403 8116
66369 66996
39660 95819
16447 3779
17432 9637
52440 72022
21682 83257
70249 71377
47359 17064
52253 81356
25330 18382
76526 13908
72813 66706
95569 91132
52673 51113
32058 90577
26328 69449
85466 21076
66038 46660
19341 69589
40061 82675
27164 70471
22250 8789
6949 21634
35875 37114
12272 77891
29671 35927
9143 63131
7686 72017
47395 99248
53455 50715
86307 1953
82988 81704
76386 22833
39650 53716
95499 84176
10004 85684
69233 34497
55907 69487
92197 49818
8021 20172
97961 53551
3738 59696
43287 91913
12336 25377
31797 22546
24073 21319
26616 52398
52623 57844
89947 33083
14742 84870
27959 74946
61846 66692
79904 26398
97771 82243
35183 93812
74829 6779
83350 86250
59999 78307
28417 92902
64917 92900
89348 48739
3557 41805
6605 20821
33734 81721
86040 86918
70064 76283
24384 31732
33105 14616
4275 16336
76051 44430
95421 98085
90678 65115
75562 34629
6915 66786
51169 61275
15336 39990
86389 45322
5418 65250
57626 76093
41683 71093
40050 3149
3232 19365
98320 51414
57866 68073
22009 30101
81729 24048
69019 25204
8412 1332
62509 31637
2748 26431
43762 57769
81813 52341
