100 100 1000000000
93981 747
52447 42665
26240 99830
99372 74884
21882 95959
45024 29151
43735 65851
48535 72446
75728 65592
25945 62752
92033 79347
43939 7862
80257 67115
91860 40901
60967 68231
32656 72358
41198 45801
27003 29034
62524 88020
38466 25536
8575 87179
6402 75463
99941 18458
73792 14788
91569 94791
55545 27637
21842 88882
89703 42086
95749 58537
4866 83173
66676 14765
88349 12986
49966 41633
16531 55168
56821 51609
97626 68378
92851 87902
47728 37805
42720 87531
70303 54280
85973 9705
44197 89017
30790 93973
63900 69161
75181 69830
96077 57754
74580 25635
23263 41770
39709 74946
87635 33826
1046 5082
97083 51066
65709 92865
88330 77447
9204 79345
42698 36395
42660 22011
40390 67168
38373 93754
19378 89852
49283 84168
73499 31195
34127 77784
86254 80262
78862 70741
1820 76750
50900 7777
16794 68895
4106 30503
24895 86893
91750 79934
86961 83082
3436 24411
24166 59854
41926 81849
40315 67857
36497 2414
63305 31746
43781 9096
79273 46068
21177 56307
79721 60812
55381 20082
26300 12118
38045 25831
88172 22169
53216 11099
54528 92085
45243 73289
98979 29388
7837 37836
27519 90571
38787 82383
41111 52644
86848 9833
73802 80720
92166 95343
89811 68267
62327 90846
536 67400
95076 35116
63540 19521
16574 63627
58212 29737
24502 95230
730 70257
81395 39617
49598 49940
20223 63663
2285 96390
38081 48434
45511 31459
53381 80263
34496 48493
81185 92351
88326 60777
10174 1356
89436 32924
85011 88118
69197 86131
95011 23359
27362 86361
64241 75498
78135 44200
65884 6415
18786 92273
89195 69898
71750 5672
66040 86688
34844 61046
85415 60631
38489 94065
35389 56555
37400 24313
69904 59881
17076 25211
82804 42363
91397 28199
33809 5915
83312 47794
57751 71372
86888 70451
4796 80582
42446 2797
11517 3612
98192 70541
27329 86198
6498 84592
89455 86637
44499 7769
57344 64011
42531 46676
76557 80978
21260 9409
38898 78688
53407 39575
50218 66620
34123 73530
72173 54037
8165 51473
2791 60172
35610 23211
78887 92312
14048 28552
51744 37099
36256 70114
40164 32628
47342 85607
66066 47477
81621 46536
83452 46976
70637 21814
8157 12270
66188 43204
83092 45942
2034 46111
51544 19703
63024 51774
96350 46344
38543 59213
78539 6213
53319 32535
88114 506
17458 30793
62263 70834
51976 68291
87079 23400
73337 36258
63680 96136
10722 48417
81446 51569
72098 74266
91844 9039
43376 58209
11234 56669
69814 62690
84572 99134
38046 80147
15227 22333
23090 23006
