100
75935 6 43 92 9 3 3 1 12 1 16 1 97 2
17832 0
32881 0
72814 0
72392 0
70555 0
41565 1 87 100
98850 0
90688 4 50 80 15 2 96 4 56 14
75616 0
34438 0
53725 0
64307 0
42974 3 69 86 36 5 48 9
65540 2 74 95 20 5
68457 2 35 8 66 92
43152 4 71 14 84 7 78 17 80 62
45075 0
93545 1 70 100
65932 0
1176 0
14318 1 23 100
1918 0
39668 1 65 100
84857 1 85 100
11224 2 10 93 6 7
80918 1 73 100
63520 3 58 54 17 12 62 34
16845 1 82 100
29410 0
86603 0
96092 0
66241 0
56487 1 76 100
38978 0
62260 1 8 100
31160 1 68 100
76613 1 59 100
24174 0
2608 1 49 100
24146 1 57 100
13104 2 29 55 2 45
66515 6 38 4 77 63 89 12 18 12 67 6 93 3
13528 1 88 100
35787 0
43261 0
66897 0
25472 0
2607 0
76270 6 61 50 64 34 7 5 98 4 55 6 11 1
38301 0
50497 1 46 100
77661 0
14272 0
77709 0
47700 1 31 100
12880 1 4 100
14546 3 26 59 34 35 19 6
32018 0
72328 0
71075 2 91 33 95 67
70038 1 100 100
63717 0
68711 4 28 21 42 27 25 38 24 14
66312 0
72411 0
84262 1 52 100
3651 0
77537 1 54 100
16905 0
45559 2 41 25 30 75
66826 1 79 100
40855 0
95524 3 27 56 32 25 72 19
53740 0
40898 0
13317 3 14 58 94 7 75 35
76960 0
4604 0
13573 0
24594 0
31679 0
8780 0
33176 1 53 100
58038 0
31867 1 21 100
95175 3 13 2 92 65 40 33
91922 1 51 100
83031 4 47 8 63 84 44 4 39 4
35515 0
43355 5 22 72 90 25 45 1 81 1 60 1
86846 1 33 100
57234 0
20917 1 86 100
43130 0
87079 2 5 28 83 72
16183 1 99 100
40841 1 37 100
14639 0
88862 0
