100
97265 5 10 37 39 33 23 27 43 1 93 2
47902 0
22013 0
36562 0
93320 1 16 100
57759 0
14398 0
73128 0
69708 2 85 26 78 74
26735 2 76 95 44 5
82674 1 61 100
24100 0
76353 1 21 100
70720 0
77874 2 59 50 66 50
51644 0
39878 1 99 100
39855 2 81 84 91 16
97706 4 24 43 95 53 58 1 98 3
50945 0
77403 0
10529 3 40 53 42 39 28 8
19638 3 86 91 79 3 4 6
83123 1 14 100
1982 2 92 99 73 1
28743 1 34 100
12979 3 48 88 80 2 96 10
42704 1 75 100
32195 1 27 100
4726 0
60708 0
12793 2 5 60 72 40
48228 1 6 100
56942 0
58677 0
29409 0
88305 2 7 59 8 41
41529 2 82 18 31 82
70607 3 38 16 19 24 9 60
91778 1 46 100
32351 2 47 33 52 67
6446 2 87 73 88 27
90851 1 64 100
53020 1 70 100
45688 1 74 100
59608 0
74413 1 51 100
60154 0
3178 0
20292 0
41008 0
8190 1 90 100
15257 0
18668 1 62 100
73798 1 29 100
65438 3 83 85 26 11 54 4
87861 0
11031 3 15 68 67 16 12 16
88432 1 57 100
33832 2 41 2 100 98
48230 1 50 100
12863 0
94167 0
99522 0
67019 0
75379 0
76550 2 71 73 36 27
49285 1 63 100
79804 3 94 94 60 1 3 5
31872 1 30 100
91339 1 77 100
32731 0
86074 0
98053 3 68 27 49 20 2 53
69911 0
59697 3 18 95 69 1 53 4
29353 0
29209 0
59746 1 45 100
64361 0
66882 4 37 58 11 11 33 12 35 19
41277 1 22 100
54011 1 84 100
57745 0
75776 1 32 100
28574 0
50496 0
58422 0
19199 2 55 20 25 80
94309 0
30148 3 89 23 56 13 17 64
75901 0
65662 0
59143 2 13 90 20 10
22140 0
16232 0
80241 0
41163 1 65 100
99093 0
60169 1 97 100
