7
100 100 500
1 1 1 5 1 1 1 1 1 6 1 1 1 1 1 1 1 9 3 1 1 1 2 1 1 2 1 2 1 1 6 1 9 3 3 1 4 1 1 1 1 1 1 1 2 1 1 1 1 3 1 4 1 1 1 1 1 2 1 1 2 1 5 1 1 1 1 2 1 1 1 5 3 1 1 1 1 3 1 1 9 1 4 1 1 1 1 1 1 1 3 1 2 1 2 1 1 1 1 1
1 1 1 1 1 1 11 1 2 1 3 1 1 1 1 3 1 1 1 1 7 1 2 1 1 1 1 14 1 1 1 1 1 2 1 2 1 1 1 1 1 1 1 16 3 5 1 1 1 1 1 2 1 1 1 2 6 1 2 1 1 10 1 2 2 1 1 1 7 1 2 2 3 1 1 1 1 1 1 7 1 1 2 4 2 2 2 1 3 4 2 1 13 1 1 1 1 4 1 1
1 2 25 1 5 1 1 2 1 1 8 1 2 1 1 1 1 1 5 1 1 7 1 1 2 1 1 1 1 1 1 3 1 2 1 1 1 1 1 1 1 1 1 1 1 1 1 1 2 1 1 1 1 1 1 1 2 6 1 1 1 1 5 3 1 4 2 1 2 1 7 22 1 1 59 1 13 1 1 1 1 1 1 1 44 1 1 1 1 1 1 7 1 1 66 2 1 1 1 3
2 1 1 1 1 1 1 1 1 1 1 2 1 21 1 2 1 3 4 1 1 1 1 5 1 1 1 1 1 1 1 1 3 3 5 2 2 1 2 1 1 1 1 2 1 1 2 3 1 1 1 2 1 1 1 1 1 1 3 1 1 2 3 1 1 1 1 1 1 1 3 1 3 1 1 4 1 1 1 4 1 1 1 2 1 1 5 1 2 2 1 6 1 1 1 1 4 1 2 2
1 2 1 2 1 3 1 1 2 1 2 1 1 1 1 1 1 1 1 1 1 1 1 1 1 1 1 1 2 1 1 1 1 1 10 1 1 9 2 9 5 14 1 2 1 1 1 6 2 2 2 2 1 7 1 1 10 1 11 1 1 1 1 1 1 2 11 1 2 1 2 1 1 1 1 1 2 12 1 2 3 4 1 1 2 3 10 1 1 2 1 1 1 1 1 5 1 1 1 1
1 4 1 3 1 2 1 1 2 1 1 1 2 1 1 13 6 1 4 1 4 7 1 1 25 1 5 1 1 1 11 1 1 1 1 1 1 1 8 1 66 1 2 2 1 9 1 1 6 1 1 1 1 1 1 1 2 1 55 2 1 14 1 14 1 1 1 3 5 1 1 1 1 1 1 1 11 1 3 1 3 1 1 6 1 2 1 1 1 5 3 2 1 1 2 1 1 2 1 1
6 1 1 1 1 1 1 1 2 1 2 1 1 1 1 1 2 1 1 1 1 1 1 16 1 1 1 1 2 2 3 1 3 4 4 1 4 1 3 1 1 1 3 1 1 1 1 2 1 1 1 6 1 1 1 1 10 1 2 1 1 1 1 6 1 1 2 1 1 2 1 1 1 1 1 1 1 1 1 1 1 1 2 1 1 1 1 1 1 1 1 1 1 1 2 14 1 2 3 1
2 1 4 2 1 1 1 1 1 1 1 9 1 1 10 18 1 6 1 10 15 1 1 5 1 17 1 1 1 1 2 3 2 1 1 1 2 3 1 2 2 1 1 5 5 1 2 2 1 1 3 1 1 2 1 2 1 1 4 1 1 2 1 3 1 1 1 1 1 1 1 5 1 4 3 8 1 1 1 1 1 5 1 13 2 1 1 1 1 3 1 1 1 1 1 1 1 1 1 1
9 1 26 1 3 22 1 3 1 1 1 26 1 1 5 8 1 1 2 4 1 25 1 1 1 1 1 2 1 1 7 1 1 5 1 1 6 1 1 1 1 1 1 1 2 1 1 1 1 7 1 92 2 1 1 1 3 1 1 1 1 1 1 36 1 1 1 3 1 9 1 2 1 5 2 1 2 1 2 1 1 1 4 3 1 1 1 1 27 1 1 1 1 1 1 1 1 2 1 1
1 1 1 1 1 3 1 1 1 1 1 1 1 1 2 2 1 1 1 2 1 1 7 1 3 1 1 1 1 1 5 2 2 1 1 1 1 1 14 1 17 1 3 1 1 1 1 1 1 17 1 1 1 1 2 2 1 1 1 2 1 1 18 1 1 1 1 1 1 4 1 1 2 1 1 6 1 1 1 2 1 1 6 3 4 3 2 1 1 1 2 1 1 1 5 2 1 1 5 2
1 1 1 2 1 1 1 1 1 1 1 1 2 2 8 1 1 2 1 4 11 1 2 1 6 1 2 1 1 1 1 1 1 1 1 1 1 1 1 1 13 1 1 1 3 1 1 1 1 2 2 1 1 1 4 3 6 1 1 2 3 4 1 4 1 1 1 1 1 1 1 3 1 1 1 1 1 2 1 1 3 5 1 1 1 2 1 2 1 2 1 1 1 2 1 9 4 1 1 2
1 1 1 1 2 1 2 1 1 1 1 1 2 5 1 1 1 1 2 4 2 1 2 1 1 1 1 1 1 1 1 3 1 3 14 1 1 1 2 1 1 1 1 1 1 1 9 1 1 1 4 2 1 1 1 3 1 1 1 5 1 1 1 1 1 1 2 1 1 4 2 2 19 9 5 24 1 7 2 1 1 1 1 1 3 1 1 5 10 1 1 1 1 3 10 1 1 1 1 1
2 2 1 3 1 1 1 6 3 1 1 2 1 5 2 3 4 1 1 11 4 13 7 1 2 2 17 1 3 1 14 1 1 1 1 1 2 1 1 1 2 1 1 25 3 1 1 1 1 1 1 1 1 1 3 1 1 1 1 1 1 1 1 1 1 1 1 2 1 1 1 1 1 96 1 1 1 2 1 1 1 1 1 1 1 1 7 2 1 1 7 1 8 1 27 2 1 1 1 1
1 1 5 1 1 1 1 1 1 2 1 1 6 1 1 10 1 1 1 1 5 5 1 1 5 5 1 1 1 4 2 5 5 7 1 1 1 1 1 2 1 1 17 1 58 1 1 4 57 2 1 17 3 1 4 17 1 8 1 2 1 3 1 2 1 2 3 1 1 1 1 2 1 1 2 1 1 1 1 1 1 1 4 1 1 1 1 47 1 1 2 15 1 1 1 1 2 1 1 1
1 1 1 1 1 2 1 8 1 1 1 1 2 1 7 7 1 1 1 1 3 17 1 2 1 2 1 1 1 1 5 1 2 1 1 5 25 1 2 1 2 1 1 1 4 6 2 1 1 1 1 2 1 2 4 1 1 2 1 75 1 2 2 7 2 1 2 1 1 1 5 1 3 2 1 1 1 1 1 6 1 1 1 1 2 4 1 1 11 1 1 9 1 1 1 3 1 6 1 1
1 1 1 2 1 1 2 1 1 1 1 1 1 1 1 1 3 7 1 1 1 1 1 14 1 1 1 1 1 1 3 4 1 1 4 1 1 1 1 2 1 1 19 3 1 1 1 4 1 7 1 2 4 1 1 1 1 1 1 1 2 4 1 2 2 1 8 1 1 1 3 1 1 1 1 4 1 2 4 1 2 1 1 1 1 2 1 1 1 1 1 3 1 2 4 1 1 1 1 4
1 3 1 1 1 1 1 1 1 2 2 2 1 1 6 1 2 1 1 7 1 1 1 1 1 2 1 1 1 2 1 1 1 8 3 2 1 1 1 1 1 1 1 3 1 2 1 1 1 1 1 4 1 1 1 1 2 3 1 1 1 9 4 1 4 3 5 2 2 1 7 6 5 1 1 5 3 3 3 12 3 6 11 8 2 1 1 1 6 1 1 2 1 1 4 2 1 1 1 1
1 4 1 1 1 1 1 2 1 1 1 2 1 14 5 4 75 1 2 1 1 1 1 1 1 1 1 1 2 4 1 1 13 4 1 6 1 1 1 9 1 1 1 1 20 1 1 1 1 3 1 8 3 1 26 1 1 3 1 1 1 2 2 1 1 1 1 76 1 2 1 1 1 3 1 4 4 1 1 1 1 1 1 1 1 1 1 1 4 1 1 2 3 1 1 1 3 1 1 1
1 1 2 2 3 1 1 1 2 1 1 1 1 1 1 1 1 3 1 5 1 2 2 2 3 1 1 1 1 1 6 5 3 1 1 1 4 1 1 1 1 1 1 2 2 1 2 1 2 1 2 3 1 3 24 5 1 1 1 1 1 1 3 1 1 1 1 1 1 1 1 2 8 1 1 1 1 2 1 1 1 3 2 1 4 1 1 1 1 2 1 1 4 2 1 1 3 1 1 1
1 3 1 2 4 1 1 1 2 2 1 1 2 1 1 2 1 3 1 1 1 5 1 4 1 1 1 1 1 2 19 2 1 2 1 1 1 1 1 1 1 3 10 1 3 1 1 6 1 3 1 1 1 1 1 1 1 1 1 2 1 2 1 1 1 1 5 1 2 1 1 1 1 1 42 1 1 3 1 1 2 2 15 1 3 1 1 1 1 1 6 14 1 1 1 13 1 1 1 2
1 3 2 1 1 1 1 5 1 31 10 1 3 1 1 1 5 2 1 8 1 1 1 2 2 3 1 1 1 1 1 2 1 3 2 1 1 5 1 1 1 1 4 1 1 1 1 2 1 1 1 1 1 2 4 1 1 1 2 3 1 1 2 2 1 4 1 1 1 1 2 1 1 1 1 2 1 8 1 1 1 1 1 1 1 1 4 1 1 3 2 1 1 1 2 1 1 4 1 1
1 1 1 1 1 2 2 2 1 1 5 4 1 1 1 2 3 1 8 1 4 69 3 1 1 1 1 1 3 3 1 1 1 1 2 7 1 1 1 1 1 1 1 1 1 1 2 1 1 1 1 1 1 1 1 1 1 1 1 1 1 1 1 1 1 4 1 1 1 1 1 1 4 1 1 1 11 68 1 1 1 49 1 1 1 1 3 1 1 1 2 1 1 5 2 1 2 1 1 4
1 1 3 2 1 1 1 2 2 1 2 3 5 3 1 1 1 1 1 1 1 2 1 2 1 42 1 9 1 1 2 1 2 3 1 1 1 1 2 1 1 3 1 3 1 1 1 1 1 3 1 2 1 1 1 1 3 2 4 2 1 1 1 1 2 1 1 1 1 2 1 2 1 3 1 1 5 1 1 1 4 1 1 1 2 2 1 1 6 1 1 1 1 4 1 1 1 1 2 3
4 1 3 2 1 1 1 1 1 1 1 1 1 3 1 6 1 1 1 1 1 19 3 2 34 1 22 1 47 1 1 1 1 6 1 2 1 39 9 1 1 1 1 1 2 3 3 1 1 2 1 2 6 2 3 1 1 1 1 1 1 1 1 2 1 1 12 1 1 1 2 2 1 1 1 1 1 1 13 1 2 1 1 1 1 1 2 1 1 1 1 2 6 3 1 1 1 10 1 1
1 1 6 1 1 2 2 1 1 2 1 1 1 1 1 1 1 1 52 3 1 2 1 1 1 1 1 3 3 3 1 1 1 1 50 7 1 1 1 5 1 1 1 1 2 1 11 1 1 1 1 1 1 1 1 2 1 3 1 1 1 1 1 1 1 2 1 1 14 2 1 1 2 2 1 1 2 1 1 3 1 3 1 1 1 2 1 1 1 4 2 1 1 1 1 2 1 1 2 1
1 1 1 1 1 76 1 1 2 1 1 4 2 1 4 1 1 1 1 5 1 1 1 1 1 4 1 1 1 1 1 1 1 7 1 1 1 1 1 1 3 1 1 2 1 2 1 1 1 1 1 7 3 1 1 1 3 1 1 1 2 1 1 3 1 52 1 1 1 1 58 1 1 1 2 1 1 1 1 1 1 4 2 3 2 76 1 2 2 1 1 1 1 1 1 2 2 1 1 1
1 1 3 1 16 1 1 2 1 1 3 1 42 10 1 1 2 1 1 1 3 1 1 1 1 1 4 1 1 1 1 4 8 1 1 1 1 1 1 2 2 2 2 28 8 1 1 1 1 1 2 3 2 1 1 5 1 1 2 1 1 1 1 1 1 8 1 1 1 1 1 6 1 1 16 1 1 1 54 1 3 1 1 5 1 1 1 1 1 6 1 4 1 2 6 1 1 6 3 1
1 1 1 2 1 1 4 27 1 1 2 1 2 1 1 1 4 3 1 2 1 1 1 1 1 1 1 6 2 1 1 1 1 1 2 1 1 1 2 3 1 3 3 2 2 3 1 1 1 2 17 1 3 1 46 1 1 1 1 1 1 2 1 1 2 1 4 5 8 1 1 1 2 1 1 1 1 1 13 1 1 1 2 1 1 2 1 1 1 94 1 1 1 1 1 1 1 1 1 2
1 1 1 2 2 2 1 1 1 2 1 1 1 7 1 2 3 2 1 5 2 1 1 2 1 1 2 1 1 1 2 2 1 1 2 1 1 1 1 1 1 1 1 3 1 11 1 2 1 1 2 1 4 2 2 1 2 3 1 3 1 1 1 2 1 1 1 2 1 1 1 1 2 1 2 1 1 4 4 1 1 1 1 1 1 3 1 1 1 1 1 1 1 1 1 9 1 8 1 1
1 1 3 1 1 1 2 1 3 1 1 1 4 1 14 1 1 1 1 1 1 1 1 1 1 2 2 2 1 1 4 3 1 1 2 1 1 1 1 2 1 1 1 1 1 7 2 4 1 3 1 1 2 1 2 1 5 4 1 1 1 1 1 1 1 1 1 6 1 1 1 1 1 1 37 10 10 1 1 1 1 1 1 1 1 2 1 1 1 1 3 1 6 9 1 5 1 1 5 1
1 1 1 1 5 1 1 17 1 3 2 1 1 2 1 3 20 1 1 1 3 1 1 1 6 4 1 2 1 1 36 1 1 1 1 1 11 1 1 4 1 2 5 1 1 1 1 1 1 1 9 1 1 1 1 1 25 1 1 1 1 1 1 1 7 1 1 1 2 15 2 2 2 2 1 1 1 4 2 1 2 1 1 1 1 1 1 2 1 1 1 3 1 1 1 4 1 1 2 2
1 1 9 1 1 4 1 1 1 2 1 1 1 1 3 1 1 1 1 1 1 1 22 1 1 1 5 1 1 1 1 3 1 1 1 1 1 1 1 1 1 1 1 1 1 2 6 1 4 1 1 1 1 2 1 1 1 1 1 1 3 4 3 1 1 1 1 1 2 1 2 26 1 12 1 1 1 1 1 1 1 1 1 22 5 1 1 1 1 1 19 1 1 1 3 2 1 1 1 1
4 1 4 1 1 1 80 2 1 1 1 1 3 1 1 3 2 1 1 1 1 1 2 9 1 3 1 1 3 6 1 1 2 1 2 2 1 1 1 1 6 2 2 9 1 1 1 1 1 1 22 1 3 1 1 1 2 2 1 1 1 2 1 4 19 15 1 1 1 1 1 1 1 8 1 1 2 2 1 8 1 1 1 4 2 1 6 4 2 1 1 3 1 2 1 1 1 2 1 1
1 1 1 2 3 1 6 2 5 1 1 1 1 1 1 7 2 1 18 1 1 7 8 1 4 1 4 4 3 1 1 1 1 1 1 1 1 1 2 1 1 2 1 1 1 1 1 1 1 1 1 1 1 1 1 4 1 1 2 1 1 1 1 2 2 39 1 1 1 1 1 2 1 1 3 1 1 1 11 4 1 2 1 2 1 1 1 1 3 1 1 1 3 1 2 2 1 3 1 1
1 1 3 1 1 6 2 2 1 1 2 1 1 1 1 1 3 1 1 1 2 1 1 5 1 1 1 38 1 1 1 1 17 3 1 6 1 1 9 1 1 2 1 4 2 1 3 1 1 11 1 5 1 2 1 5 2 1 4 1 1 3 1 4 5 1 1 1 1 2 1 1 2 1 1 2 4 1 4 1 1 1 1 1 2 1 1 1 2 13 1 1 1 3 1 3 1 17 1 1
1 2 2 1 1 1 1 1 1 1 1 1 1 3 1 1 1 1 1 2 1 1 1 2 1 4 1 1 4 1 1 1 2 3 3 1 2 3 1 7 1 1 3 2 1 1 2 1 2 1 1 5 1 2 1 1 1 4 1 27 1 1 1 1 15 1 1 1 3 1 1 2 1 1 1 1 2 1 3 1 1 8 1 1 5 1 1 4 1 1 1 2 1 1 5 1 2 1 2 1
1 1 2 2 1 1 1 2 1 1 1 1 8 1 2 1 1 25 1 1 5 1 1 1 1 1 1 17 1 1 1 2 4 5 1 1 2 1 1 1 6 1 3 35 1 1 1 1 1 1 1 1 1 6 1 3 18 1 1 1 2 1 1 5 4 1 1 4 1 1 1 2 4 28 1 1 1 1 1 2 5 1 1 1 1 4 2 1 1 4 1 46 1 5 1 3 1 1 1 1
5 1 1 1 1 2 2 1 1 1 1 3 1 1 1 2 9 1 1 1 1 7 1 1 1 1 2 2 1 4 10 1 1 1 1 1 1 1 1 2 1 3 1 1 3 3 5 1 12 1 1 1 1 1 6 1 1 1 1 1 1 35 2 3 3 1 1 1 1 2 1 4 2 3 1 2 2 2 1 1 1 1 1 3 3 9 1 2 1 1 1 1 1 1 1 1 7 1 1 2
2 2 1 11 1 1 1 3 1 1 25 1 2 8 2 1 7 1 2 1 1 1 1 1 1 3 1 2 6 3 1 1 1 1 1 1 1 1 1 1 1 1 1 1 1 1 1 1 1 1 1 1 1 1 27 6 1 1 11 1 1 1 2 1 2 1 1 1 1 1 1 3 1 1 1 1 1 4 1 1 1 2 6 1 4 1 1 1 1 1 2 1 6 1 2 27 2 4 1 35
1 1 1 1 1 1 1 1 25 1 3 1 1 5 3 1 2 1 2 1 1 1 2 1 1 1 1 3 1 1 1 1 11 1 1 1 1 1 1 1 2 1 11 1 15 1 1 4 9 1 4 1 1 1 1 1 1 1 1 1 1 1 1 1 5 1 1 2 12 1 11 1 1 25 1 3 1 1 3 1 1 4 1 1 1 5 1 1 1 1 1 1 1 1 2 1 1 2 1 1
1 2 3 3 1 7 1 1 3 1 2 1 1 1 12 1 5 2 2 1 1 1 1 1 18 1 3 1 1 1 1 12 1 3 2 1 3 1 1 1 1 1 1 1 2 1 3 1 1 1 1 1 3 1 3 1 7 1 4 1 1 1 1 7 1 1 1 1 1 1 1 1 3 3 1 1 3 1 1 1 1 1 1 4 1 3 1 1 1 3 1 1 2 1 1 1 2 1 1 2
19 1 1 1 1 1 1 1 5 4 1 1 1 2 5 2 1 2 1 4 1 1 3 1 1 2 1 1 1 1 2 1 1 1 6 1 1 1 3 1 1 1 2 1 1 1 1 1 2 1 2 5 1 1 1 1 1 1 1 1 1 8 1 1 1 1 1 1 1 3 5 2 8 1 2 46 1 1 1 77 2 3 1 1 1 1 1 3 1 1 1 1 9 1 1 1 2 3 2 3
1 1 1 1 3 1 1 7 3 34 1 1 8 2 1 2 1 1 4 1 1 1 1 1 1 1 1 1 3 1 2 1 1 1 1 10 1 1 1 2 2 11 1 2 1 1 2 1 2 1 3 5 1 2 1 1 1 4 13 4 44 1 1 2 1 1 1 5 1 2 1 1 1 1 1 1 2 1 1 3 1 2 2 1 1 1 3 1 1 2 7 1 1 1 1 1 1 1 5 1
3 2 2 1 1 1 1 1 1 1 1 1 1 1 1 1 4 1 1 8 1 3 2 20 1 1 17 1 1 1 3 3 4 2 11 3 1 1 1 1 1 2 4 1 1 1 2 1 2 5 1 1 1 1 1 3 1 1 1 1 3 45 1 13 1 1 1 1 2 1 1 1 4 1 1 4 11 1 2 1 1 3 1 1 1 1 2 5 2 1 1 1 1 8 1 4 1 2 2 1
1 1 1 1 3 1 5 1 1 2 1 1 1 1 1 9 2 1 1 1 2 1 1 1 1 3 3 1 11 1 1 1 10 3 1 1 1 1 1 1 1 5 1 2 1 1 1 1 1 1 1 4 2 1 1 1 1 2 1 7 1 1 1 1 2 1 3 1 1 1 2 1 1 1 1 2 1 47 1 1 1 1 1 1 3 4 1 1 5 1 1 8 1 2 1 1 1 2 1 8
2 1 1 2 1 1 1 1 1 14 1 1 1 1 1 1 1 1 2 3 1 1 2 6 1 1 1 1 3 1 1 1 11 1 6 1 7 1 1 1 3 31 1 2 1 2 1 1 1 1 1 1 2 1 1 7 4 4 20 2 4 1 1 2 2 1 1 1 1 1 31 1 2 1 1 1 2 63 1 1 2 11 1 1 1 1 1 3 1 5 1 1 1 3 1 1 1 1 1 1
1 2 7 2 1 2 1 3 7 4 1 6 1 1 2 2 4 3 2 1 2 1 1 1 1 1 2 8 23 28 1 1 1 1 2 1 1 1 1 3 99 1 1 1 2 1 1 2 1 28 1 5 2 5 70 1 1 1 1 1 1 11 1 1 1 1 2 1 46 1 1 1 1 1 1 5 1 3 1 1 1 1 1 2 2 29 1 2 3 1 2 4 1 1 3 1 7 1 1 1
1 1 2 2 1 4 2 1 3 1 1 1 1 1 2 11 4 2 1 1 1 1 6 2 2 2 1 2 1 1 1 2 2 1 1 1 1 1 1 1 3 2 1 3 1 2 1 1 2 15 1 1 1 2 1 1 1 1 6 1 4 1 1 1 1 1 1 2 1 1 2 1 1 67 1 1 1 1 1 1 1 1 1 1 1 1 2 1 4 1 1 1 1 1 1 1 2 1 1 4
1 1 1 1 1 1 1 1 1 5 1 2 1 46 2 1 1 1 1 1 1 3 1 1 4 1 1 1 1 1 1 13 1 1 1 1 1 1 1 1 1 1 4 3 2 1 1 1 10 2 1 13 1 1 4 1 1 2 1 2 23 2 1 1 4 1 1 1 4 1 1 2 1 10 1 1 1 7 1 8 12 1 1 1 1 1 1 10 1 1 2 1 2 1 1 1 1 2 1 3
1 2 1 1 1 12 1 1 1 1 4 1 1 5 2 2 1 1 50 2 2 13 1 1 1 1 1 2 1 1 1 1 1 1 1 1 1 1 1 2 1 2 2 2 1 1 2 97 3 1 3 21 1 1 1 1 1 1 1 1 4 1 1 1 1 2 3 2 4 2 3 1 3 3 1 3 4 9 1 4 1 3 1 1 3 2 1 3 2 1 2 2 1 2 8 1 1 1 1 1
7 1 1 1 3 3 10 1 1 1 1 3 1 2 4 1 1 1 1 1 1 1 1 1 3 2 9 1 1 8 1 1 2 3 5 1 1 1 1 1 1 1 1 1 3 2 15 1 2 3 1 1 1 1 1 1 2 10 8 1 1 3 1 8 1 1 4 2 1 1 1 1 2 4 1 2 1 1 1 28 1 1 2 1 2 1 1 1 3 1 2 1 1 1 1 1 6 1 1 1
3 2 1 1 1 4 7 1 1 2 1 1 1 3 2 1 2 2 2 3 1 1 1 1 3 13 1 1 1 2 1 1 1 1 14 2 1 1 1 8 1 1 2 2 1 34 1 1 4 1 1 1 1 1 1 2 1 1 1 1 1 1 1 1 1 2 1 5 1 1 2 1 1 1 2 2 1 1 2 1 1 1 1 1 1 1 1 2 1 2 1 1 1 1 1 4 3 1 1 2
1 5 1 1 8 2 1 1 2 1 1 1 1 1 1 1 4 1 1 1 1 1 1 2 1 1 1 7 1 1 1 1 1 1 1 3 1 2 1 1 1 1 5 1 1 1 1 5 1 2 1 1 4 1 4 1 1 1 1 11 1 6 2 5 1 1 13 1 2 1 93 1 1 1 1 1 31 1 1 1 2 2 1 1 2 2 1 1 1 1 1 3 5 1 3 3 1 1 4 1
2 7 1 1 1 1 1 3 2 1 1 1 1 1 1 1 19 1 1 1 1 1 2 1 29 1 1 2 9 1 1 1 8 1 1 1 3 46 1 1 1 1 2 2 1 1 1 1 4 1 1 1 2 4 1 2 1 1 1 1 1 1 36 9 19 1 2 1 1 1 1 1 25 8 1 1 1 1 1 1 2 1 1 1 3 1 2 3 3 1 1 1 1 4 4 3 1 16 1 1
1 2 1 1 1 4 4 1 1 5 1 1 1 5 1 1 3 38 1 2 1 1 1 2 2 1 1 1 1 9 1 21 1 1 3 1 1 1 12 1 1 1 6 12 1 1 2 1 3 1 1 1 1 5 1 1 24 1 1 1 1 2 16 1 4 1 1 1 1 2 1 1 1 5 1 9 1 1 1 1 3 1 3 1 5 2 7 1 4 3 1 11 1 12 1 5 2 1 1 1
2 3 1 1 1 1 1 1 1 1 1 1 1 1 1 3 1 1 1 1 1 1 1 1 2 2 6 2 1 1 2 1 1 3 1 2 1 1 1 1 3 2 1 1 7 2 4 1 2 1 1 1 2 1 1 1 1 1 1 1 1 3 1 1 1 1 1 1 1 2 9 1 1 1 1 1 1 2 2 1 1 1 2 1 1 5 1 1 1 2 9 1 1 1 1 1 1 2 2 1
1 1 1 1 1 1 14 26 1 1 1 1 2 1 5 1 1 1 1 1 1 25 1 2 2 1 1 1 1 2 1 5 1 1 1 2 1 2 1 1 1 45 4 1 2 1 1 1 1 1 1 1 3 1 1 1 1 3 1 1 1 2 1 1 1 6 1 1 1 1 1 1 1 1 1 2 1 1 1 2 1 10 2 1 3 1 1 1 1 1 3 1 1 2 1 1 1 1 66 1
1 1 23 1 1 2 7 1 1 1 1 1 2 1 2 2 1 1 1 3 6 4 5 2 2 1 4 1 1 1 1 1 1 5 1 3 1 2 1 1 5 1 3 1 1 18 5 1 1 4 1 1 1 2 1 1 2 1 3 1 3 1 3 1 1 2 1 1 1 1 1 10 1 2 1 2 5 4 97 1 1 1 3 2 2 1 1 2 1 1 1 1 1 2 4 1 1 1 1 1
1 1 3 1 42 4 2 1 2 3 1 1 1 1 11 1 1 1 2 7 1 1 1 7 3 3 1 1 8 1 1 1 1 2 1 2 1 1 43 1 1 1 1 1 1 29 1 1 1 3 1 2 1 1 2 1 3 2 2 1 1 1 1 3 1 5 4 1 1 1 1 1 1 1 1 13 1 1 4 1 1 1 1 14 2 1 3 1 2 3 1 1 1 1 1 1 1 1 1 1
4 1 14 1 2 1 2 1 1 2 1 1 1 1 9 1 1 3 2 30 2 1 1 3 1 1 1 12 1 8 1 1 2 1 2 1 1 1 1 1 1 2 1 1 2 1 1 1 1 2 1 1 2 1 1 1 1 1 3 1 4 1 2 2 4 1 4 1 1 1 1 2 1 1 1 1 3 2 2 5 1 1 2 1 1 2 2 1 1 1 1 1 1 2 4 1 1 1 1 8
1 1 1 1 1 1 16 1 2 3 1 3 2 3 5 3 1 2 1 1 1 1 1 5 1 2 1 1 2 4 6 1 1 1 1 1 2 1 1 1 1 3 10 1 1 1 1 1 1 4 1 1 24 1 5 1 9 1 1 2 1 1 2 4 2 3 2 1 1 1 2 2 2 1 3 1 1 1 1 1 1 2 1 1 6 1 1 1 3 1 3 1 1 1 2 3 1 1 1 1
11 1 1 17 1 4 1 2 1 1 1 1 2 2 2 1 1 21 1 2 1 1 1 1 2 1 2 5 1 1 2 1 1 1 1 1 8 4 1 1 1 3 1 3 2 1 2 1 1 2 1 1 1 1 1 4 1 2 2 1 1 4 1 1 3 1 1 1 1 1 1 4 1 2 1 1 1 1 1 1 1 11 2 2 5 3 1 1 6 1 1 1 1 15 1 24 9 1 1 1
1 1 1 3 1 1 1 1 1 1 1 2 5 1 1 3 7 1 1 1 1 2 1 8 3 1 1 1 1 1 1 1 5 1 1 3 3 1 2 1 4 1 1 1 2 1 1 1 6 1 1 3 1 1 1 2 2 5 1 2 1 2 2 1 1 1 3 2 1 1 1 1 1 2 2 1 1 1 2 6 1 1 1 1 1 1 4 1 5 1 2 4 1 2 1 1 1 1 7 2
1 2 1 1 1 4 11 1 1 1 1 1 2 1 2 1 4 1 1 18 1 1 1 1 2 1 1 8 1 1 1 2 1 1 3 1 1 3 2 1 5 3 1 1 1 1 4 1 1 1 2 3 1 1 1 1 9 1 2 1 1 8 1 1 1 1 1 1 1 1 1 1 1 1 9 1 1 9 1 1 1 1 1 1 3 1 1 1 1 10 2 4 1 1 1 1 1 24 1 1
2 1 2 2 1 1 3 2 2 1 3 1 1 1 16 1 1 1 4 4 2 1 1 1 1 1 1 2 1 3 1 1 1 1 8 1 10 20 1 36 4 1 1 4 1 1 1 4 1 1 1 1 3 1 1 2 1 1 1 1 1 1 3 6 1 6 3 1 1 1 8 1 27 1 1 1 1 1 1 14 1 2 1 1 3 2 2 1 1 1 1 1 12 1 1 1 4 1 1 4
1 2 1 1 1 1 5 1 1 1 1 1 2 1 17 1 3 1 9 1 1 1 1 4 1 3 2 1 4 1 3 42 1 2 10 7 1 2 1 2 1 2 1 1 3 1 1 32 1 1 2 2 3 6 1 1 3 12 1 1 1 2 1 1 1 1 1 1 1 1 3 4 1 1 1 2 1 1 1 1 2 1 3 1 1 1 1 1 1 4 5 2 1 2 1 1 1 1 1 2
1 1 1 1 1 1 4 1 1 1 3 5 1 2 1 2 1 2 7 3 1 1 2 1 1 3 2 1 1 1 1 1 2 3 1 1 3 1 1 8 1 1 1 1 1 8 1 1 1 1 1 1 1 7 1 1 4 11 1 1 1 1 5 1 1 11 1 9 1 1 1 2 1 1 5 3 1 1 1 18 1 1 1 2 1 1 1 5 3 1 1 1 1 2 4 2 1 14 1 2
1 1 2 3 20 1 1 2 1 1 1 30 1 2 2 1 34 2 1 1 1 4 6 1 1 1 1 1 1 3 1 8 1 1 2 1 2 1 1 1 2 1 1 29 7 1 2 4 1 1 1 3 1 1 6 2 1 1 1 4 1 1 2 23 3 1 2 1 1 1 1 9 2 1 2 3 4 2 5 1 1 1 1 1 1 1 1 1 1 2 63 1 1 2 1 2 1 1 1 1
1 3 2 7 14 3 6 2 1 5 1 2 1 1 1 1 4 1 1 1 4 1 3 3 1 2 1 3 1 1 1 14 1 1 6 1 1 1 1 1 3 2 1 1 1 1 1 1 1 5 2 1 1 2 3 1 72 6 1 1 1 1 48 1 1 2 1 1 1 1 1 1 1 1 2 1 1 22 1 6 1 1 1 1 1 1 1 1 1 1 2 4 5 1 1 1 1 1 1 1
1 1 6 1 1 1 1 4 1 2 2 2 1 1 2 3 1 1 1 1 1 1 1 1 1 4 2 1 1 8 2 2 1 1 4 8 1 2 2 2 3 2 1 2 3 1 1 2 1 2 1 10 1 1 2 1 1 1 6 1 7 1 1 4 1 1 2 1 3 6 3 1 1 1 3 2 4 2 2 1 1 1 3 1 2 4 1 2 10 1 2 11 1 1 1 3 49 1 1 1
1 2 1 1 7 4 2 1 1 1 40 32 2 1 1 1 4 1 1 1 3 1 1 1 1 2 10 1 3 10 1 1 2 1 2 1 2 1 1 1 7 1 1 1 1 1 1 6 1 1 1 1 1 2 1 3 1 2 1 2 1 1 1 1 1 2 1 10 3 2 4 3 3 5 1 74 2 1 1 3 3 1 1 4 1 1 2 1 1 5 2 1 1 2 1 2 1 1 1 1
2 3 1 1 4 1 1 1 2 2 1 2 1 7 1 1 1 1 2 1 1 1 2 1 5 1 1 1 1 2 1 1 1 1 1 1 2 6 2 1 1 17 1 3 1 1 3 1 1 1 1 8 1 1 2 1 2 10 1 1 1 2 2 1 2 1 1 44 1 1 1 4 2 5 1 1 1 1 6 1 7 1 1 2 1 1 2 1 1 1 1 2 1 1 1 1 1 1 1 1
1 1 1 1 1 1 2 1 10 1 1 1 3 2 1 1 1 1 1 1 2 1 1 1 1 1 1 1 1 1 1 14 1 1 1 1 4 1 2 14 1 1 1 1 1 1 1 2 1 1 4 1 6 7 14 1 1 1 1 1 3 1 1 2 2 1 1 6 1 6 1 1 1 1 2 7 1 1 2 1 1 1 1 1 1 1 1 1 44 2 4 1 1 4 8 1 1 1 1 1
2 1 1 1 2 1 1 1 14 1 1 1 2 1 1 2 1 1 1 64 1 1 1 1 1 1 1 1 1 1 1 1 2 1 7 1 1 1 9 1 1 1 1 1 1 1 1 1 1 1 1 1 3 1 1 2 2 10 7 1 1 1 2 5 2 2 1 4 1 1 1 1 1 1 1 2 1 1 9 1 1 1 1 2 1 1 1 1 2 1 5 2 1 5 3 1 6 3 1 4
1 1 1 1 3 8 1 1 1 6 1 1 2 1 1 1 1 1 1 1 1 1 4 2 1 2 3 1 1 1 2 10 5 2 1 1 1 29 6 1 1 1 6 1 1 1 1 1 2 1 1 2 3 2 1 1 3 1 10 1 7 1 1 1 1 1 25 1 1 1 2 1 2 1 10 4 1 1 1 1 1 1 1 1 1 3 1 1 1 5 1 2 6 1 2 1 1 1 1 1
1 3 2 2 1 1 1 1 1 2 1 26 49 1 2 2 2 2 2 1 1 1 1 9 2 1 3 2 1 2 1 1 1 2 2 16 2 1 3 4 3 1 1 1 1 1 1 1 2 1 1 1 1 1 1 1 1 1 2 13 4 1 1 1 1 1 1 1 1 1 1 1 1 1 1 1 26 2 2 20 1 1 3 1 1 1 3 1 1 2 1 4 1 1 1 1 1 1 3 1
6 4 3 7 2 1 1 1 1 2 1 1 1 1 1 1 1 7 3 1 2 1 2 1 78 2 3 1 1 1 1 1 2 2 4 1 1 1 1 1 2 1 1 2 1 3 1 3 1 1 1 33 6 2 3 1 1 1 1 1 1 1 1 7 1 1 62 1 1 1 16 1 1 1 3 1 1 1 3 1 2 2 1 1 1 1 1 1 1 1 1 6 1 1 1 1 2 3 1 8
3 2 3 1 1 1 3 1 2 2 1 1 1 1 1 1 2 8 1 1 1 9 1 3 1 1 1 7 1 1 2 1 1 2 1 1 1 9 1 1 1 1 1 2 1 1 1 1 1 1 5 46 1 2 2 1 1 1 1 3 1 1 2 2 3 41 7 5 1 1 1 1 1 2 1 1 1 1 5 1 1 2 1 4 3 2 1 2 1 4 2 23 1 2 1 4 1 1 4 1
4 11 2 9 1 1 1 2 1 1 1 2 1 32 2 4 1 1 2 1 1 2 1 1 1 1 1 6 1 1 1 1 1 2 2 1 7 2 1 7 2 1 1 1 1 2 1 3 1 1 2 2 1 3 1 2 1 2 1 2 1 1 2 1 3 1 1 25 1 1 1 1 1 1 5 1 1 1 1 1 1 11 1 1 1 1 1 1 1 5 1 2 1 1 1 6 1 4 1 2
1 1 1 3 1 1 1 3 1 1 1 2 1 1 2 7 1 1 1 1 1 1 1 19 1 1 5 4 1 1 1 2 1 1 1 1 9 1 1 1 1 1 1 1 1 1 3 2 1 1 1 41 3 1 1 1 1 3 1 1 1 1 2 1 1 1 1 5 2 1 1 10 1 1 2 1 1 1 1 1 2 1 1 1 1 21 1 2 1 16 4 2 1 2 1 1 1 1 1 1
1 1 1 1 3 1 1 1 8 1 2 1 1 1 1 1 14 2 1 1 33 1 1 2 1 1 1 1 1 2 1 1 1 3 1 1 1 1 1 1 2 1 1 8 1 2 19 1 2 1 2 3 1 1 1 1 1 1 1 1 2 2 1 2 1 1 1 2 7 2 1 1 2 1 1 1 1 7 1 1 1 1 1 3 4 5 2 1 7 1 12 8 1 1 1 6 1 2 1 1
1 2 1 1 1 1 1 1 1 5 3 1 2 1 1 1 1 1 1 1 1 23 1 1 1 1 6 5 3 2 1 1 3 3 1 2 1 1 2 1 1 1 8 1 1 1 1 1 12 41 2 1 3 1 2 1 1 1 1 1 1 7 11 1 1 1 1 1 1 1 3 2 1 2 2 1 20 1 1 4 2 2 2 2 1 2 3 2 1 1 2 1 1 8 1 1 1 1 1 1
1 1 4 2 1 1 6 1 1 1 1 1 1 7 2 1 1 2 1 1 7 1 1 1 1 1 1 2 1 4 1 1 1 4 3 1 2 1 1 1 1 1 1 1 2 1 1 1 3 5 1 12 1 23 2 1 1 2 4 1 2 6 1 1 2 1 1 1 1 1 1 1 1 13 1 2 1 1 2 1 1 4 1 1 1 1 16 4 6 2 1 1 2 1 1 3 3 2 1 1
28 1 1 1 1 1 1 2 2 1 1 1 14 66 1 3 1 1 3 3 2 14 1 1 2 4 1 1 2 1 1 1 1 1 1 6 1 8 10 1 1 1 1 1 1 2 1 3 1 4 1 1 1 1 1 1 4 3 1 6 1 2 1 1 1 1 16 1 2 1 1 2 1 2 3 1 1 25 1 4 4 1 1 1 1 1 1 2 1 1 5 1 4 1 1 1 1 1 2 1
2 1 1 5 1 1 1 2 1 1 3 1 2 7 2 2 1 1 1 4 1 1 3 1 1 1 1 1 1 1 1 2 3 6 1 2 1 1 1 1 1 2 2 3 1 3 1 1 1 62 1 1 2 1 5 1 1 15 1 1 1 2 2 1 1 1 1 1 1 2 2 2 1 1 3 1 3 14 1 3 1 2 1 1 1 3 1 2 1 1 1 1 1 3 5 82 4 1 2 2
1 2 1 1 2 1 1 1 1 1 2 1 1 3 1 56 3 1 1 2 1 5 1 9 6 1 1 1 1 1 7 1 2 3 1 1 1 6 3 1 1 3 1 1 3 3 1 1 2 47 1 2 1 1 1 1 1 1 1 4 1 1 1 1 1 5 17 7 6 1 2 1 3 5 7 1 2 1 4 2 1 3 1 1 1 2 1 2 2 3 1 2 2 1 4 1 3 1 3 12
4 1 1 1 3 1 1 1 1 1 1 1 2 1 2 1 2 1 6 1 4 2 1 1 1 1 1 5 1 1 1 2 2 1 1 1 1 1 1 1 1 5 2 3 1 1 6 8 1 1 1 1 1 1 1 1 1 2 14 1 5 1 15 1 1 3 1 2 1 1 2 2 1 2 1 2 1 5 13 1 1 1 1 1 1 1 1 9 1 1 1 20 1 19 5 1 1 1 1 1
1 2 1 1 1 1 1 1 2 1 12 1 1 1 1 1 1 2 1 3 1 1 1 1 1 1 1 2 1 1 9 1 1 1 1 7 1 1 1 2 1 1 2 1 1 1 1 3 1 1 1 1 8 1 4 3 1 1 1 1 1 1 1 1 16 4 1 14 2 3 1 1 1 2 2 1 47 2 1 1 1 1 6 1 1 1 1 1 1 1 1 1 1 1 5 21 1 2 1 1
2 2 1 1 2 2 4 1 2 2 1 3 1 2 1 1 1 1 2 3 6 1 2 1 2 1 1 1 1 1 46 2 9 1 2 1 8 1 1 3 2 1 1 2 1 1 2 1 1 1 1 1 2 1 1 1 2 5 1 2 2 2 1 6 1 2 1 7 6 1 1 1 3 2 7 1 2 1 1 1 1 3 1 1 2 2 1 1 1 2 1 1 1 1 1 1 1 2 3 2
1 1 1 1 2 1 8 1 37 1 1 1 1 1 1 1 1 1 1 2 1 1 1 2 1 5 1 1 2 9 1 1 1 1 1 1 2 1 1 1 1 2 1 1 3 1 18 1 3 3 1 2 1 6 1 2 1 1 2 1 1 3 2 1 1 11 1 1 6 2 6 1 8 12 1 2 1 1 1 3 2 1 1 3 3 21 1 2 1 3 1 3 2 2 1 1 1 2 2 7
31 2 1 1 2 7 1 3 1 1 1 1 1 1 3 1 3 1 1 1 1 3 1 2 1 14 1 1 2 2 2 3 1 1 1 1 1 4 1 12 1 2 1 2 1 10 1 2 1 9 2 1 3 1 10 2 2 33 1 1 8 2 1 1 1 1 2 1 2 1 1 1 1 27 1 1 5 1 9 1 1 1 1 3 1 5 1 4 1 3 1 4 3 1 2 1 1 10 1 1
1 1 2 1 1 2 9 1 1 9 1 1 1 1 1 1 1 9 1 1 1 1 1 1 2 1 1 1 2 1 1 1 1 1 1 1 1 1 7 1 3 1 1 4 15 8 1 2 3 1 1 1 1 1 1 1 1 1 3 1 2 2 16 2 1 1 1 1 1 3 2 1 2 1 2 1 3 1 48 1 9 1 1 1 2 1 1 3 4 1 1 1 1 1 1 1 1 2 1 2
1 1 1 1 1 1 1 1 4 5 2 1 1 1 1 3 2 1 2 1 1 27 1 1 1 1 2 1 1 1 1 1 1 1 1 1 1 2 1 4 1 2 1 1 1 4 2 1 1 1 3 1 2 1 1 6 1 3 1 6 1 1 1 1 27 1 3 1 1 11 1 1 1 1 1 2 1 1 1 1 2 1 1 1 1 2 1 1 1 1 1 4 2 1 1 1 1 3 1 2
1 1 1 1 6 1 1 3 1 1 1 2 2 1 6 1 1 2 1 1 1 1 1 1 8 1 38 24 1 1 1 2 1 1 1 1 1 1 2 1 1 1 1 4 1 1 1 1 1 1 2 1 1 1 1 2 1 1 1 2 1 1 1 1 2 1 1 28 3 1 1 1 1 1 3 1 1 1 2 2 16 1 1 1 1 15 2 11 1 1 1 1 1 1 2 1 1 1 2 1
3 1 1 10 2 1 7 1 1 3 1 1 1 1 2 2 1 1 4 1 1 2 2 3 1 1 1 1 4 1 7 1 1 13 1 1 1 1 1 1 1 1 1 2 2 1 2 4 1 3 1 1 4 1 1 1 2 1 1 12 1 1 1 3 7 1 1 2 1 5 2 1 1 1 2 1 1 1 12 1 1 1 1 1 1 4 3 3 22 4 1 3 1 1 1 33 2 1 1 1
2 2 1 1 1 1 1 3 1 1 3 1 4 2 1 1 1 1 2 2 1 1 1 1 1 1 1 1 1 1 2 1 1 1 1 2 1 23 2 1 1 3 1 2 1 5 1 1 38 2 4 1 1 1 1 4 1 1 2 6 2 1 1 4 3 1 1 6 1 1 3 1 1 1 3 1 1 1 2 1 3 1 2 1 1 1 3 1 1 31 1 1 5 1 2 1 14 2 5 1
1 1 1 2 5 1 2 1 3 4 1 1 1 1 1 1 1 10 1 2 8 3 1 1 2 1 1 2 1 1 2 1 14 1 3 1 1 1 3 24 1 2 1 1 1 1 1 8 1 2 1 1 1 2 1 1 1 1 18 5 4 4 3 12 2 1 3 1 1 1 2 1 1 1 1 1 1 5 13 1 1 1 1 5 1 3 46 2 1 2 1 1 5 1 1 1 1 2 1 1
1 1 1 1 1 1 13 3 3 1 9 2 1 1 1 18 4 5 1 2 1 1 1 1 2 1 2 1 2 1 3 1 1 4 1 1 2 1 1 2 1 1 41 1 1 1 1 1 2 1 1 1 1 1 1 2 1 1 3 1 1 1 1 2 1 1 2 1 1 2 1 2 1 2 1 1 1 1 1 1 1 2 1 1 1 4 1 1 1 1 14 14 1 1 1 1 1 2 1 1
1 2 5 1 1 1 4 1 3 1 1 1 1 2 1 1 1 3 1 1 2 1 1 5 1 2 1 1 1 2 1 1 4 8 5 1 1 2 9 2 1 1 1 1 1 1 1 1 1 1 1 1 6 1 1 1 1 1 1 1 1 1 1 4 1 1 1 1 1 1 1 1 1 1 1 2 1 1 1 1 1 1 1 2 1 1 2 1 1 1 1 1 1 1 5 1 1 4 1 3
1 1 1 1 2 1 1 1 1 1 1 1 1 1 1 1 2 1 1 3 2 2 1 1 1 1 3 2 1 4 1 1 1 1 1 93 1 1 4 1 1 1 1 1 1 1 1 1 1 1 1 8 1 2 1 2 2 1 1 1 1 1 1 3 9 1 1 1 1 1 4 1 2 1 7 1 1 1 2 1 1 1 1 1 1 6 1 1 1 8 1 1 1 5 1 1 1 1 1 1
