1 1
1 9
1 17
1 29
1 38
1 66
1 93
1 99
2 13
2 51
2 59
2 71
2 80
3 21
3 42
3 94
4 63
4 85
4 96
5 6
5 35
6 11
6 17
6 24
6 56
6 60
6 67
6 76
6 92
6 98
7 2
7 40
7 64
7 95
8 21
8 46
8 62
8 89
9 15
9 29
9 57
9 65
9 73
10 7
10 36
10 42
10 79
10 94
11 52
11 60
11 69
12 12
12 22
12 90
12 98
13 1
13 66
13 86
14 19
14 45
14 62
14 72
14 82
14 93
15 4
15 9
15 15
15 24
15 34
15 57
15 77
15 100
16 29
16 41
16 49
17 1
17 91
18 11
18 18
18 70
18 83
19 2
19 5
19 23
19 32
19 52
19 60
19 74
20 1
20 3
20 7
20 15
20 27
20 43
20 79
20 88
21 48
21 65
21 72
22 4
22 12
22 39
22 83
23 1
23 29
23 54
23 69
23 74
24 3
24 5
24 33
24 57
24 61
24 77
24 81
24 86
24 97
25 4
25 42
25 45
25 55
26 2
26 21
26 37
26 51
26 59
26 66
26 73
26 79
27 8
27 14
27 47
27 56
27 62
27 76
28 26
28 45
28 54
29 31
29 41
29 61
29 69
29 83
30 1
30 35
30 50
30 55
30 59
30 63
30 79
31 34
31 36
31 43
31 57
31 73
31 91
32 4
32 10
32 18
32 24
32 33
32 35
32 53
32 65
32 80
33 27
33 56
33 77
33 82
34 22
34 34
34 39
34 47
34 62
34 68
35 1
35 13
35 25
35 45
35 72
35 75
35 84
36 8
36 20
36 49
36 79
36 97
37 23
37 29
37 53
37 74
38 3
38 47
38 58
38 64
38 70
38 87
39 17
39 25
39 39
39 44
39 50
39 80
40 33
40 68
40 84
40 89
41 5
41 11
41 23
41 61
41 73
42 54
42 66
42 77
42 87
43 21
43 38
43 48
43 59
43 69
43 81
43 85
44 17
44 25
44 30
44 42
44 92
44 100
45 13
45 52
45 62
45 74
45 79
45 83
46 1
46 9
46 32
46 45
47 15
47 20
47 27
47 36
47 58
47 67
47 76
48 5
48 12
48 55
48 70
48 86
48 95
49 14
49 17
49 24
49 74
49 80
50 30
50 64
50 77
51 15
51 21
51 41
51 57
51 82
52 36
52 49
52 88
53 8
53 18
53 60
53 67
53 72
53 80
53 100
54 2
54 23
54 28
54 44
54 83
55 15
55 39
55 91
56 12
56 20
56 53
56 64
56 78
56 87
57 17
57 34
57 69
57 94
58 14
58 58
58 73
58 82
59 9
59 26
59 49
59 77
60 3
60 16
60 20
60 30
60 42
60 86
60 91
61 63
61 70
61 75
61 96
62 12
62 22
62 80
62 85
62 88
62 100
63 28
63 32
63 56
63 73
64 8
64 15
64 19
64 37
64 51
64 68
64 94
64 98
65 23
65 89
66 1
66 26
66 34
66 44
66 61
66 79
66 83
66 96
67 40
67 48
67 75
67 92
67 100
68 13
68 18
68 29
68 37
68 56
68 81
68 87
69 4
69 64
69 72
69 98
70 39
70 44
70 51
70 76
71 14
71 20
71 26
71 47
71 60
71 85
71 95
72 1
72 17
72 33
72 53
72 67
72 74
72 90
73 8
73 56
74 38
74 46
74 63
74 81
74 87
74 100
75 13
75 23
75 29
75 54
75 75
75 93
76 5
76 18
76 50
77 11
77 41
77 59
77 89
78 33
78 37
78 69
78 79
78 92
79 9
79 15
79 45
79 52
80 3
80 25
80 75
80 97
81 7
81 22
81 32
81 40
81 62
81 84
82 18
83 12
83 24
83 44
84 28
84 36
84 55
84 74
85 3
85 21
85 48
85 65
85 91
85 98
86 19
86 25
86 31
86 39
86 58
86 79
87 52
87 70
87 85
88 8
88 14
88 17
88 21
88 27
88 63
88 67
88 96
88 100
89 1
89 19
89 33
89 56
89 61
90 49
90 98
91 42
91 60
91 63
91 69
91 75
92 14
92 54
92 80
92 93
93 10
93 24
93 36
93 57
93 67
93 88
93 100
94 3
94 64
94 78
95 29
95 71
95 83
95 98
96 7
96 47
96 66
96 89
96 95
97 18
97 58
97 63
97 92
98 41
98 76
98 86
98 99
99 1
99 26
99 62
99 69
99 90
99 94
100 9
100 32
100 52
100 64
100 81
