7
100 100 500
4 1 2 1 1 2 1 1 4 1 2 1 2 2 1 1 1 1 1 3 1 1 1 2 1 5 1 1 19 1 1 1 2 1 6 3 1 3 2 4 1 1 1 1 1 2 1 1 1 1 1 4 2 1 1 1 1 1 1 2 2 1 1 1 1 9 1 2 1 2 3 1 1 1 8 2 6 17 1 2 2 1 4 1 1 1 3 1 1 1 1 3 11 1 4 3 1 1 5 1
1 1 4 1 1 1 1 1 1 1 2 1 4 2 1 1 1 1 1 1 2 2 1 1 1 1 1 1 1 1 1 2 2 2 1 1 1 1 3 1 1 1 1 1 2 1 1 1 1 1 15 2 1 1 1 1 1 1 10 1 2 1 4 1 1 3 2 1 5 1 5 1 1 1 2 4 2 1 1 43 2 1 1 1 6 1 1 8 2 1 1 2 6 1 1 7 1 1 4 1
1 2 12 1 11 1 1 1 2 2 1 2 1 1 1 1 1 1 3 1 8 1 1 4 2 3 1 1 1 3 5 4 3 1 1 1 2 5 1 1 1 10 1 1 1 1 1 5 1 1 2 1 2 2 6 1 1 5 1 1 1 1 1 1 1 1 2 1 1 1 3 1 1 1 1 1 1 1 1 1 11 1 1 7 2 1 2 1 1 1 1 1 1 17 2 3 6 1 1 1
1 1 5 1 1 1 14 1 1 1 2 1 2 5 1 1 1 1 1 1 1 1 1 1 4 3 1 1 1 1 1 1 2 1 1 1 1 1 1 2 11 24 1 4 1 1 1 1 1 6 1 1 1 1 2 2 1 1 1 1 1 2 41 6 1 1 4 2 1 2 1 2 1 1 1 1 1 2 5 1 1 1 1 1 35 1 1 1 3 3 1 1 1 1 1 11 1 1 1 1
1 2 1 1 1 16 2 1 1 1 1 1 1 1 1 2 8 4 4 1 14 19 1 1 1 1 1 1 7 1 1 1 1 2 2 1 1 1 1 1 1 2 1 1 1 7 4 1 1 1 1 1 3 1 1 1 1 1 1 1 1 1 1 1 1 3 4 1 1 1 3 1 1 3 1 1 1 1 3 1 4 1 1 5 4 3 1 1 1 1 1 1 2 1 1 2 1 1 2 4
1 1 1 1 7 3 1 1 1 1 6 1 1 1 1 1 17 1 2 1 1 2 2 1 1 1 2 1 6 1 1 1 1 1 4 1 2 1 1 1 1 1 1 1 5 1 1 1 4 1 1 1 1 1 1 24 1 1 1 5 1 1 1 1 3 2 2 1 1 1 3 1 1 1 2 7 1 1 2 1 9 1 2 1 1 2 1 1 4 1 1 3 1 1 3 2 3 15 1 1
1 32 1 1 1 6 1 4 1 1 1 1 2 1 1 2 1 1 1 6 12 1 1 1 1 2 1 1 1 1 1 1 1 2 2 1 1 1 2 23 1 1 1 1 2 1 2 1 1 1 1 1 1 1 1 2 2 1 1 2 1 4 4 26 3 1 1 1 8 1 1 3 2 4 1 1 1 1 7 3 2 2 1 1 1 3 7 5 1 1 2 3 1 2 17 1 2 2 1 1
1 1 4 1 2 1 1 1 1 1 1 2 1 1 1 2 2 1 2 3 40 2 1 1 1 1 1 1 38 1 1 9 1 1 1 3 1 1 1 1 1 1 1 1 3 13 1 1 3 5 1 1 1 1 1 4 3 2 9 1 1 26 1 1 1 2 2 1 2 3 1 1 1 1 1 1 4 1 1 1 2 1 1 1 17 1 1 1 1 1 1 1 1 1 1 1 2 1 1 1
1 1 1 2 1 1 1 1 39 4 1 1 1 1 20 1 1 1 1 1 1 1 1 1 1 1 1 1 68 2 1 6 1 1 1 1 1 1 6 1 1 1 1 1 1 1 1 1 1 1 1 1 1 2 1 1 40 1 2 3 2 1 6 2 2 4 1 1 1 1 1 1 29 1 1 2 1 12 4 48 1 1 2 1 1 11 1 1 2 1 1 1 1 1 1 1 1 1 2 1
1 2 2 1 1 1 43 1 1 2 1 1 1 4 3 1 4 1 1 1 1 1 3 1 1 1 1 1 1 1 1 1 1 2 1 45 53 2 13 1 1 36 1 1 7 1 1 1 1 3 1 7 1 1 3 3 9 1 2 1 1 9 1 1 1 2 1 4 2 3 2 2 2 1 1 2 3 2 67 1 1 1 1 3 2 1 1 18 1 3 1 3 1 34 1 1 1 1 1 1
1 1 1 1 2 1 1 1 2 1 2 1 1 1 1 2 1 1 1 3 1 1 2 1 1 1 1 2 3 7 4 1 1 1 6 1 1 1 1 2 2 1 1 5 1 1 2 1 6 2 1 27 1 1 1 1 1 1 1 1 4 1 1 1 1 1 1 1 19 2 2 1 1 1 2 1 1 1 2 1 1 1 1 1 1 1 1 1 1 1 4 2 4 7 1 1 1 1 1 1
1 1 1 2 2 7 1 5 4 2 1 1 1 13 2 3 2 1 2 3 1 5 2 1 2 3 1 1 1 1 2 1 1 1 2 1 2 1 3 1 1 4 1 4 1 1 1 1 1 1 2 1 16 1 2 1 2 1 1 1 1 1 1 3 1 2 1 1 1 1 1 1 1 1 2 2 1 4 2 1 1 1 3 1 2 1 1 1 2 67 1 1 1 1 1 1 1 30 1 3
1 1 1 1 1 1 1 1 1 1 1 1 1 1 1 1 1 4 1 1 1 1 2 1 13 1 3 1 1 1 1 2 4 1 11 1 1 1 1 1 1 2 1 1 1 1 1 1 1 22 3 3 3 2 1 1 1 1 1 2 4 1 1 1 1 18 2 1 1 1 2 1 1 1 1 1 1 1 4 1 4 1 2 2 2 15 1 1 1 2 1 1 1 1 1 2 2 1 1 1
7 1 1 1 1 1 1 1 4 1 1 3 2 1 7 1 1 2 27 2 2 1 1 7 2 4 2 1 1 2 1 1 1 1 2 4 1 6 4 1 1 1 1 1 5 1 1 1 1 3 11 1 10 1 1 2 1 1 1 4 1 26 1 1 3 1 1 2 1 1 2 6 1 1 5 1 2 1 2 1 1 1 1 1 3 3 1 1 1 1 1 1 3 2 2 1 1 2 1 10
3 1 1 45 1 1 2 1 12 1 1 1 1 1 37 1 1 1 1 2 1 1 4 32 1 1 1 1 11 1 1 2 1 59 2 1 1 4 1 1 1 1 1 1 2 1 3 1 1 1 2 1 1 1 1 1 40 1 1 1 1 3 2 1 1 3 1 1 1 6 1 3 1 1 1 1 8 4 1 1 2 1 1 1 1 1 1 1 1 4 2 1 1 1 2 1 1 1 1 16
1 1 1 1 1 1 2 1 1 1 1 1 1 1 1 1 1 1 1 1 1 3 1 11 1 1 5 1 45 1 2 1 4 1 5 6 1 1 1 1 15 1 2 1 1 1 1 1 1 10 1 2 1 1 1 1 2 1 1 1 3 1 1 1 1 1 1 2 2 1 1 1 2 1 5 1 1 1 2 1 1 1 1 1 1 2 1 2 1 1 2 3 2 1 1 1 1 4 2 2
20 1 4 1 1 1 2 1 1 3 4 1 5 2 2 1 1 1 1 1 1 7 1 1 1 1 1 4 2 1 1 1 1 20 1 2 3 1 1 1 2 1 2 1 2 1 1 1 1 3 1 1 1 3 2 1 1 1 1 1 9 1 6 1 1 1 2 1 1 2 1 1 1 1 1 1 1 1 2 2 1 1 1 1 3 2 1 4 3 1 4 1 3 2 1 1 1 5 8 1
1 1 1 2 1 1 1 3 1 1 14 2 18 3 6 2 1 2 1 2 1 1 3 1 2 3 2 3 1 6 2 1 1 1 1 1 1 1 3 1 2 1 1 1 1 1 1 1 2 1 1 1 2 1 1 1 12 1 29 1 1 1 2 2 2 1 1 1 1 3 1 1 1 1 2 1 1 1 1 2 1 1 6 1 2 3 1 1 1 1 1 1 4 1 1 1 5 1 5 1
1 12 1 2 6 1 1 1 2 1 3 1 1 1 1 1 1 1 4 2 1 2 19 2 1 6 1 4 2 1 1 1 1 1 1 1 1 1 1 2 1 1 3 1 1 1 1 1 1 2 1 59 5 1 1 3 1 2 1 70 1 1 3 1 1 1 1 1 1 1 1 1 5 8 1 2 1 1 2 1 1 1 11 1 3 1 1 1 1 1 2 1 1 1 1 8 1 2 1 1
15 2 4 5 1 1 7 1 1 2 1 6 1 4 13 1 1 1 4 1 1 1 1 1 1 1 6 1 1 1 1 1 1 1 1 1 1 1 1 1 4 1 1 1 1 2 2 1 14 1 1 6 1 3 1 1 1 1 1 1 1 4 1 1 2 2 1 1 1 2 1 1 1 2 2 9 1 1 67 1 5 1 2 1 3 1 9 64 1 3 1 1 1 1 1 2 1 1 1 2
5 1 1 2 1 1 2 1 1 1 4 1 2 1 1 1 1 1 1 1 2 7 1 1 1 1 1 1 1 1 1 1 1 1 1 2 1 1 1 1 1 1 1 1 8 1 1 66 1 1 1 3 2 2 1 1 1 1 5 5 1 1 1 1 15 1 1 1 1 1 1 9 1 1 1 1 7 1 1 1 1 1 1 1 1 17 1 1 5 1 1 1 1 4 1 1 1 1 1 1
1 1 1 26 1 2 1 1 1 1 2 17 1 1 1 3 2 2 1 1 1 1 1 1 2 2 1 2 1 1 1 1 6 8 1 1 1 1 18 1 2 1 1 1 2 1 1 3 1 3 1 4 1 4 1 1 1 1 1 1 2 5 5 1 1 1 8 1 3 1 4 7 4 6 1 1 2 1 2 26 1 1 5 1 1 14 1 1 1 3 1 1 1 5 1 1 2 1 1 3
2 1 1 1 1 2 1 1 1 3 1 3 3 1 3 2 1 1 4 1 2 1 1 2 2 10 1 1 68 1 2 1 1 11 1 2 2 1 4 3 2 1 1 1 1 4 3 1 1 1 1 1 1 1 1 1 1 1 9 1 1 9 1 2 1 1 1 1 4 1 3 9 1 1 1 1 1 1 1 1 3 6 7 1 1 4 1 1 2 6 1 1 2 2 1 1 1 1 1 1
1 1 19 1 12 4 3 1 2 3 2 1 1 1 3 3 9 1 2 1 1 2 9 1 1 1 1 1 1 2 2 1 50 1 1 1 1 1 1 2 1 1 1 4 1 1 1 1 1 1 1 1 2 2 2 1 40 1 1 13 27 1 1 1 1 3 1 1 1 1 1 1 3 1 1 3 2 2 2 1 17 4 1 1 1 17 1 1 6 1 1 1 1 3 1 1 15 2 1 1
1 1 1 4 1 3 2 1 2 1 1 4 1 1 1 6 1 2 1 1 1 1 1 1 4 2 1 1 2 1 1 1 1 1 1 2 1 1 9 1 1 5 1 3 10 1 1 1 1 1 1 1 1 1 71 1 7 4 2 2 1 2 2 1 3 2 1 1 1 1 1 1 1 1 1 1 1 1 6 2 1 2 1 1 1 1 2 2 1 1 1 1 1 1 1 1 1 1 4 1
1 3 1 2 2 1 1 1 1 1 1 2 1 1 3 1 1 3 3 1 54 1 3 1 2 1 8 1 3 3 1 2 1 1 1 1 98 1 1 1 1 3 2 1 1 1 3 1 2 1 2 1 1 1 1 1 1 1 1 1 1 1 1 1 1 2 1 1 1 1 1 1 11 1 1 1 1 2 21 1 1 1 2 1 1 1 1 7 1 1 1 1 1 3 1 1 4 3 1 7
1 1 3 1 1 1 1 32 1 1 1 1 1 81 1 1 2 1 1 1 1 1 1 5 4 27 1 6 2 6 1 4 1 1 1 1 1 1 1 2 1 1 1 2 2 1 12 1 1 1 2 1 1 1 1 18 1 1 1 1 5 18 1 1 2 2 1 1 1 1 1 1 1 9 1 6 1 1 1 1 1 1 6 1 1 1 1 1 1 1 1 1 2 1 1 1 4 1 1 1
2 1 2 1 1 2 4 1 1 1 23 1 1 1 11 3 1 19 1 1 1 1 1 4 26 79 3 2 1 1 1 1 1 1 1 1 1 3 2 1 1 1 1 1 53 1 1 1 1 1 3 3 1 2 1 2 3 1 1 1 4 1 2 2 1 2 1 2 1 2 1 2 1 2 1 1 1 7 1 1 5 5 1 3 1 6 8 5 1 1 5 1 3 1 1 1 8 1 2 1
2 1 1 1 1 1 1 1 1 1 1 1 1 2 1 2 1 1 2 2 1 2 1 1 1 1 1 1 1 1 2 1 1 1 1 1 2 1 1 1 17 1 1 4 1 1 1 3 8 1 1 2 1 2 4 3 1 3 1 1 15 1 5 1 1 1 1 1 6 1 1 1 1 2 2 1 1 3 1 1 2 2 11 1 1 2 1 4 4 2 19 2 13 6 1 2 1 1 4 2
18 1 1 1 1 1 1 1 2 1 1 1 1 8 1 6 1 1 1 1 1 1 1 11 1 4 1 1 1 3 3 1 2 1 11 1 2 6 1 1 2 2 3 1 2 2 1 2 1 8 1 2 1 3 7 2 1 3 68 5 1 1 8 1 1 1 1 1 1 1 2 6 5 1 1 1 1 1 10 3 1 4 1 1 1 1 2 1 3 1 2 2 2 1 1 2 1 1 7 1
2 1 1 2 1 1 1 7 8 1 1 2 3 6 1 1 1 1 1 3 1 1 3 1 1 1 1 4 1 1 1 1 2 37 1 28 8 4 1 1 2 1 8 1 1 3 1 1 3 1 3 1 1 1 2 1 36 5 1 1 1 1 10 5 1 1 1 1 4 3 2 1 4 2 1 4 1 2 1 1 1 3 1 1 1 1 1 2 1 1 30 4 1 1 1 1 1 1 2 1
1 6 1 10 1 1 1 1 1 2 2 1 1 1 2 1 1 35 2 1 1 1 1 3 1 1 1 1 1 1 1 2 4 1 12 1 2 1 1 1 4 1 2 1 1 1 1 1 1 1 3 2 2 3 1 1 13 1 1 2 1 4 1 1 3 1 1 2 1 1 4 2 2 1 1 1 1 3 4 9 1 2 1 1 1 1 1 1 2 1 1 1 1 1 1 4 1 1 1 1
3 2 1 21 1 2 1 2 1 1 1 1 1 1 2 3 1 1 1 1 1 1 2 1 1 1 3 2 2 1 1 1 8 1 1 4 1 1 3 2 1 1 6 1 2 1 3 3 1 2 1 1 1 1 1 18 5 1 1 1 2 1 1 4 1 1 1 1 2 6 2 1 1 1 1 1 4 1 1 1 2 8 1 1 3 1 1 3 1 1 1 1 1 1 1 1 1 1 1 1
2 1 7 1 1 1 2 1 2 3 1 1 1 1 5 1 1 1 3 6 1 2 3 1 1 1 1 1 1 1 1 10 1 66 1 7 2 1 61 1 1 2 4 3 1 3 10 5 1 1 1 1 1 1 2 1 1 1 1 4 1 16 1 1 1 1 1 6 1 4 1 4 1 1 1 1 3 1 2 3 5 1 1 1 2 1 1 1 3 1 1 1 5 1 1 4 1 1 1 2
3 1 12 1 2 1 1 1 1 4 1 1 9 1 1 1 1 1 1 1 3 2 13 1 17 1 1 1 1 2 7 9 2 1 1 1 2 4 3 8 1 2 1 1 6 3 1 1 3 1 2 1 1 1 1 2 1 1 1 1 1 3 4 1 3 1 1 1 1 1 1 2 1 1 6 2 1 2 1 1 4 1 1 2 1 1 3 1 3 1 9 1 1 2 3 7 1 3 8 5
1 1 1 5 1 1 1 17 1 1 4 1 13 1 2 1 1 1 7 36 1 1 1 1 1 1 1 1 1 1 1 2 4 1 1 1 2 1 1 1 1 1 1 1 1 1 1 1 8 1 1 1 1 2 1 1 10 1 3 1 1 3 1 1 6 1 1 2 3 1 1 1 1 1 1 1 1 1 9 1 1 1 1 1 1 1 1 1 1 2 1 4 1 1 1 1 34 1 1 3
1 3 1 1 1 1 1 2 1 3 1 10 1 1 2 1 1 1 1 1 1 1 32 1 1 1 1 5 15 1 1 1 1 2 1 1 2 15 1 1 4 1 1 1 2 3 4 1 4 1 2 1 2 1 1 1 1 18 1 3 1 2 2 1 11 3 1 1 1 1 2 1 1 4 1 1 1 1 2 6 1 1 2 2 1 4 1 1 1 2 2 2 1 1 1 1 1 2 4 2
1 1 21 5 1 1 1 1 1 2 1 1 1 1 1 1 1 1 1 1 1 1 2 1 1 3 1 5 2 1 3 1 1 4 5 1 5 13 1 1 2 1 1 1 2 1 4 1 2 1 1 1 5 1 1 1 1 47 3 1 7 1 2 29 1 10 2 2 1 6 1 1 3 1 2 1 1 1 2 1 1 1 1 2 1 3 15 1 1 1 1 1 1 2 1 1 1 1 1 1
2 1 1 1 1 1 1 1 1 1 8 1 1 1 1 1 2 1 1 2 1 5 1 1 8 2 2 1 2 1 1 1 2 1 1 6 1 1 24 1 1 1 1 4 1 4 1 1 1 3 1 3 4 1 1 1 2 13 1 4 1 4 5 1 1 1 1 1 1 1 1 1 1 1 2 1 3 1 1 11 1 1 1 1 1 1 1 1 1 3 1 3 3 1 1 2 1 1 1 2
1 1 1 1 3 1 1 1 1 1 3 1 2 1 1 1 1 1 1 1 4 1 4 1 1 2 1 1 1 7 1 1 30 1 1 1 1 1 1 2 1 1 1 2 1 1 1 1 1 1 1 1 1 7 2 1 1 2 1 1 2 4 1 3 9 1 1 23 1 1 1 2 2 2 1 1 2 1 1 1 1 1 1 6 1 2 1 1 13 1 1 1 1 5 1 1 1 4 1 3
1 4 2 1 14 1 1 1 1 2 19 1 1 1 1 1 2 2 1 1 1 1 7 2 3 1 1 2 1 1 1 1 1 2 1 1 5 4 1 2 1 1 2 2 3 1 3 4 4 1 1 1 1 1 1 1 1 1 1 2 3 1 1 2 1 1 1 1 1 5 1 2 8 3 3 1 1 1 2 6 1 1 2 1 1 1 1 1 1 1 1 1 1 1 1 1 1 1 1 1
1 1 2 10 1 1 1 8 1 1 1 1 2 1 1 1 1 3 1 6 2 1 2 1 1 1 1 1 1 1 1 1 1 1 5 3 1 1 1 1 1 1 1 3 1 2 2 1 1 2 1 2 1 35 2 1 1 28 1 1 1 2 1 1 1 12 1 2 4 1 1 1 1 1 4 1 11 1 5 1 2 1 1 1 1 1 6 1 1 1 3 1 2 3 1 1 7 1 1 2
1 1 1 1 1 1 1 1 4 1 1 1 2 1 2 1 1 1 1 2 18 7 1 1 1 2 1 1 1 3 4 9 3 3 1 1 2 6 1 1 1 1 1 2 1 1 2 5 1 1 1 1 1 1 1 1 2 1 5 2 1 1 1 1 1 1 1 1 14 3 1 1 1 1 1 1 8 14 1 4 7 1 1 1 7 1 1 6 1 1 1 2 1 1 1 1 1 2 1 2
1 3 2 2 1 1 1 1 1 1 1 1 2 3 3 1 5 6 1 1 7 1 1 1 60 1 1 1 1 4 4 1 1 1 2 1 1 1 1 1 1 10 1 1 2 1 1 1 5 1 3 1 2 36 2 1 1 1 1 1 1 1 1 3 1 1 2 1 1 11 1 1 1 14 5 6 5 2 1 2 1 4 1 1 4 1 1 1 1 5 1 25 1 3 1 9 1 1 1 22
2 2 1 1 1 1 1 1 1 3 2 1 8 1 1 2 3 3 2 10 1 2 1 1 1 1 1 1 1 1 1 2 1 1 1 1 1 1 1 1 1 3 1 1 6 1 1 1 5 6 1 43 15 1 2 1 1 1 1 1 1 6 1 1 1 2 2 1 1 1 5 5 1 39 1 1 1 6 8 2 2 1 21 15 4 1 1 1 5 1 1 1 1 1 2 1 1 1 1 1
8 3 1 1 1 1 1 3 16 2 7 3 1 1 1 1 1 1 1 1 1 1 1 7 6 1 1 5 1 2 1 3 1 2 1 5 1 1 1 1 2 1 1 1 7 6 1 1 1 15 2 1 2 1 1 1 29 1 1 1 5 1 1 1 1 1 1 1 2 6 1 2 1 1 3 3 1 1 1 1 1 1 1 1 2 1 1 1 1 1 2 7 1 2 1 1 1 1 1 1
1 2 1 1 1 1 1 1 3 1 3 1 17 2 14 1 3 1 1 28 1 2 3 1 1 1 29 1 1 1 1 1 1 1 1 5 1 1 3 2 1 1 2 2 1 1 2 1 1 1 1 2 1 4 2 4 2 50 1 1 15 2 1 1 1 1 21 1 1 4 1 1 1 3 1 10 1 1 5 1 1 1 1 1 7 1 8 3 1 1 1 11 1 1 1 2 1 1 4 5
1 1 1 1 4 1 1 1 1 2 1 33 2 1 1 1 1 1 1 1 5 2 8 1 2 1 1 1 3 1 1 1 2 1 1 1 1 1 3 1 1 1 1 1 1 2 1 1 1 10 1 1 1 1 38 1 1 3 1 1 1 1 1 1 1 1 1 1 2 24 1 1 2 1 2 2 1 1 1 1 1 1 1 4 2 32 1 1 1 4 2 1 1 1 54 1 6 6 1 2
1 1 2 2 1 1 1 1 1 1 7 9 1 20 1 1 3 1 1 19 1 3 1 1 2 1 1 2 1 1 1 1 1 1 1 1 1 1 1 1 1 1 1 1 1 1 1 5 1 1 2 1 10 1 1 6 1 1 1 1 4 1 1 1 1 2 17 1 1 1 1 1 1 13 2 2 4 2 2 1 1 3 1 7 1 1 1 1 1 1 1 1 1 1 1 1 2 1 1 30
1 1 1 1 1 1 1 3 1 1 1 5 1 6 1 2 1 2 1 1 1 1 2 1 1 1 3 1 1 27 6 4 1 5 1 1 1 1 1 1 2 1 1 1 1 1 2 2 1 1 1 1 2 2 1 2 1 1 1 1 1 1 6 32 1 3 2 2 1 1 1 1 1 1 5 1 98 1 1 1 1 1 1 1 2 2 5 1 3 1 1 2 1 1 1 2 2 1 1 1
1 1 1 1 26 1 1 1 1 1 2 1 1 1 4 1 1 1 1 1 17 1 1 1 1 2 1 1 1 4 2 1 1 1 1 1 2 3 2 2 5 1 1 2 1 6 2 1 1 2 1 2 1 1 2 1 4 1 3 1 1 2 1 2 1 2 1 1 3 1 1 1 14 6 4 1 1 7 8 1 3 3 1 1 1 1 1 1 3 1 2 1 1 3 3 1 1 1 1 1
1 1 1 1 4 1 2 1 1 1 1 1 1 2 1 1 3 1 1 1 1 1 8 2 1 1 1 1 1 1 1 1 1 1 1 1 5 1 2 2 1 2 5 5 1 1 1 1 32 1 1 3 5 5 4 1 1 3 3 1 1 1 1 1 1 1 2 1 1 1 1 3 1 1 1 1 1 3 1 1 1 2 4 1 1 1 1 19 6 1 1 2 2 2 1 1 1 2 1 1
2 5 1 4 1 1 1 88 3 1 1 1 1 1 1 2 1 6 6 3 3 1 9 1 1 1 1 1 1 1 1 1 1 11 1 1 1 1 2 2 1 5 4 1 2 1 1 2 1 1 5 1 2 1 1 3 1 1 1 4 1 1 1 1 1 1 12 1 2 1 1 13 1 1 2 1 1 2 1 8 1 1 3 1 1 1 1 1 1 1 4 1 10 21 1 2 10 1 1 34
1 17 1 1 1 4 1 1 2 4 4 1 2 1 1 1 3 1 1 2 1 2 4 1 1 2 1 5 14 1 1 1 3 1 11 1 3 1 1 3 1 30 5 62 4 1 1 5 2 1 1 5 2 1 1 1 1 2 1 1 1 7 2 1 9 1 1 1 1 9 3 1 3 1 1 1 1 1 1 2 2 1 15 1 1 1 4 1 1 7 1 1 1 2 3 4 1 8 3 1
2 1 1 1 2 1 1 3 3 1 1 7 1 1 16 1 4 1 2 2 1 1 1 3 1 1 1 1 1 1 1 2 1 1 1 3 1 1 12 1 46 27 1 1 3 2 1 2 2 1 3 3 1 1 2 1 1 3 1 1 11 2 3 1 1 1 1 1 1 1 1 1 1 1 1 1 1 1 1 2 1 1 1 3 5 1 1 4 3 1 9 5 1 7 1 1 1 1 1 1
1 1 2 1 1 1 1 1 1 1 3 17 3 1 1 2 1 1 2 5 2 2 3 1 2 1 2 2 2 48 1 1 2 34 1 1 1 1 4 3 1 1 1 1 1 3 1 1 1 1 1 1 1 1 9 1 1 1 1 3 1 6 3 64 1 2 1 1 1 1 1 3 5 1 1 1 1 14 1 1 1 1 2 1 1 1 35 2 1 1 3 1 1 1 1 1 1 6 1 1
1 1 5 3 1 1 8 30 1 1 2 1 1 10 1 1 2 1 5 1 1 1 1 1 1 2 3 2 1 2 2 1 2 93 2 1 1 1 2 1 1 1 1 18 1 1 1 8 1 2 1 1 2 6 1 1 5 1 1 1 1 1 1 1 1 1 2 3 4 1 1 1 1 1 1 1 1 1 1 1 1 1 10 1 2 2 1 1 1 1 2 1 4 3 1 1 1 1 1 1
6 1 1 1 2 3 1 1 3 1 1 1 1 11 1 1 1 1 1 1 1 1 3 2 1 1 7 1 1 1 5 1 1 1 1 1 1 2 4 2 2 1 1 1 2 6 2 1 1 4 4 1 1 1 1 7 1 24 1 1 1 1 1 3 11 2 1 1 3 1 2 1 12 1 1 4 1 1 1 1 1 12 1 2 1 5 1 1 4 1 5 1 2 1 1 1 1 2 1 1
2 1 1 1 1 1 1 1 13 1 1 2 2 1 1 1 1 1 1 1 1 2 1 1 1 7 1 1 1 1 3 1 1 3 1 1 3 1 2 1 1 1 3 3 1 1 1 1 33 1 1 1 1 1 1 1 1 1 2 1 1 1 1 1 1 1 1 1 3 1 1 1 1 1 1 1 50 1 3 1 1 15 1 1 1 1 1 2 1 1 1 1 1 1 4 1 1 1 1 1
1 2 2 1 1 1 1 1 6 1 1 1 1 2 1 2 3 5 6 5 1 1 1 1 1 1 1 1 1 49 1 1 3 1 1 1 5 1 2 1 1 63 1 1 1 1 1 1 1 3 1 2 1 1 1 4 1 1 1 1 1 1 3 1 1 1 1 1 2 1 1 1 1 6 2 1 2 1 1 1 1 1 1 2 2 5 2 1 1 1 14 3 3 1 1 1 1 1 2 1
1 1 1 1 1 3 1 1 1 3 1 3 1 1 1 1 1 3 1 1 1 1 1 1 1 1 2 1 1 2 1 1 1 1 3 3 1 2 1 2 6 1 1 1 1 15 2 1 1 1 5 1 1 1 2 1 1 1 1 1 1 2 11 1 1 1 2 1 2 4 1 1 1 20 70 3 1 1 4 1 1 1 1 1 1 1 1 1 13 1 1 1 1 1 1 2 1 1 2 1
10 1 1 1 1 2 1 1 1 1 1 5 1 2 21 20 1 4 8 1 1 9 5 1 1 1 1 1 1 1 1 1 1 1 1 1 1 1 1 1 1 1 2 1 7 1 1 3 2 1 2 1 1 2 3 1 1 1 1 1 27 3 1 1 9 3 1 4 1 2 5 2 1 2 1 1 1 1 1 12 7 1 5 1 7 1 2 8 1 1 2 1 1 1 1 1 2 2 1 2
1 3 1 2 1 1 1 1 3 1 1 1 1 4 1 1 1 1 10 1 1 1 1 1 1 1 1 29 1 3 1 30 1 2 1 5 1 2 12 1 1 2 1 1 1 1 1 2 2 3 4 1 1 1 1 4 4 1 1 1 5 1 1 3 2 1 1 1 2 1 6 1 5 2 1 2 1 2 1 1 2 1 1 1 1 1 1 1 1 1 1 1 1 1 1 1 2 1 1 1
1 1 1 1 1 2 1 15 1 1 1 1 8 1 45 8 1 1 16 1 3 1 1 1 1 1 1 3 1 1 1 3 1 4 1 1 34 21 1 2 1 1 1 1 1 4 1 1 2 1 11 1 1 1 3 5 1 1 1 1 1 3 1 1 1 10 1 9 6 1 1 1 1 2 1 1 1 3 1 5 1 17 1 1 1 1 1 1 1 2 1 1 12 9 1 3 1 3 1 3
1 1 2 1 1 6 1 1 2 1 2 1 2 1 3 2 1 3 5 1 1 2 9 2 2 1 1 1 1 1 1 1 1 1 1 1 1 1 1 1 1 1 3 1 2 1 1 1 2 1 9 1 2 1 1 1 1 2 1 1 1 1 1 1 4 2 1 1 1 1 1 1 3 2 1 1 1 2 4 1 1 1 1 3 1 1 1 11 7 1 8 1 25 1 1 2 1 1 3 1
27 1 6 1 1 2 1 1 1 1 2 2 1 1 2 1 1 1 2 1 2 1 1 3 1 12 1 1 1 2 1 1 1 5 1 2 1 1 6 2 1 1 1 3 3 1 1 1 1 1 1 1 1 1 1 1 1 4 1 1 88 1 1 1 1 1 1 2 1 3 1 1 5 1 1 1 1 3 89 1 2 1 48 1 1 1 1 1 1 1 1 1 3 2 2 19 2 1 1 1
1 34 9 1 1 2 1 1 1 2 1 1 1 1 1 1 2 2 4 1 2 1 1 4 1 1 1 1 1 1 1 1 1 1 7 1 29 2 1 12 5 1 1 1 5 3 1 4 1 1 1 5 3 1 1 1 1 2 1 2 1 2 1 1 1 1 1 1 1 1 1 1 2 1 3 2 1 1 1 1 3 1 1 1 1 1 2 1 2 40 3 79 26 1 2 1 2 1 1 5
2 1 1 1 1 1 3 2 1 1 3 1 15 1 6 1 1 85 1 1 1 8 1 1 1 1 1 1 3 1 1 1 1 1 1 1 50 1 2 2 1 1 1 1 1 1 1 1 1 3 3 1 6 1 1 13 2 2 2 1 1 1 1 1 1 3 3 1 2 1 1 1 1 4 1 3 2 1 1 1 3 5 1 1 1 1 89 1 15 1 1 1 2 3 1 1 5 1 1 1
1 1 1 17 3 2 1 1 2 1 1 1 1 2 1 1 1 2 9 2 1 1 1 1 1 1 1 1 1 3 1 3 2 1 1 2 3 1 2 1 1 1 5 1 8 2 1 1 1 1 1 1 1 2 1 2 10 1 6 2 1 2 3 15 1 1 1 1 2 1 1 8 1 1 1 2 1 3 4 1 1 2 2 1 42 1 1 2 1 11 8 1 5 1 1 1 9 6 1 1
1 2 1 1 1 6 1 1 1 1 1 1 1 2 1 1 1 1 1 2 1 3 1 2 1 1 1 1 2 3 1 1 1 1 1 1 2 1 3 2 1 1 1 7 1 1 2 1 2 1 10 5 1 1 1 2 1 2 1 3 1 1 15 1 3 6 7 1 3 1 1 1 13 1 1 35 1 1 1 1 1 2 2 1 2 1 1 1 1 2 9 4 1 1 1 1 1 1 1 1
3 1 1 1 3 1 2 1 1 1 1 1 1 17 1 1 1 1 1 5 1 1 1 1 1 5 1 1 2 2 1 2 1 2 2 2 15 1 2 1 1 1 1 1 1 4 4 1 1 1 1 1 4 1 2 1 1 2 1 51 1 1 1 1 1 1 1 1 1 1 1 1 1 1 1 5 1 2 1 1 1 1 2 3 31 2 2 1 1 1 1 1 1 1 1 1 4 2 2 3
32 1 6 1 3 5 1 6 1 1 1 1 1 2 1 1 5 1 1 1 1 1 1 1 1 1 1 1 1 1 3 1 5 1 1 12 2 16 5 1 1 1 1 1 1 1 1 1 1 1 3 1 75 1 1 1 1 1 1 1 2 1 1 1 1 1 2 2 1 1 1 2 1 33 4 2 1 1 2 1 1 2 1 1 1 4 1 1 2 22 1 1 1 1 1 1 2 1 1 1
2 1 3 1 1 1 1 9 1 1 1 1 1 1 1 2 3 1 2 1 1 1 1 3 1 5 1 1 1 1 1 2 1 1 2 1 1 2 1 1 2 1 1 2 1 3 1 4 1 2 2 5 1 20 1 12 1 1 5 1 1 4 2 1 5 1 1 2 1 1 2 1 3 1 1 1 1 2 1 1 1 4 1 2 1 12 1 5 1 2 2 1 2 1 1 1 2 1 1 2
2 1 1 1 1 1 1 1 2 1 2 2 1 1 1 1 1 1 1 1 1 1 1 1 12 1 1 1 1 1 3 1 1 1 2 1 1 24 3 1 1 1 2 1 1 4 1 2 1 1 1 1 1 2 1 1 1 1 1 1 1 2 3 3 1 3 1 1 1 1 2 1 1 4 1 1 1 1 1 1 18 1 1 1 1 1 14 3 1 1 1 1 1 2 2 1 1 1 1 7
2 1 1 1 1 1 1 1 5 1 1 4 13 2 1 1 2 1 1 1 1 1 17 2 2 1 1 1 19 1 2 1 1 1 1 1 1 1 1 4 1 4 1 2 1 1 1 1 1 1 2 2 3 2 3 1 5 1 1 2 1 1 2 1 1 1 5 1 1 1 1 1 3 2 2 1 1 3 1 1 4 1 1 4 1 1 4 1 1 13 1 1 12 1 1 1 1 1 1 1
1 1 1 3 9 1 1 1 1 1 2 1 2 1 1 1 1 2 4 2 1 1 1 2 3 1 2 3 1 1 1 1 1 2 1 1 1 1 4 2 1 1 1 1 1 1 4 1 5 33 1 1 1 1 1 1 10 3 1 1 1 2 7 1 2 1 1 1 3 1 1 1 1 5 1 1 1 1 2 4 2 1 1 2 1 1 1 1 1 1 3 1 1 1 2 1 1 1 1 3
1 1 1 1 2 1 1 1 3 1 8 2 15 1 1 1 1 1 3 2 1 3 1 1 1 1 1 1 1 1 2 1 3 1 1 1 1 1 3 1 11 1 2 5 1 1 1 1 2 4 1 1 1 1 1 1 1 5 20 3 8 4 2 2 11 1 2 1 1 2 1 2 1 2 2 1 1 1 4 1 2 1 2 1 3 1 2 1 3 7 1 3 1 1 1 1 1 1 1 1
1 3 1 6 1 1 1 1 1 1 1 3 1 1 1 1 1 1 1 1 1 1 1 11 1 1 2 4 2 1 2 1 19 1 1 2 21 2 3 1 1 1 1 1 1 1 3 12 1 1 1 4 1 1 2 3 1 1 1 1 1 2 1 2 10 1 1 1 26 1 2 11 2 3 1 1 1 1 2 1 1 1 1 1 1 6 2 1 1 2 1 12 1 1 3 9 2 1 1 4
4 2 1 1 1 1 1 2 6 1 1 1 1 1 16 1 1 1 1 1 1 2 1 5 1 5 2 1 1 2 3 5 1 1 1 1 1 1 13 1 4 6 8 1 29 1 2 1 1 2 1 55 1 1 1 2 1 1 1 1 2 1 3 1 2 1 1 1 1 1 1 1 1 1 1 2 1 1 1 1 3 1 1 1 1 1 1 2 1 1 1 1 1 1 1 1 2 1 1 1
1 2 15 2 1 1 1 3 1 9 3 3 1 1 1 1 1 4 1 1 1 8 2 1 26 1 2 1 1 1 1 1 2 9 1 1 1 1 1 1 1 1 1 8 2 3 1 1 1 1 1 1 1 1 2 1 1 1 2 1 1 1 1 1 1 1 6 1 2 1 6 4 9 1 11 1 1 1 1 1 2 6 1 2 1 1 1 4 1 1 1 2 1 2 1 1 86 1 4 2
1 5 1 1 1 1 3 1 1 1 3 1 1 1 5 1 2 10 1 35 7 51 1 2 1 1 6 1 1 1 1 10 1 2 1 1 1 1 1 2 1 1 1 2 1 3 1 1 1 1 1 1 1 1 1 1 1 1 1 1 1 65 3 1 2 1 1 9 2 1 1 2 1 1 1 2 1 1 1 1 10 1 1 11 2 1 1 1 1 2 1 4 1 1 5 1 1 4 1 1
1 2 6 1 1 1 1 1 1 10 1 1 1 1 1 5 1 27 1 1 1 2 1 5 3 1 1 1 2 1 2 2 4 1 3 4 1 2 2 1 1 1 1 3 1 1 1 1 1 2 1 1 1 1 2 3 2 1 1 1 1 1 6 4 1 1 1 2 1 1 2 1 1 2 2 8 1 1 1 1 1 1 1 1 5 1 1 1 5 1 1 1 1 1 18 1 1 1 4 2
3 1 3 1 1 1 1 1 1 1 5 16 1 1 1 3 1 1 24 3 2 1 1 32 2 1 1 1 1 1 1 1 1 1 1 5 2 1 1 1 1 1 1 85 2 1 2 3 1 1 1 1 1 1 3 1 1 2 1 3 2 1 1 2 1 1 1 3 1 1 1 1 1 3 1 1 1 1 1 1 1 1 8 2 1 2 1 1 1 1 1 1 1 9 1 1 5 14 8 1
2 1 1 1 1 1 1 1 1 1 1 3 2 4 2 1 2 1 2 5 1 1 2 1 1 8 1 7 1 8 1 1 1 1 1 12 1 3 1 1 2 4 3 1 1 3 1 1 4 3 1 1 2 1 5 1 1 1 1 1 3 5 32 1 1 1 1 1 1 1 2 1 2 10 1 1 1 1 1 1 1 3 1 3 1 1 1 1 1 1 1 1 2 1 1 1 1 1 1 4
1 2 51 1 1 20 1 8 3 3 1 1 1 3 2 2 1 1 2 1 10 1 1 1 1 1 2 2 1 1 8 1 1 3 1 1 8 1 1 1 1 2 2 1 2 1 1 10 7 1 1 1 1 2 1 5 1 4 1 4 11 11 4 1 11 1 1 2 4 2 1 1 1 1 1 1 1 1 2 2 1 1 1 1 1 1 1 16 1 1 84 1 3 1 1 2 1 57 1 1
1 1 1 4 7 1 1 1 3 1 2 8 1 1 1 1 1 1 4 1 1 1 2 2 3 3 1 1 1 1 10 1 1 3 1 2 3 1 14 1 1 1 8 12 2 1 1 7 1 1 1 1 12 1 1 1 2 4 1 1 2 1 3 1 2 1 1 3 1 1 1 2 2 3 6 1 3 1 4 4 1 1 2 3 16 1 1 1 1 1 26 2 1 1 1 1 1 1 1 3
1 2 1 3 1 1 6 1 2 1 1 1 1 1 4 1 2 2 1 1 1 1 1 1 1 1 1 1 1 1 1 2 3 1 1 4 1 1 1 4 1 1 9 1 1 1 1 2 1 1 1 30 1 1 4 2 1 3 1 2 1 1 2 1 1 1 1 1 1 8 2 1 2 3 1 7 4 1 1 1 1 1 1 8 33 2 1 26 16 1 1 1 1 1 3 4 1 1 2 13
1 1 1 1 12 1 2 20 2 2 1 1 1 19 1 1 35 1 1 1 28 3 1 1 1 3 3 2 1 2 1 1 1 3 1 1 5 1 3 1 1 1 2 1 1 2 2 1 1 2 2 1 1 1 2 1 5 1 1 2 1 4 25 1 31 6 24 2 1 5 1 1 1 1 1 1 3 1 1 1 1 17 1 9 2 1 1 1 1 1 1 4 1 1 1 3 18 1 1 61
16 1 1 1 1 1 2 1 1 1 1 1 1 6 1 3 1 1 11 2 1 3 1 3 1 1 4 2 11 1 2 1 7 1 1 2 1 2 1 3 1 1 1 2 1 5 2 1 1 1 13 1 1 1 2 11 1 5 1 1 22 5 2 1 1 1 1 1 1 1 1 1 1 3 19 6 1 2 1 1 1 1 1 2 1 1 1 1 3 1 2 1 1 2 1 1 5 1 1 2
2 2 2 1 3 1 1 3 1 3 1 1 1 1 2 1 1 1 1 1 2 1 1 1 1 2 11 1 1 1 1 1 6 1 3 2 1 3 1 1 1 1 1 1 1 1 2 1 2 3 2 1 1 1 1 1 8 3 1 1 1 2 2 1 1 1 1 1 1 1 1 1 1 1 1 3 1 1 7 1 1 3 1 2 2 1 1 2 1 1 1 1 2 1 7 1 1 25 1 1
15 1 1 1 1 1 1 1 1 1 1 1 3 2 1 1 4 3 1 2 1 6 3 1 1 7 1 1 1 1 14 1 1 8 1 1 1 1 1 1 17 77 2 1 1 8 1 5 1 1 3 1 1 1 9 2 3 2 6 13 1 1 5 1 1 2 2 13 2 1 1 1 2 1 38 1 2 1 3 1 1 1 1 1 2 2 1 3 1 2 2 1 3 2 1 1 1 1 36 2
1 2 1 2 2 1 1 2 1 4 1 1 1 17 1 1 1 1 1 1 1 3 1 1 3 1 1 1 2 1 1 4 17 1 2 1 1 3 2 1 3 1 1 7 6 2 4 1 1 1 1 1 1 8 1 1 1 1 1 4 1 1 1 1 3 1 1 1 5 5 1 3 1 1 1 3 1 1 2 7 1 1 1 1 2 1 1 1 1 1 12 1 10 2 1 1 1 8 4 2
1 1 7 1 1 2 1 1 1 13 3 4 1 1 1 1 2 1 5 1 1 4 2 15 1 3 6 1 5 1 1 2 1 1 6 29 1 1 2 1 1 1 1 1 1 1 3 1 2 2 1 1 1 1 1 2 4 2 1 1 2 3 4 1 1 2 93 8 1 1 1 8 2 1 1 1 1 1 1 6 3 7 1 1 3 2 1 11 1 1 1 1 4 1 1 1 1 1 1 23
1 3 9 1 1 1 1 1 1 1 5 2 1 3 1 1 1 1 9 1 1 1 1 1 1 1 5 1 1 4 1 1 5 1 1 3 1 24 1 5 1 1 1 1 1 2 1 1 1 1 1 3 1 1 1 2 1 6 1 1 2 3 1 13 1 1 1 5 1 2 1 1 1 1 5 1 1 10 1 1 7 2 2 1 1 1 1 1 1 1 2 3 1 3 1 1 1 1 1 1
2 1 1 1 1 1 1 5 1 1 9 4 2 2 1 1 1 4 1 1 1 3 1 1 1 1 1 1 63 1 1 4 1 1 2 4 1 1 1 1 1 1 1 1 2 3 1 1 1 1 1 2 1 1 1 1 1 1 2 1 1 1 1 4 1 1 1 1 1 2 34 1 1 1 1 2 2 1 3 1 1 1 19 1 1 1 1 2 1 1 3 3 1 2 14 1 1 99 6 1
1 2 1 1 1 2 60 4 2 1 1 1 1 1 1 1 1 2 6 4 1 1 1 1 1 6 1 8 2 2 1 1 1 2 1 1 2 4 2 1 1 1 1 1 1 2 2 1 1 1 1 8 4 1 3 8 1 1 10 7 1 7 3 10 1 11 1 1 1 1 2 1 1 1 1 1 1 1 1 4 1 1 1 3 1 3 2 3 7 1 2 1 3 6 93 32 1 1 8 15
1 1 1 1 1 1 2 1 19 2 11 2 1 1 1 1 6 50 1 1 1 4 2 1 1 1 1 1 1 3 7 1 1 1 4 1 1 1 1 1 1 20 9 1 3 1 1 1 3 1 1 1 2 5 2 1 3 19 6 1 1 1 64 2 1 1 1 3 1 1 2 1 1 1 1 1 1 3 1 1 2 1 2 1 2 1 1 2 1 9 1 36 1 24 1 1 1 1 1 1
2 1 1 1 1 1 1 5 1 1 2 2 1 1 1 1 1 2 1 1 1 1 1 1 1 1 1 9 1 1 1 2 1 1 3 1 1 1 2 1 27 12 1 1 4 1 1 1 2 1 1 1 1 1 2 1 1 1 1 3 3 1 1 2 1 1 2 1 1 20 1 8 3 2 1 2 1 1 1 1 1 1 3 3 1 1 1 2 1 6 1 2 2 1 1 1 2 1 2 1
3 1 5 1 2 5 1 6 1 1 1 1 2 1 1 3 1 2 1 1 1 1 5 2 1 10 2 1 5 1 1 1 1 1 1 2 1 4 1 2 1 1 2 1 1 1 2 7 4 1 1 1 1 3 1 2 1 5 1 1 2 45 1 1 1 1 1 1 7 1 1 1 1 1 1 1 1 1 1 2 3 1 4 1 1 1 1 1 1 3 1 6 2 3 1 1 2 1 1 1
1 1 4 1 3 2 6 5 5 1 3 1 1 6 1 3 1 2 1 1 2 1 5 1 1 1 1 1 1 1 1 9 1 4 2 2 1 4 1 1 1 2 3 1 3 1 1 2 2 2 3 13 2 2 2 1 1 1 2 1 2 1 1 13 3 4 2 1 2 1 2 2 1 2 1 1 1 1 1 1 3 2 3 3 2 1 1 2 1 2 1 3 1 1 3 1 1 1 1 1
