50 100 1
40
29 49 791719050
22 31 137455704
16 26 300924123
29 40 733757857
11 8 946095198
5 37 424223972
25 15 62997803
33 16 992560320
27 7 209288156
29 23 597392975
18 7 237899728
35 28 699026493
36 31 806820194
40 30 894837256
21 1 521687373
32 41 204813459
1 35 444267647
6 7 406678638
26 12 436934446
1 32 154078423
29 1 563860449
24 29 861797222
29 44 476472805
14 10 52522611
24 39 124812972
27 10 255249945
28 4 942031827
36 48 284953323
35 42 565734119
14 39 739652341
1 10 265648270
21 28 101291111
29 21 524648895
29 16 167248809
40 35 186997947
33 42 200571988
12 42 620773287
14 22 313294826
35 45 420192935
45 28 996070023
29 43 118416119
1 18 218082564
21 18 303939662
18 47 567989642
40 14 309551900
21 48 168544695
33 21 113866972
1 30 401843352
21 45 204660834
23 11 939281586
24 22 915688177
12 31 402254531
27 8 485393669
7 49 475833516
5 8 79327586
26 50 449473877
4 41 593853379
16 30 738379398
40 9 460205874
21 2 637226946
25 34 684375418
33 7 955049434
25 47 966007221
21 9 74063533
20 31 489133155
29 26 519619180
33 23 353896114
16 10 814554491
29 14 214961819
41 43 670142004
33 4 247543902
1 46 764341531
26 20 396216962
18 19 337201292
24 4 514199398
20 25 918441651
6 23 369014303
40 4 809731558
24 6 597975145
14 36 308838334
38 2 362402902
49 44 179084226
24 5 135177966
6 35 311925328
21 12 355994627
24 33 257580580
28 50 928177143
7 17 84632816
26 49 940570174
40 38 948220412
16 27 835494589
23 21 802980792
26 3 216916173
38 20 775759901
39 13 342255147
16 45 228016520
19 41 682105197
38 3 760796408
48 15 470026611
28 32 247358066
