50 100 1
3
22 16 662800728
48 41 612738264
42 7 827155074
36 2 510161319
44 4 836697835
48 6 945242801
47 40 762817453
13 10 966314946
39 3 799797496
22 38 501117039
41 42 460341191
32 5 566498018
33 15 446813702
36 14 470442093
36 16 95566814
3 38 314166785
41 19 706598084
21 22 83026726
26 43 535478154
24 1 714113787
41 26 583637434
12 23 415775967
46 43 538070627
36 27 772007794
21 37 852034395
38 10 589271149
41 20 237227951
26 22 538479708
49 45 881582557
20 7 825649728
39 12 232604496
36 23 519331104
36 41 38112959
49 44 449754781
38 13 135857043
16 31 738654127
36 17 307086083
36 22 766382156
36 7 41563620
21 3 18189646
38 14 404686377
36 1 514876008
32 9 629666266
26 30 487378855
50 10 136625428
48 26 11342231
47 2 645618531
17 40 105447867
24 27 629942710
12 45 129725811
30 2 170335324
44 17 389298419
31 37 178514908
36 21 565449367
21 11 862832203
31 32 376165061
39 35 18600998
36 50 930924062
35 8 675352529
41 16 193849091
41 49 574793317
4 47 446917639
21 39 908765228
28 44 903746440
31 30 39898532
31 35 613572749
28 4 367832679
4 25 978219590
42 11 212192118
21 16 783809846
36 43 931239109
20 29 76232767
20 28 502127213
26 15 946471289
36 10 382930224
26 39 669381728
23 33 55380118
21 24 245017252
48 31 497741985
38 34 979963646
31 24 329584391
20 17 342015002
41 21 210039594
37 30 304905587
20 46 502047688
22 32 181314945
47 11 652269514
21 33 694108079
21 47 790090481
36 37 505343822
49 3 195125140
36 20 515252038
24 45 317644310
4 40 80702189
36 48 193050244
35 18 886955072
3 31 644859503
37 29 264593123
48 11 960661512
12 50 593328703
